EconomicImpacts/geographical_plots/GIS_data/automation/45-p1.asc
NCOLS 500
NROWS 500
XLLCORNER -89.604597
YLLCORNER 43.047075
DX 0.00080122434
DY 0.00049420515
NODATA_VALUE -9999
[rows 25 to 49 of 500, columns 228 to 284 of 500]
-16.26376 -16.250393 -16.237179 -16.224016 -16.210608 -16.196443 -16.180779 -16.162514 -16.139635 -16.107647 -16.059155 -16.015165 -16.041947 -16.083031 -16.103523 -16.112006 -16.114603 -16.113835 -16.110872 -16.107136 -16.106652 -16.112907 -16.119515 -16.119632 -16.115018 -16.109693 -16.105338 -16.102021 -16.099402 -16.097194 -16.095244 -16.093518 -16.092083 -16.091103 -16.090836 -16.091607 -16.093742 -16.097518 -16.103202 -16.111189 -16.122345 -16.13913 -16.168364 -16.215635 -16.231606 -16.189986 -16.15855 -16.146325 -16.145299 -16.150852 -16.158043 -16.158422 -16.153555 -16.149688 -16.147208 -16.145425 -16.143854
-16.260718 -16.247408 -16.23436 -16.221521 -16.20857 -16.194912 -16.179754 -16.162062 -16.140118 -16.110605 -16.070058 -16.03746 -16.054768 -16.084931 -16.101417 -16.108585 -16.110581 -16.109051 -16.104389 -16.097076 -16.0927 -16.098557 -16.105658 -16.107234 -16.105 -16.101821 -16.099017 -16.096753 -16.09485 -16.093154 -16.091607 -16.090244 -16.089168 -16.088555 -16.088635 -16.089689 -16.092019 -16.095943 -16.101822 -16.110095 -16.1214 -16.13746 -16.164595 -16.21038 -16.226549 -16.186768 -16.157339 -16.146665 -16.147315 -16.155311 -16.165732 -16.165669 -16.159406 -16.155842 -16.153934 -16.152938 -16.152424
-16.257306 -16.243948 -16.230986 -16.218481 -16.206096 -16.193101 -16.178627 -16.16178 -16.141446 -16.116183 -16.086666 -16.066213 -16.072475 -16.088552 -16.099483 -16.105011 -16.106467 -16.104433 -16.098671 -16.088712 -16.081498 -16.088211 -16.095086 -16.096446 -16.095232 -16.093629 -16.092279 -16.091109 -16.089962 -16.088785 -16.087615 -16.086554 -16.085747 -16.085383 -16.085692 -16.086936 -16.08942 -16.09351 -16.099649 -16.108316 -16.119792 -16.134147 -16.154208 -16.185209 -16.197224 -16.173343 -16.152885 -16.145758 -16.148366 -16.157792 -16.16912 -16.168888 -16.164299 -16.16232 -16.161195 -16.161195 -16.16221
-16.253504 -16.239939 -16.226924 -16.214749 -16.203085 -16.190954 -16.177312 -16.161417 -16.142748 -16.121249 -16.09923 -16.084447 -16.083257 -16.089576 -16.096379 -16.100903 -16.10219 -16.100082 -16.0943 -16.0845 -16.077538 -16.082988 -16.086682 -16.086195 -16.085202 -16.084982 -16.085142 -16.085138 -16.084778 -16.084113 -16.083285 -16.082466 -16.081847 -16.08164 -16.082082 -16.083436 -16.086018 -16.090247 -16.09668 -16.105928 -16.118137 -16.131576 -16.143956 -16.159617 -16.167683 -16.157744 -16.146901 -16.143952 -16.14851 -16.15823 -16.167572 -16.169223 -16.169898 -16.169881 -16.169186 -16.170283 -16.173609
-16.249314 -16.2353 -16.221977 -16.210092 -16.199388 -16.1884 -16.175721 -16.160728 -16.143319 -16.123983 -16.104819 -16.090164 -16.083663 -16.085216 -16.090985 -16.095949 -16.097653 -16.095871 -16.09095 -16.083762 -16.07932 -16.080293 -16.078408 -16.075068 -16.074158 -16.075653 -16.077612 -16.078896 -16.079344 -16.079166 -16.078633 -16.077993 -16.077485 -16.077351 -16.077842 -16.079228 -16.081833 -16.086128 -16.092821 -16.102822 -16.116719 -16.132141 -16.140333 -16.144308 -16.148099 -16.144952 -16.140863 -16.14162 -16.148084 -16.158421 -16.167949 -16.174318 -16.179284 -16.17945 -16.177991 -16.18018 -16.187218
-16.244777 -16.22997 -16.215875 -16.20414 -16.194794 -16.185381 -16.173799 -16.159567 -16.142871 -16.124078 -16.104126 -16.085278 -16.072991 -16.073779 -16.082686 -16.090063 -16.09279 -16.091509 -16.087534 -16.082557 -16.078994 -16.075233 -16.067833 -16.061365 -16.061205 -16.065446 -16.069747 -16.072465 -16.073711 -16.073972 -16.073672 -16.073141 -16.072664 -16.072518 -16.07298 -16.074322 -16.076853 -16.081078 -16.087886 -16.098592 -16.114694 -16.135104 -16.14406 -16.137965 -16.136412 -16.135465 -16.135367 -16.138999 -16.1474 -16.159748 -16.173794 -16.187505 -16.194119 -16.191496 -16.18737 -16.190579 -16.203755
-16.240014 -16.223971 -16.208298 -16.196343 -16.18905 -16.181894 -16.171541 -16.157904 -16.14148 -16.12215 -16.09903 -16.07184 -16.050327 -16.054229 -16.071722 -16.083537 -16.087641 -16.086728 -16.083157 -16.078715 -16.073966 -16.066193 -16.053489 -16.043349 -16.045545 -16.054415 -16.061739 -16.065964 -16.067936 -16.06855 -16.068408 -16.067907 -16.067371 -16.06712 -16.067475 -16.068704 -16.071052 -16.075001 -16.081623 -16.092628 -16.110075 -16.133811 -16.144776 -16.133684 -16.128456 -16.128154 -16.13039 -16.136138 -16.146422 -16.161792 -16.182929 -16.206564 -16.212975 -16.205699 -16.196629 -16.200669 -16.223453
-16.235258 -16.217563 -16.199087 -16.186062 -16.182001 -16.178062 -16.168986 -16.155759 -16.139408 -16.119247 -16.09221 -16.053683 -16.017286 -16.028511 -16.059974 -16.077121 -16.082362 -16.081397 -16.077542 -16.072492 -16.065948 -16.054743 -16.035898 -16.020197 -16.027338 -16.043228 -16.053962 -16.059537 -16.062063 -16.062913 -16.062838 -16.062277 -16.061575 -16.061107 -16.061273 -16.062348 -16.064421 -16.067813 -16.073789 -16.084467 -16.101527 -16.123286 -16.133703 -16.12605 -16.12135 -16.121904 -16.125684 -16.132937 -16.144775 -16.162977 -16.190733 -16.224838 -16.230101 -16.221342 -16.20454 -16.208978 -16.243845
-16.230864 -16.211457 -16.18896 -16.17339 -16.174139 -16.174231 -16.166167 -16.153114 -16.136884 -16.116424 -16.086975 -16.039616 -15.988604 -16.00774 -16.051409 -16.071814 -16.07714 -16.075475 -16.070714 -16.064579 -16.056652 -16.043364 -16.01887 -15.995742 -16.009915 -16.033478 -16.046915 -16.053314 -16.056113 -16.057049 -16.056949 -16.056231 -16.055229 -16.054388 -16.05427 -16.055209 -16.057 -16.059497 -16.06419 -16.074042 -16.089847 -16.107748 -16.117271 -16.115638 -16.114084 -16.116054 -16.121007 -16.129243 -16.142003 -16.161672 -16.192077 -16.228537 -16.244565 -16.23544 -16.209185 -16.213691 -16.256465
-16.227208 -16.206857 -16.180798 -16.161934 -16.167707 -16.170934 -16.163025 -16.149816 -16.133914 -16.114257 -16.085778 -16.039644 -15.990353 -16.008411 -16.049656 -16.068234 -16.072039 -16.068908 -16.062651 -16.0552 -16.046714 -16.033942 -16.009258 -15.983452 -16.000927 -16.027087 -16.040959 -16.047325 -16.05005 -16.050922 -16.050713 -16.049744 -16.048268 -16.046812 -16.046262 -16.047193 -16.048919 -16.050208 -16.052703 -16.061613 -16.076874 -16.092485 -16.1021 -16.10501 -16.106773 -16.110346 -16.116217 -16.124965 -16.137876 -16.157213 -16.185634 -16.217386 -16.244662 -16.23407 -16.208659 -16.213902 -16.252861
-16.224478 -16.204803 -16.178887 -16.159842 -16.166078 -16.168426 -16.159303 -16.145502 -16.130152 -16.112487 -16.08826 -16.052457 -16.018796 -16.027761 -16.0538 -16.066056 -16.066909 -16.061577 -16.053151 -16.043953 -16.035542 -16.026122 -16.009117 -15.991385 -16.003903 -16.024362 -16.035975 -16.041445 -16.043772 -16.044457 -16.044095 -16.042799 -16.040622 -16.038144 -16.036857 -16.038058 -16.040425 -16.040512 -16.039481 -16.04779 -16.064195 -16.07934 -16.089601 -16.095413 -16.099753 -16.104754 -16.111286 -16.120141 -16.132535 -16.150179 -16.174363 -16.200969 -16.221489 -16.216946 -16.203374 -16.210769 -16.239776
-16.222493 -16.205077 -16.183376 -16.167912 -16.168765 -16.166113 -16.154501 -16.139534 -16.124826 -16.11009 -16.091722 -16.06753 -16.047212 -16.048243 -16.059387 -16.064225 -16.06145 -16.053337 -16.041861 -16.029832 -16.02134 -16.016986 -16.010822 -16.004177 -16.010902 -16.023203 -16.031325 -16.03539 -16.037105 -16.037543 -16.037046 -16.035403 -16.032258 -16.028059 -16.025322 -16.0272 -16.031749 -16.031742 -16.026081 -16.034432 -16.053153 -16.068405 -16.079311 -16.087012 -16.09322 -16.099355 -16.106293 -16.114942 -16.12643 -16.141809 -16.161473 -16.182508 -16.197519 -16.198466 -16.19594 -16.206662 -16.230943
-16.220774 -16.206231 -16.189362 -16.176715 -16.171392 -16.162949 -16.147987 -16.130928 -16.116685 -16.105686 -16.093516 -16.078103 -16.065013 -16.061468 -16.06299 -16.061703 -16.055387 -16.044151 -16.028476 -16.011366 -16.001304 -16.002986 -16.007292 -16.009222 -16.014128 -16.021144 -16.026217 -16.028799 -16.029809 -16.030013 -16.029503 -16.027614 -16.023259 -16.016226 -16.010401 -16.013323 -16.022701 -16.025703 -16.017813 -16.025999 -16.044818 -16.059209 -16.070507 -16.079598 -16.087239 -16.094272 -16.101398 -16.109634 -16.120183 -16.133393 -16.149137 -16.165664 -16.178164 -16.183553 -16.188487 -16.203032 -16.230911
-16.218804 -16.206871 -16.193312 -16.181498 -16.171694 -16.158382 -16.139234 -16.118305 -16.103856 -16.097908 -16.092371 -16.083168 -16.073637 -16.067578 -16.063538 -16.057896 -16.048608 -16.034258 -16.013186 -15.987147 -15.971997 -15.981898 -15.997587 -16.006583 -16.012347 -16.017076 -16.020076 -16.021306 -16.021576 -16.021623 -16.021357 -16.019544 -16.013969 -16.002684 -15.99044 -15.994374 -16.012413 -16.022277 -16.019127 -16.025197 -16.038651 -16.050804 -16.062498 -16.072897 -16.0818 -16.089652 -16.096839 -16.104506 -16.114481 -16.126102 -16.13866 -16.152057 -16.163674 -16.172197 -16.181767 -16.199357 -16.233186
-16.21621 -16.206381 -16.194751 -16.18283 -16.170002 -16.152669 -16.128212 -16.100118 -16.083793 -16.085755 -16.088331 -16.08398 -16.076243 -16.068559 -16.061157 -16.052588 -16.04116 -16.024273 -15.997426 -15.957929 -15.931586 -15.95469 -15.984346 -15.999622 -16.007042 -16.011015 -16.01263 -16.012563 -16.011998 -16.011996 -16.012408 -16.011326 -16.005118 -15.988821 -15.965378 -15.969548 -16.000711 -16.018797 -16.022225 -16.025454 -16.031573 -16.041741 -16.054689 -16.066674 -16.076839 -16.085634 -16.092987 -16.099798 -16.110029 -16.121182 -16.130836 -16.141756 -16.153006 -16.163581 -16.17588 -16.194424 -16.22719
-16.212739 -16.204732 -16.194344 -16.182152 -16.167305 -16.146694 -16.116139 -16.076369 -16.054829 -16.069788 -16.082533 -16.082119 -16.075092 -16.065942 -16.056155 -16.045646 -16.033092 -16.015019 -15.984309 -15.931639 -15.890076 -15.929581 -15.97167 -15.991025 -15.999677 -16.003347 -16.003789 -16.002202 -16.000485 -16.000524 -16.002275 -16.002981 -15.997641 -15.978394 -15.943573 -15.947058 -15.990841 -16.014588 -16.02082 -16.020096 -16.019665 -16.030562 -16.046774 -16.060781 -16.072181 -16.082187 -16.090452 -16.095723 -16.10744 -16.120382 -16.126346 -16.134348 -16.145129 -16.157065 -16.171114 -16.188843 -16.213211
-16.208194 -16.202122 -16.192776 -16.180477 -16.164445 -16.14168 -16.106224 -16.053726 -16.024057 -16.054954 -16.077041 -16.07892 -16.071521 -16.060556 -16.048578 -16.03674 -16.024214 -16.006967 -15.976974 -15.923398 -15.879191 -15.920939 -15.962819 -15.982117 -15.991083 -15.99444 -15.993541 -15.989773 -15.986133 -15.986209 -15.990302 -15.994268 -15.991987 -15.975369 -15.94227 -15.945551 -15.987839 -16.01127 -16.016721 -16.009413 -16.000845 -16.017195 -16.039084 -16.055184 -16.067498 -16.078662 -16.089575 -16.093093 -16.10683 -16.12538 -16.12539 -16.129231 -16.139225 -16.152226 -16.1682 -16.18579 -16.20126
-16.202517 -16.198829 -16.190526 -16.178361 -16.161928 -16.138622 -16.102391 -16.047323 -16.015491 -16.050421 -16.073888 -16.075253 -16.066235 -16.052683 -16.038031 -16.025091 -16.013871 -15.99965 -15.975019 -15.934835 -15.905482 -15.929114 -15.956886 -15.972705 -15.981512 -15.984577 -15.981942 -15.974723 -15.967504 -15.967413 -15.975503 -15.984659 -15.9875 -15.978454 -15.959488 -15.963288 -15.991559 -16.009667 -16.012808 -15.999022 -15.981322 -16.005716 -16.032676 -16.049894 -16.062391 -16.07346 -16.08717 -16.092393 -16.106458 -16.130084 -16.125207 -16.125407 -16.134572 -16.148599 -16.167697 -16.189459 -16.199826
-16.196101 -16.195198 -16.187884 -16.176037 -16.159858 -16.137606 -16.105295 -16.061415 -16.037352 -16.058301 -16.07335 -16.071399 -16.059563 -16.042248 -16.023564 -16.00919 -16.000844 -15.991783 -15.974386 -15.948423 -15.930539 -15.935896 -15.948739 -15.961432 -15.97089 -15.974048 -15.969223 -15.956519 -15.942393 -15.94154 -15.956701 -15.973628 -15.982889 -15.982295 -15.976256 -15.980752 -15.997081 -16.009273 -16.010777 -15.996909 -15.979813 -16.003167 -16.028284 -16.044747 -16.056725 -16.065142 -16.077221 -16.088249 -16.102685 -16.12237 -16.121104 -16.121663 -16.130466 -16.145395 -16.168533 -16.200656 -16.211356
-16.19014 -16.191618 -16.184993 -16.17351 -16.157998 -16.13772 -16.111253 -16.080916 -16.064127 -16.069618 -16.073748 -16.067225 -16.051732 -16.029114 -16.003629 -15.986405 -15.983424 -15.982115 -15.97155 -15.952911 -15.935799 -15.927957 -15.932528 -15.946648 -15.959158 -15.963269 -15.956019 -15.935229 -15.908066 -15.905149 -15.933244 -15.961227 -15.977341 -15.983587 -15.985386 -15.99078 -16.000976 -16.009214 -16.01054 -16.002292 -15.994307 -16.007683 -16.024543 -16.039136 -16.0509 -16.054651 -16.060817 -16.079148 -16.095533 -16.110132 -16.114015 -16.117372 -16.126299 -16.141551 -16.167091 -16.207482 -16.220729
-16.186276 -16.188363 -16.181843 -16.170635 -16.155925 -16.137697 -16.116167 -16.094475 -16.080783 -16.077114 -16.073252 -16.062569 -16.04319 -16.013658 -15.97656 -15.952777 -15.959926 -15.970358 -15.965812 -15.948391 -15.9234 -15.900547 -15.903551 -15.927444 -15.946627 -15.952836 -15.94357 -15.913014 -15.864408 -15.857221 -15.907157 -15.948681 -15.970963 -15.98201 -15.988273 -15.994703 -16.002472 -16.008798 -16.010766 -16.007577 -16.004886 -16.009499 -16.018028 -16.031896 -16.045498 -16.046902 -16.047657 -16.070301 -16.087915 -16.100364 -16.106976 -16.112642 -16.121699 -16.136286 -16.160236 -16.195422 -16.206976
-16.184967 -16.185353 -16.178249 -16.167168 -16.153211 -16.136569 -16.118052 -16.100364 -16.08739 -16.079287 -16.071015 -16.05751 -16.034824 -15.99777 -15.943276 -15.905559 -15.931003 -15.957842 -15.95848 -15.938882 -15.899572 -15.85201 -15.859741 -15.905136 -15.934256 -15.943404 -15.933541 -15.895864 -15.824828 -15.812231 -15.886295 -15.938327 -15.964377 -15.978297 -15.987176 -15.994666 -16.001845 -16.007605 -16.010334 -16.009573 -16.007039 -16.003478 -16.004722 -16.02156 -16.040136 -16.04581 -16.047416 -16.065671 -16.081755 -16.093195 -16.100963 -16.107797 -16.116604 -16.129657 -16.149269 -16.173348 -16.181991
-16.184788 -16.182069 -16.173824 -16.162786 -16.149527 -16.133853 -16.116506 -16.099827 -16.086523 -16.076708 -16.06691 -16.052318 -16.027833 -15.985495 -15.914285 -15.857602 -15.905651 -15.94757 -15.951391 -15.929029 -15.874874 -15.794091 -15.811587 -15.885264 -15.923567 -15.935405 -15.927049 -15.890759 -15.819492 -15.80648 -15.881124 -15.932036 -15.957985 -15.973047 -15.983492 -15.99201 -15.999482 -16.005452 -16.008898 -16.008932 -16.004104 -15.990232 -15.982206 -16.008019 -16.033843 -16.045712 -16.051453 -16.063975 -16.077223 -16.087829 -16.095989 -16.103128 -16.111212 -16.122373 -16.137672 -16.153862 -16.161183
-16.184016 -16.177683 -16.167927 -16.15707 -16.144665 -16.129455 -16.111682 -16.093777 -16.079383 -16.069734 -16.060968 -16.047213 -16.023085 -15.980908 -15.909263 -15.850864 -15.900736 -15.942332 -15.94574 -15.922526 -15.864549 -15.772856 -15.794173 -15.87597 -15.915785 -15.928731 -15.923549 -15.896897 -15.849843 -15.842287 -15.890758 -15.928986 -15.951397 -15.966389 -15.977859 -15.987407 -15.995638 -16.002309 -16.006577 -16.007079 -16.000333 -15.97759 -15.959841 -15.99633 -16.027385 -16.042861 -16.051923 -16.062337 -16.073626 -16.083656 -16.091966 -16.098939 -16.105875 -16.115222 -16.127597 -16.13992 -16.147309
-16.181612 -16.171154 -16.159531 -16.149433 -16.138544 -16.123571 -16.103848 -16.082171 -16.065372 -16.057865 -16.053103 -16.04221 -16.02043 -15.983591 -15.928913 -15.889977 -15.916099 -15.941374 -15.941417 -15.920002 -15.872852 -15.809566 -15.821836 -15.878564 -15.910481 -15.922598 -15.921011 -15.905739 -15.882174 -15.878847 -15.902316 -15.925631 -15.94336 -15.958013 -15.970438 -15.981109 -15.990419 -15.998181 -16.003565 -16.00502 -15.99885 -15.977546 -15.961782 -15.994287 -16.022395 -16.038226 -16.049199 -16.059667 -16.070332 -16.080265 -16.088885 -16.095661 -16.101068 -16.108791 -16.119658 -16.130681 -16.139251
