EconomicImpacts/geographical_plots/GIS_data/automation/45-p1.asc
NCOLS 500
NROWS 500
XLLCORNER -89.604597
YLLCORNER 43.047075
DX 0.00080122434
DY 0.00049420515
NODATA_VALUE -9999
[rows 275 to 299 of 500, columns 171 to 227 of 500]
-16.823273 -16.807344 -16.793889 -16.784783 -16.77952 -16.775469 -16.770068 -16.762047 -16.751363 -16.737955 -16.717013 -16.681055 -16.693166 -16.7312 -16.75275 -16.764195 -16.769659 -16.770723 -16.76742 -16.760071 -16.759328 -16.766423 -16.768331 -16.766792 -16.765177 -16.765225 -16.768681 -16.779526 -16.797431 -16.794087 -16.76652 -16.73986 -16.718513 -16.700665 -16.684921 -16.670523 -16.657032 -16.644154 -16.631679 -16.619454 -16.60738 -16.595395 -16.583456 -16.571525 -16.559561 -16.547516 -16.535335 -16.522949 -16.510281 -16.497236 -16.483699 -16.469537 -16.45459 -16.438675 -16.421606 -16.403261 -16.383768
-16.833774 -16.820123 -16.808314 -16.799333 -16.792827 -16.787272 -16.780978 -16.772742 -16.76181 -16.746957 -16.723595 -16.684887 -16.697598 -16.736399 -16.758828 -16.770959 -16.776785 -16.778308 -16.776727 -16.774114 -16.77561 -16.778995 -16.778514 -16.776627 -16.775568 -16.776011 -16.778976 -16.789188 -16.809937 -16.806861 -16.775805 -16.747793 -16.726012 -16.707929 -16.691975 -16.677356 -16.663632 -16.650522 -16.63783 -16.625412 -16.61317 -16.601035 -16.588956 -16.576891 -16.564797 -16.552628 -16.54033 -16.527842 -16.515092 -16.501994 -16.488449 -16.47434 -16.459531 -16.44388 -16.427261 -16.409627 -16.391148
-16.842948 -16.830774 -16.819941 -16.811008 -16.803774 -16.797369 -16.790638 -16.782339 -16.771172 -16.755635 -16.735058 -16.715762 -16.721002 -16.746189 -16.766436 -16.778484 -16.784406 -16.786304 -16.786395 -16.788042 -16.793077 -16.793277 -16.789012 -16.786382 -16.786104 -16.787245 -16.789036 -16.794467 -16.807904 -16.804808 -16.778658 -16.753184 -16.732315 -16.7145 -16.698557 -16.683833 -16.66995 -16.656662 -16.643791 -16.631206 -16.618813 -16.606538 -16.59433 -16.582142 -16.569931 -16.557652 -16.545254 -16.532683 -16.519874 -16.506751 -16.493227 -16.479203 -16.464568 -16.449211 -16.433045 -16.416054 -16.398372
-16.850928 -16.839708 -16.829409 -16.820373 -16.812554 -16.805609 -16.798864 -16.79096 -16.779989 -16.764014 -16.743062 -16.728728 -16.736431 -16.756795 -16.775165 -16.786702 -16.792379 -16.794276 -16.795229 -16.799563 -16.80881 -16.806538 -16.798563 -16.795831 -16.797145 -16.799998 -16.800983 -16.799974 -16.801559 -16.796542 -16.777997 -16.75689 -16.737709 -16.720493 -16.704719 -16.68998 -16.675999 -16.662577 -16.649562 -16.636836 -16.624308 -16.611909 -16.599582 -16.587282 -16.574965 -16.562589 -16.550106 -16.537469 -16.524619 -16.511492 -16.498014 -16.484102 -16.469666 -16.454618 -16.438894 -16.42248 -16.405447
-16.857857 -16.847246 -16.837161 -16.827778 -16.819161 -16.811572 -16.805184 -16.798494 -16.788576 -16.772707 -16.748398 -16.724864 -16.742307 -16.766989 -16.78455 -16.795266 -16.800283 -16.801775 -16.80272 -16.807236 -16.817586 -16.81437 -16.806038 -16.804868 -16.809074 -16.815681 -16.817666 -16.81088 -16.802231 -16.792905 -16.777997 -16.760216 -16.742637 -16.726081 -16.710537 -16.695833 -16.681797 -16.668277 -16.655146 -16.642302 -16.629658 -16.617147 -16.604714 -16.592313 -16.579901 -16.567438 -16.554883 -16.542192 -16.529317 -16.516203 -16.50279 -16.48901 -16.474788 -16.460057 -16.444761 -16.428878 -16.412417
-16.86387 -16.853658 -16.843552 -16.833497 -16.823446 -16.814355 -16.808503 -16.804477 -16.797022 -16.782922 -16.76022 -16.739602 -16.754939 -16.77836 -16.794188 -16.803315 -16.806966 -16.808203 -16.809072 -16.811648 -16.817252 -16.815647 -16.811795 -16.813671 -16.822095 -16.835795 -16.842184 -16.829319 -16.810835 -16.795671 -16.780482 -16.764072 -16.747492 -16.731435 -16.716091 -16.701433 -16.687363 -16.673771 -16.66055 -16.647607 -16.634864 -16.622256 -16.609728 -16.597235 -16.584738 -16.572198 -16.559579 -16.546845 -16.533955 -16.520867 -16.507532 -16.493895 -16.4799 -16.465488 -16.450609 -16.43523 -16.419317
-16.869089 -16.859177 -16.848919 -16.837882 -16.825368 -16.812493 -16.806713 -16.80812 -16.805122 -16.794631 -16.77803 -16.765665 -16.774434 -16.791147 -16.803522 -16.809377 -16.80984 -16.812787 -16.814951 -16.815785 -16.816956 -16.81699 -16.817625 -16.822456 -16.835647 -16.860709 -16.876836 -16.854195 -16.823814 -16.802386 -16.785188 -16.768739 -16.752496 -16.736681 -16.721448 -16.706814 -16.692718 -16.67907 -16.665778 -16.652756 -16.63993 -16.627237 -16.614625 -16.60205 -16.589475 -16.576865 -16.564189 -16.551418 -16.53852 -16.525464 -16.512213 -16.498728 -16.484964 -16.470872 -16.456406 -16.44152 -16.42616
-16.873617 -16.864011 -16.853622 -16.84154 -16.825703 -16.805095 -16.797304 -16.80916 -16.812704 -16.806678 -16.796151 -16.789226 -16.793678 -16.804053 -16.812346 -16.813376 -16.808063 -16.816356 -16.821224 -16.821535 -16.821287 -16.822072 -16.824714 -16.831079 -16.84771 -16.885611 -16.916194 -16.878957 -16.8367 -16.810451 -16.791228 -16.774101 -16.757708 -16.74188 -16.726649 -16.712002 -16.697876 -16.684185 -16.670838 -16.657753 -16.644858 -16.632093 -16.619407 -16.606758 -16.594111 -16.581435 -16.568706 -16.555899 -16.542994 -16.529971 -16.516806 -16.503475 -16.489943 -16.476171 -16.462114 -16.44772 -16.432929
-16.877528 -16.86833 -16.858018 -16.845318 -16.826871 -16.797228 -16.784597 -16.810259 -16.820216 -16.818225 -16.812129 -16.808077 -16.810167 -16.816244 -16.821424 -16.820144 -16.813627 -16.82375 -16.828901 -16.828879 -16.828568 -16.829915 -16.833144 -16.839225 -16.855545 -16.897226 -16.934304 -16.890789 -16.845712 -16.818296 -16.797908 -16.77994 -16.763086 -16.747038 -16.731707 -16.717009 -16.702848 -16.689121 -16.675734 -16.662602 -16.649652 -16.636826 -16.624075 -16.611358 -16.598643 -16.585905 -16.573121 -16.560277 -16.547361 -16.534364 -16.52128 -16.508096 -16.494793 -16.48134 -16.467691 -16.453794 -16.439585
-16.880854 -16.872243 -16.862361 -16.849927 -16.831805 -16.802819 -16.790246 -16.817186 -16.828566 -16.829177 -16.825985 -16.823426 -16.82416 -16.827652 -16.831476 -16.832999 -16.833596 -16.837795 -16.838387 -16.837295 -16.837196 -16.839383 -16.842952 -16.847124 -16.858708 -16.889337 -16.914739 -16.885127 -16.850559 -16.825798 -16.804996 -16.78608 -16.76854 -16.752119 -16.73661 -16.721834 -16.707636 -16.693885 -16.680472 -16.667306 -16.654315 -16.641439 -16.628631 -16.615852 -16.603072 -16.590269 -16.577427 -16.564538 -16.551599 -16.538616 -16.525598 -16.512549 -16.499466 -16.486326 -16.473088 -16.459693 -16.446076
-16.883569 -16.875766 -16.866719 -16.855448 -16.840439 -16.822317 -16.817735 -16.830519 -16.837912 -16.839767 -16.838433 -16.836609 -16.836417 -16.838365 -16.841956 -16.847873 -16.857119 -16.854229 -16.84875 -16.84626 -16.846366 -16.850008 -16.854738 -16.855809 -16.860101 -16.875989 -16.888209 -16.875694 -16.855434 -16.834187 -16.812632 -16.792397 -16.773955 -16.757056 -16.741329 -16.726467 -16.712241 -16.698479 -16.685056 -16.671872 -16.658852 -16.645936 -16.633077 -16.620239 -16.607395 -16.594524 -16.581616 -16.568668 -16.555688 -16.542697 -16.529719 -16.516783 -16.503902 -16.491069 -16.478243 -16.465358 -16.45234
-16.885563 -16.878823 -16.870971 -16.861369 -16.849818 -16.839965 -16.840241 -16.842809 -16.847242 -16.850275 -16.850242 -16.848619 -16.847563 -16.848405 -16.85177 -16.859319 -16.871266 -16.865786 -16.858636 -16.855414 -16.855554 -16.861299 -16.86932 -16.866293 -16.862518 -16.868778 -16.876564 -16.876429 -16.866221 -16.845213 -16.820989 -16.798723 -16.779178 -16.761761 -16.745821 -16.730891 -16.716656 -16.702905 -16.68949 -16.676303 -16.663266 -16.650319 -16.637417 -16.624523 -16.611612 -16.598667 -16.585679 -16.572653 -16.559606 -16.546572 -16.533597 -16.520736 -16.50803 -16.495489 -16.483078 -16.470716 -16.458311
-16.88663 -16.881258 -16.874897 -16.867115 -16.857962 -16.849721 -16.846254 -16.848627 -16.855944 -16.861186 -16.862173 -16.860172 -16.858029 -16.857841 -16.860634 -16.866669 -16.872173 -16.871579 -16.86833 -16.864814 -16.864317 -16.871581 -16.885093 -16.877306 -16.866022 -16.868047 -16.879084 -16.892615 -16.887509 -16.859738 -16.829769 -16.804732 -16.784011 -16.76613 -16.750038 -16.735086 -16.720878 -16.707164 -16.693778 -16.680605 -16.667564 -16.654595 -16.641653 -16.628705 -16.615724 -16.602695 -16.589612 -16.576482 -16.56333 -16.550204 -16.537177 -16.524334 -16.511757 -16.499487 -16.487495 -16.47568 -16.463911
-16.886451 -16.882868 -16.878253 -16.872345 -16.865008 -16.856292 -16.848012 -16.85321 -16.865313 -16.873403 -16.875039 -16.871773 -16.86808 -16.866805 -16.869114 -16.874833 -16.880129 -16.883447 -16.879835 -16.87496 -16.872642 -16.87797 -16.892833 -16.883096 -16.868843 -16.870451 -16.889452 -16.922767 -16.918732 -16.875744 -16.837774 -16.80989 -16.788222 -16.770062 -16.753935 -16.739036 -16.724904 -16.711259 -16.697926 -16.684784 -16.671751 -16.658768 -16.645792 -16.632788 -16.619733 -16.606609 -16.59341 -16.580142 -16.566838 -16.553556 -16.540395 -16.527486 -16.514966 -16.502928 -16.491361 -16.480134 -16.469051
-16.884614 -16.883455 -16.880796 -16.876772 -16.871501 -16.864389 -16.857982 -16.863531 -16.877058 -16.887989 -16.889603 -16.883625 -16.877798 -16.875372 -16.877487 -16.885733 -16.901909 -16.906599 -16.893583 -16.886651 -16.881628 -16.88072 -16.887524 -16.880638 -16.86987 -16.872875 -16.898859 -16.950346 -16.94498 -16.886996 -16.843084 -16.813596 -16.791601 -16.773477 -16.757483 -16.742732 -16.728733 -16.715196 -16.70194 -16.688847 -16.675834 -16.662845 -16.649838 -16.636779 -16.623643 -16.610411 -16.597071 -16.583628 -16.57011 -16.556586 -16.543181 -16.530079 -16.517503 -16.505632 -16.494498 -16.483929 -16.473622
-16.880679 -16.882907 -16.882306 -16.879826 -16.876993 -16.873249 -16.870923 -16.876863 -16.890639 -16.905027 -16.905809 -16.895316 -16.887067 -16.883528 -16.885326 -16.895781 -16.922528 -16.928172 -16.906754 -16.901442 -16.893583 -16.884531 -16.881612 -16.876163 -16.869638 -16.873361 -16.898813 -16.947693 -16.942581 -16.886969 -16.844202 -16.815469 -16.79404 -16.776343 -16.760675 -16.746176 -16.732372 -16.718982 -16.70583 -16.692802 -16.679821 -16.666833 -16.653798 -16.640683 -16.62746 -16.614105 -16.600599 -16.586936 -16.573133 -16.559259 -16.545458 -16.531978 -16.519165 -16.50735 -16.496656 -16.486859 -16.477485
-16.874362 -16.881322 -16.882702 -16.880458 -16.880062 -16.880618 -16.882174 -16.88933 -16.903351 -16.920682 -16.920293 -16.905523 -16.895677 -16.891308 -16.892269 -16.90155 -16.924235 -16.928985 -16.918207 -16.923295 -16.911228 -16.892008 -16.881067 -16.874093 -16.869063 -16.871597 -16.889475 -16.919542 -16.91557 -16.876447 -16.841309 -16.815592 -16.795588 -16.77869 -16.763531 -16.749383 -16.735834 -16.722629 -16.709607 -16.69666 -16.683721 -16.67074 -16.657679 -16.644508 -16.631193 -16.617702 -16.604003 -16.590072 -16.575905 -16.561548 -16.54715 -16.533026 -16.519691 -16.507735 -16.49748 -16.488644 -16.480463
-16.865809 -16.87908 -16.882369 -16.877796 -16.879515 -16.885735 -16.891154 -16.899974 -16.913258 -16.926706 -16.926013 -16.913129 -16.903627 -16.898953 -16.898711 -16.904354 -16.91659 -16.92195 -16.932897 -16.95807 -16.935213 -16.901696 -16.883789 -16.874252 -16.868631 -16.8686 -16.877512 -16.890786 -16.8865 -16.862138 -16.836088 -16.814472 -16.796435 -16.780602 -16.766091 -16.75238 -16.739138 -16.726153 -16.713282 -16.700432 -16.687543 -16.674574 -16.661492 -16.648263 -16.634851 -16.621214 -16.607299 -16.593054 -16.578436 -16.563445 -16.548198 -16.533056 -16.518751 -16.506312 -16.496471 -16.488903 -16.482336
-16.855654 -16.876868 -16.88257 -16.874955 -16.87811 -16.889783 -16.898649 -16.909486 -16.923069 -16.930078 -16.928126 -16.919662 -16.911378 -16.906974 -16.905637 -16.907572 -16.913219 -16.921097 -16.948705 -16.995418 -16.956525 -16.909621 -16.887106 -16.875541 -16.868564 -16.865599 -16.867413 -16.870461 -16.865055 -16.849226 -16.830399 -16.812776 -16.796845 -16.782194 -16.768415 -16.755197 -16.742307 -16.729571 -16.71687 -16.704129 -16.691298 -16.678346 -16.665244 -16.651959 -16.638449 -16.624657 -16.61051 -16.595913 -16.580763 -16.564979 -16.548586 -16.531925 -16.515974 -16.502457 -16.492944 -16.487141 -16.482859
-16.84558 -16.87584 -16.884822 -16.878949 -16.882333 -16.894834 -16.905509 -16.918552 -16.937195 -16.951104 -16.940998 -16.927608 -16.919583 -16.916159 -16.914236 -16.913037 -16.914547 -16.922443 -16.95138 -16.994131 -16.957576 -16.912025 -16.889496 -16.877317 -16.869021 -16.863323 -16.860127 -16.857319 -16.850772 -16.8393 -16.825378 -16.811056 -16.79707 -16.783586 -16.770562 -16.757872 -16.745363 -16.732901 -16.720387 -16.707763 -16.694995 -16.682064 -16.668945 -16.655607 -16.642001 -16.628054 -16.613665 -16.598692 -16.58295 -16.566229 -16.548379 -16.529593 -16.511031 -16.495454 -16.48606 -16.482803 -16.48182
-16.842506 -16.877773 -16.889491 -16.888338 -16.891642 -16.901521 -16.912052 -16.926559 -16.952607 -16.983282 -16.959595 -16.936255 -16.928685 -16.927698 -16.926006 -16.921526 -16.918562 -16.922644 -16.940969 -16.962143 -16.940806 -16.909143 -16.890863 -16.879553 -16.87017 -16.861987 -16.855092 -16.848582 -16.841081 -16.832008 -16.821405 -16.809635 -16.797294 -16.784869 -16.77258 -16.760434 -16.748333 -16.736163 -16.723848 -16.711346 -16.698645 -16.685736 -16.672603 -16.659217 -16.645522 -16.631428 -16.616804 -16.601452 -16.585091 -16.567342 -16.547778 -16.526247 -16.503871 -16.484761 -16.475063 -16.475494 -16.479187
-16.85353 -16.884059 -16.896208 -16.898438 -16.901765 -16.908954 -16.918101 -16.932066 -16.958864 -16.990762 -16.966727 -16.943007 -16.939084 -16.943512 -16.94332 -16.933963 -16.92459 -16.922483 -16.929372 -16.935636 -16.923458 -16.904628 -16.892271 -16.882728 -16.872184 -16.861507 -16.851446 -16.842004 -16.83368 -16.82643 -16.818412 -16.808631 -16.79761 -16.786098 -16.774503 -16.762909 -16.751235 -16.739376 -16.727266 -16.71489 -16.702255 -16.689369 -16.676228 -16.662801 -16.649028 -16.634804 -16.619967 -16.604264 -16.58731 -16.568534 -16.547158 -16.522466 -16.495159 -16.47076 -16.460087 -16.465552 -16.475377
-16.87332 -16.894295 -16.904612 -16.908093 -16.911178 -16.916322 -16.923514 -16.934856 -16.9545 -16.973129 -16.960823 -16.947444 -16.951406 -16.966438 -16.969911 -16.951446 -16.932504 -16.923327 -16.921935 -16.920846 -16.912468 -16.90162 -16.895149 -16.88747 -16.875091 -16.861661 -16.848433 -16.835898 -16.826686 -16.821624 -16.816166 -16.808026 -16.798032 -16.787282 -16.776337 -16.765308 -16.754088 -16.742555 -16.730656 -16.718402 -16.705831 -16.69297 -16.679825 -16.666368 -16.652534 -16.638207 -16.623195 -16.607201 -16.589745 -16.570075 -16.547055 -16.519311 -16.486773 -16.456026 -16.443724 -16.454972 -16.47154
-16.894345 -16.906839 -16.914276 -16.917498 -16.919931 -16.923404 -16.928486 -16.936393 -16.948127 -16.957256 -16.953676 -16.951222 -16.965474 -16.998207 -17.008909 -16.973428 -16.941461 -16.92536 -16.918469 -16.913817 -16.907136 -16.90099 -16.899955 -16.893536 -16.878438 -16.862165 -16.845645 -16.829206 -16.818664 -16.816932 -16.814472 -16.807739 -16.798512 -16.788385 -16.778063 -16.767631 -16.756903 -16.745713 -16.734025 -16.721889 -16.709377 -16.696541 -16.683398 -16.669925 -16.656053 -16.641656 -16.626527 -16.610331 -16.592527 -16.572235 -16.548063 -16.518145 -16.481728 -16.445941 -16.432088 -16.447789 -16.469504
-16.913688 -16.920198 -16.92472 -16.926882 -16.928337 -16.93031 -16.933399 -16.938204 -16.944611 -16.949448 -16.950235 -16.95497 -16.978087 -17.030556 -17.050779 -16.993649 -16.949248 -16.92783 -16.917558 -16.91121 -16.905487 -16.901735 -16.90394 -16.898164 -16.88114 -16.862808 -16.843342 -16.822401 -16.809837 -16.812582 -16.813316 -16.80768 -16.798963 -16.789332 -16.77963 -16.769859 -16.759679 -16.748856 -16.737376 -16.725349 -16.712891 -16.700081 -16.686949 -16.673476 -16.659592 -16.645169 -16.629989 -16.613705 -16.595754 -16.575218 -16.550647 -16.520097 -16.482787 -16.446071 -16.431866 -16.448168 -16.471002
