EconomicImpacts/geographical_plots/GIS_data/automation/45-p1.asc
NCOLS 500
NROWS 500
XLLCORNER -89.604597
YLLCORNER 43.047075
DX 0.00080122434
DY 0.00049420515
NODATA_VALUE -9999
[rows 150 to 174 of 500, columns 228 to 284 of 500]
-16.102538 -16.098527 -16.088512 -16.076617 -16.062765 -16.042029 -16.010389 -15.978735 -15.975968 -15.980229 -15.956139 -15.962994 -15.991351 -16.001249 -15.997835 -15.985328 -15.964156 -15.932619 -15.891622 -15.867414 -15.864304 -15.811798 -15.778709 -15.843784 -15.886452 -15.906187 -15.912323 -15.908537 -15.895211 -15.870661 -15.836609 -15.812762 -15.822496 -15.84786 -15.868772 -15.882802 -15.889423 -15.885593 -15.865649 -15.830612 -15.825131 -15.853168 -15.86459 -15.856813 -15.830045 -15.769802 -15.689891 -15.712129 -15.79145 -15.840212 -15.862708 -15.870945 -15.87121 -15.866618 -15.858778 -15.848336 -15.834929
-16.103649 -16.100351 -16.091162 -16.078631 -16.061662 -16.034758 -15.989449 -15.935336 -15.942394 -15.975281 -15.971334 -15.976454 -15.995028 -16.002079 -15.997942 -15.98488 -15.962278 -15.926021 -15.870841 -15.837534 -15.859069 -15.832953 -15.81569 -15.851328 -15.885039 -15.903606 -15.909202 -15.904177 -15.88785 -15.854966 -15.80046 -15.7565 -15.783939 -15.834634 -15.867071 -15.88439 -15.891519 -15.888651 -15.87355 -15.850443 -15.845527 -15.858884 -15.861809 -15.85176 -15.829403 -15.78278 -15.723517 -15.739054 -15.801437 -15.843805 -15.864585 -15.872472 -15.872749 -15.868188 -15.860219 -15.849334 -15.834928
-16.105648 -16.101828 -16.092682 -16.079507 -16.060584 -16.029666 -15.973456 -15.893315 -15.909118 -15.970956 -15.985025 -15.990732 -16.000333 -16.003683 -15.998575 -15.985288 -15.962486 -15.925438 -15.867837 -15.832755 -15.858529 -15.841896 -15.831272 -15.854796 -15.88417 -15.901631 -15.906235 -15.899921 -15.881292 -15.840936 -15.760679 -15.681395 -15.737427 -15.820614 -15.864588 -15.885241 -15.893493 -15.892432 -15.882597 -15.868679 -15.862927 -15.863519 -15.856784 -15.843582 -15.828476 -15.80299 -15.772345 -15.780908 -15.819702 -15.851008 -15.868009 -15.874621 -15.874407 -15.869545 -15.861243 -15.849932 -15.834944
-16.107996 -16.103029 -16.093591 -16.08006 -16.060546 -16.029262 -15.97396 -15.897287 -15.912134 -15.973284 -15.993378 -15.999885 -16.004845 -16.005498 -15.99965 -15.986608 -15.965021 -15.931758 -15.886269 -15.859915 -15.862387 -15.825607 -15.804386 -15.847052 -15.882776 -15.900097 -15.903292 -15.895727 -15.87646 -15.834116 -15.740838 -15.636674 -15.712979 -15.814705 -15.864068 -15.88625 -15.89538 -15.896095 -15.890147 -15.880912 -15.873197 -15.864154 -15.846696 -15.827359 -15.820364 -15.816485 -15.8084 -15.815534 -15.838453 -15.859715 -15.872409 -15.877243 -15.876176 -15.870733 -15.861905 -15.850177 -15.835119
-16.110117 -16.103898 -16.094112 -16.080619 -16.061787 -16.03355 -15.989774 -15.940835 -15.947365 -15.983432 -15.99885 -16.004606 -16.007762 -16.007133 -16.001016 -15.988651 -15.969211 -15.941639 -15.90882 -15.886235 -15.867003 -15.802995 -15.766778 -15.838604 -15.882523 -15.899074 -15.900023 -15.890971 -15.873007 -15.836804 -15.75932 -15.677409 -15.736229 -15.822017 -15.866788 -15.887768 -15.897086 -15.899175 -15.895713 -15.88845 -15.878334 -15.861058 -15.829891 -15.797264 -15.799041 -15.818679 -15.828793 -15.838732 -15.85398 -15.868314 -15.877215 -15.880157 -15.878016 -15.871753 -15.862159 -15.849896 -15.835155
-16.111616 -16.104317 -16.094268 -16.081155 -16.063841 -16.040197 -16.009132 -15.981132 -15.980484 -15.994272 -16.000973 -16.005571 -16.009036 -16.008411 -16.002504 -15.991087 -15.974037 -15.95161 -15.926645 -15.904659 -15.876246 -15.813708 -15.782645 -15.845362 -15.885631 -15.898592 -15.895797 -15.884177 -15.868556 -15.844306 -15.797629 -15.754703 -15.784597 -15.838348 -15.871902 -15.889473 -15.898355 -15.901487 -15.899694 -15.893307 -15.881071 -15.856707 -15.80923 -15.753479 -15.765551 -15.813059 -15.839324 -15.853687 -15.865971 -15.876089 -15.882042 -15.883214 -15.879895 -15.872595 -15.861896 -15.848694 -15.834225
-16.112284 -16.104143 -16.093947 -16.081423 -16.065935 -16.046698 -16.024609 -16.006388 -16.000428 -15.999246 -15.996843 -16.002582 -16.008914 -16.009338 -16.003972 -15.993572 -15.978683 -15.960132 -15.939822 -15.919162 -15.891993 -15.84999 -15.832419 -15.86564 -15.891943 -15.898347 -15.889775 -15.87285 -15.858709 -15.848663 -15.82947 -15.812477 -15.826423 -15.855406 -15.877112 -15.890427 -15.89873 -15.902934 -15.902597 -15.896974 -15.883637 -15.854958 -15.795825 -15.71968 -15.739879 -15.80892 -15.846267 -15.86419 -15.875382 -15.882955 -15.886713 -15.886329 -15.881809 -15.873285 -15.861027 -15.846028 -15.830967
-16.112017 -16.103226 -16.092952 -16.081078 -16.067353 -16.051634 -16.034953 -16.020571 -16.010208 -15.997243 -15.985155 -15.996573 -16.008133 -16.010073 -16.005327 -15.995841 -15.98268 -15.966884 -15.949734 -15.931581 -15.909796 -15.884437 -15.874094 -15.887196 -15.899301 -15.89793 -15.881434 -15.8538 -15.837394 -15.844177 -15.847198 -15.845372 -15.85336 -15.867857 -15.879839 -15.889187 -15.89754 -15.903407 -15.904805 -15.900354 -15.887422 -15.858896 -15.80174 -15.731396 -15.749367 -15.815248 -15.854045 -15.872924 -15.883263 -15.889108 -15.891203 -15.889489 -15.88381 -15.873937 -15.859626 -15.841469 -15.823642
-16.11075 -16.101401 -16.091037 -16.079749 -16.067558 -16.054514 -16.041153 -16.028475 -16.015263 -15.99466 -15.975764 -15.992703 -16.008016 -16.010861 -16.006523 -15.997722 -15.985806 -15.971887 -15.957058 -15.941748 -15.925296 -15.909239 -15.901419 -15.903992 -15.905905 -15.897399 -15.871851 -15.825952 -15.799316 -15.830382 -15.85423 -15.862431 -15.868386 -15.873951 -15.877598 -15.883774 -15.893949 -15.902814 -15.906568 -15.903871 -15.892801 -15.868463 -15.824401 -15.777535 -15.787195 -15.832352 -15.864254 -15.881307 -15.890362 -15.894792 -15.895563 -15.89273 -15.886005 -15.8748 -15.858145 -15.835362 -15.811037
-16.108422 -16.098481 -16.087901 -16.077035 -16.066131 -16.055229 -16.044305 -16.033114 -16.019668 -15.999418 -15.983128 -15.996485 -16.009578 -16.011862 -16.007526 -15.999119 -15.987971 -15.975174 -15.961893 -15.949009 -15.936644 -15.925524 -15.918493 -15.915689 -15.911237 -15.897519 -15.864967 -15.799944 -15.755965 -15.816307 -15.856857 -15.871228 -15.875745 -15.873614 -15.867603 -15.871494 -15.887199 -15.901246 -15.908104 -15.907626 -15.899335 -15.880999 -15.851535 -15.824485 -15.828019 -15.853795 -15.876188 -15.889765 -15.897082 -15.900197 -15.899868 -15.896119 -15.88854 -15.876238 -15.857516 -15.829872 -15.795914
-16.104959 -16.094251 -16.083179 -16.072456 -16.062627 -16.05367 -16.045033 -16.035821 -16.024417 -16.009435 -15.999169 -16.005155 -16.012468 -16.013012 -16.008292 -15.999996 -15.989167 -15.976756 -15.964063 -15.952731 -15.943427 -15.935437 -15.928958 -15.923514 -15.915526 -15.899154 -15.865441 -15.800755 -15.755923 -15.818267 -15.860297 -15.876358 -15.8788 -15.867836 -15.847072 -15.8497 -15.877512 -15.899279 -15.909698 -15.911574 -15.90629 -15.89374 -15.875324 -15.85997 -15.860532 -15.874125 -15.888395 -15.89818 -15.903572 -15.905441 -15.904186 -15.899724 -15.891556 -15.878622 -15.858869 -15.828877 -15.789514
-16.100282 -16.08846 -16.076393 -16.065359 -16.056432 -16.049539 -16.043486 -16.036838 -16.028468 -16.018623 -16.012144 -16.013209 -16.015495 -16.014058 -16.008757 -16.00036 -15.989473 -15.976712 -15.963327 -15.952202 -15.94556 -15.940567 -15.935055 -15.928605 -15.919069 -15.902346 -15.872885 -15.828142 -15.803595 -15.83595 -15.865523 -15.880105 -15.880282 -15.860197 -15.819019 -15.821724 -15.868022 -15.898194 -15.911738 -15.915644 -15.91305 -15.905147 -15.893963 -15.88498 -15.884358 -15.891252 -15.899801 -15.906286 -15.909846 -15.910582 -15.908565 -15.903598 -15.895144 -15.882166 -15.862828 -15.834665 -15.800727
-16.094327 -16.080828 -16.066904 -16.054765 -16.046571 -16.042254 -16.039492 -16.035983 -16.030769 -16.024557 -16.019984 -16.018597 -16.017752 -16.014729 -16.00886 -16.000263 -15.989079 -15.975366 -15.959746 -15.946636 -15.942982 -15.942075 -15.938125 -15.931693 -15.921942 -15.906247 -15.882024 -15.852918 -15.838644 -15.849345 -15.869869 -15.883349 -15.882452 -15.857883 -15.804971 -15.808197 -15.865358 -15.899588 -15.91458 -15.919753 -15.919233 -15.914735 -15.908111 -15.902705 -15.901733 -15.905084 -15.909936 -15.913875 -15.915873 -15.915641 -15.913029 -15.907759 -15.899318 -15.886837 -15.869071 -15.845286 -15.820547
-16.08708 -16.071084 -16.053855 -16.03913 -16.031438 -16.030874 -16.032741 -16.033095 -16.030963 -16.027301 -16.023838 -16.021392 -16.018878 -16.014836 -16.008559 -15.999791 -15.988277 -15.973446 -15.954591 -15.936753 -15.936786 -15.94122 -15.939003 -15.933154 -15.92404 -15.909928 -15.889126 -15.86307 -15.840099 -15.846631 -15.87163 -15.886481 -15.886479 -15.86558 -15.824328 -15.827146 -15.873608 -15.904189 -15.918279 -15.923722 -15.924595 -15.922524 -15.918847 -15.915618 -15.914682 -15.916186 -15.918746 -15.920858 -15.921625 -15.920621 -15.917581 -15.912196 -15.904014 -15.8924 -15.876706 -15.857314 -15.83856
-16.078649 -16.059081 -16.036179 -16.015975 -16.00835 -16.014056 -16.022967 -16.028223 -16.029184 -16.027496 -16.024865 -16.022086 -16.018822 -16.014281 -16.007832 -15.999027 -15.987375 -15.971945 -15.951104 -15.92942 -15.931992 -15.939537 -15.938128 -15.933082 -15.9252 -15.912959 -15.894356 -15.866235 -15.828302 -15.838458 -15.873192 -15.889903 -15.891983 -15.879247 -15.857379 -15.860125 -15.888568 -15.911056 -15.922377 -15.927133 -15.928893 -15.928675 -15.927073 -15.925332 -15.924625 -15.925194 -15.926369 -15.927233 -15.927091 -15.925519 -15.922214 -15.916874 -15.909129 -15.898557 -15.884916 -15.868901 -15.853194
-16.069344 -16.045047 -16.012903 -15.981536 -15.972984 -15.990241 -16.010251 -16.021715 -16.025796 -16.025729 -16.023795 -16.021063 -16.017618 -16.013012 -16.00666 -15.998018 -15.986542 -15.971444 -15.951849 -15.933007 -15.933628 -15.937582 -15.935372 -15.931313 -15.925235 -15.915258 -15.899277 -15.873414 -15.838869 -15.847301 -15.87824 -15.89378 -15.897714 -15.89251 -15.883903 -15.887214 -15.90352 -15.918278 -15.925891 -15.929197 -15.931793 -15.93336 -15.933461 -15.93288 -15.932503 -15.93264 -15.933004 -15.933051 -15.932283 -15.93033 -15.926907 -15.921745 -15.914552 -15.905062 -15.893234 -15.879685 -15.865889
-16.059743 -16.030005 -15.984312 -15.931557 -15.919765 -15.958836 -15.995571 -16.014274 -16.021238 -16.022413 -16.021024 -16.01852 -16.015276 -16.010984 -16.005015 -15.996752 -15.985715 -15.971575 -15.954856 -15.940659 -15.936395 -15.933524 -15.929824 -15.927414 -15.923933 -15.916702 -15.904191 -15.885152 -15.864719 -15.868121 -15.885986 -15.897454 -15.902415 -15.902521 -15.901249 -15.905303 -15.915294 -15.92425 -15.927539 -15.928752 -15.933006 -15.936828 -15.93854 -15.93895 -15.938947 -15.938933 -15.938846 -15.938388 -15.937219 -15.935052 -15.931643 -15.926765 -15.920194 -15.911756 -15.901479 -15.889817 -15.877633
-16.050645 -16.016134 -15.954666 -15.867927 -15.848731 -15.923917 -15.981453 -16.006906 -16.015919 -16.017782 -16.016699 -16.014478 -16.011725 -16.008127 -16.002858 -15.995174 -15.984687 -15.971453 -15.956589 -15.943361 -15.933455 -15.924285 -15.919781 -15.920739 -15.921103 -15.917056 -15.908065 -15.89545 -15.884448 -15.884496 -15.892203 -15.899381 -15.905011 -15.908927 -15.912006 -15.916904 -15.923759 -15.928469 -15.926716 -15.925334 -15.932935 -15.939568 -15.942785 -15.94403 -15.944395 -15.944377 -15.944063 -15.943317 -15.941927 -15.939686 -15.936404 -15.931899 -15.925996 -15.918562 -15.909621 -15.899485 -15.888748
-16.042809 -16.006372 -15.934454 -15.816761 -15.788784 -15.899109 -15.971746 -16.000598 -16.010062 -16.011871 -16.010775 -16.008785 -16.006785 -16.004342 -16.000152 -15.993232 -15.983265 -15.970469 -15.95571 -15.940213 -15.923404 -15.906908 -15.90286 -15.910682 -15.916745 -15.916186 -15.909903 -15.900842 -15.893663 -15.891823 -15.893578 -15.897532 -15.904463 -15.91205 -15.918509 -15.924494 -15.929915 -15.931808 -15.925907 -15.922596 -15.933553 -15.942361 -15.946635 -15.948483 -15.949151 -15.949197 -15.948793 -15.94791 -15.946434 -15.944233 -15.941175 -15.937124 -15.931933 -15.925471 -15.917709 -15.908837 -15.899318
-16.036546 -16.002663 -15.934119 -15.822087 -15.795586 -15.900261 -15.96923 -15.995728 -16.003533 -16.004494 -16.003064 -16.001101 -16.000129 -15.9995 -15.996888 -15.990916 -15.981381 -15.968528 -15.952642 -15.933223 -15.907648 -15.87916 -15.876749 -15.897449 -15.911291 -15.914268 -15.909455 -15.900751 -15.893895 -15.891232 -15.888457 -15.889442 -15.899697 -15.912314 -15.9223 -15.929731 -15.934852 -15.935754 -15.9297 -15.92693 -15.937223 -15.945913 -15.950426 -15.952562 -15.953432 -15.953558 -15.953143 -15.952224 -15.950763 -15.948696 -15.94595 -15.942432 -15.938013 -15.932527 -15.925845 -15.918024 -15.909431
-16.031451 -16.00419 -15.951161 -15.875665 -15.859039 -15.923905 -15.972788 -15.991622 -15.995673 -15.995233 -15.993351 -15.99091 -15.991244 -15.993493 -15.993121 -15.988277 -15.979088 -15.965861 -15.948334 -15.924777 -15.890329 -15.844486 -15.844215 -15.883643 -15.905724 -15.9118 -15.907234 -15.895674 -15.886379 -15.885245 -15.875946 -15.871745 -15.890018 -15.910437 -15.924497 -15.933667 -15.939289 -15.940862 -15.937844 -15.937034 -15.943777 -15.95034 -15.954299 -15.956416 -15.957381 -15.957579 -15.957197 -15.956309 -15.954935 -15.953076 -15.950721 -15.947829 -15.944279 -15.939834 -15.9342 -15.927247 -15.919256
-16.026591 -16.007937 -15.972946 -15.930622 -15.920985 -15.951669 -15.978259 -15.986724 -15.985172 -15.983404 -15.981727 -15.977639 -15.979514 -15.986403 -15.989036 -15.985422 -15.976503 -15.962792 -15.943654 -15.916864 -15.877976 -15.824198 -15.825062 -15.874524 -15.901201 -15.90941 -15.90446 -15.887663 -15.872402 -15.877831 -15.856546 -15.842095 -15.877107 -15.907904 -15.926086 -15.936986 -15.943525 -15.946583 -15.946918 -15.9477 -15.951187 -15.955178 -15.958201 -15.960109 -15.961089 -15.961344 -15.961018 -15.960203 -15.958966 -15.957372 -15.955483 -15.953326 -15.9508 -15.947559 -15.943037 -15.936799 -15.929042
-16.021003 -16.010934 -15.990344 -15.967631 -15.960964 -15.972338 -15.981981 -15.979342 -15.96989 -15.967818 -15.969195 -15.961478 -15.965028 -15.978924 -15.984998 -15.982488 -15.973735 -15.959588 -15.939154 -15.910074 -15.871478 -15.833163 -15.834536 -15.871919 -15.898197 -15.90758 -15.902742 -15.882935 -15.861835 -15.874244 -15.840113 -15.815014 -15.868414 -15.907033 -15.927965 -15.940126 -15.947593 -15.952199 -15.955135 -15.956788 -15.957907 -15.959827 -15.961982 -15.963645 -15.96461 -15.964914 -15.964654 -15.963934 -15.962864 -15.961575 -15.960223 -15.958936 -15.957673 -15.955958 -15.952767 -15.947114 -15.939117
-16.014084 -16.011577 -16.000972 -15.988654 -15.983131 -15.98455 -15.982728 -15.9688 -15.947123 -15.946289 -15.957992 -15.946563 -15.951649 -15.972859 -15.981499 -15.979577 -15.970823 -15.956393 -15.935124 -15.903825 -15.861533 -15.827389 -15.836299 -15.870073 -15.896301 -15.906448 -15.90286 -15.887018 -15.871546 -15.877728 -15.847826 -15.826137 -15.872802 -15.909693 -15.930743 -15.943332 -15.951408 -15.957166 -15.961862 -15.963773 -15.963165 -15.963865 -15.965508 -15.967019 -15.96798 -15.968333 -15.968144 -15.967525 -15.966632 -15.96567 -15.964912 -15.964652 -15.965004 -15.965387 -15.964022 -15.958845 -15.949896
-16.005653 -16.009499 -16.005644 -15.999038 -15.994168 -15.990537 -15.981438 -15.957251 -15.917923 -15.918284 -15.949924 -15.943345 -15.94861 -15.970337 -15.978881 -15.976685 -15.967682 -15.953188 -15.931807 -15.898594 -15.845017 -15.780977 -15.810471 -15.865826 -15.895187 -15.905795 -15.903886 -15.894157 -15.886568 -15.88572 -15.870744 -15.860847 -15.887527 -15.9157 -15.934528 -15.946667 -15.954849 -15.961032 -15.966284 -15.967876 -15.966602 -15.967151 -15.968738 -15.970239 -15.971233 -15.971641 -15.971519 -15.970996 -15.970269 -15.96963 -15.969499 -15.970423 -15.972858 -15.976296 -15.977764 -15.972956 -15.961852
