EconomicImpacts/geographical_plots/GIS_data/automation/45-p1.asc
NCOLS 500
NROWS 500
XLLCORNER -89.604597
YLLCORNER 43.047075
DX 0.00080122434
DY 0.00049420515
NODATA_VALUE -9999
[rows 300 to 324 of 500, columns 228 to 284 of 500]
-16.489023 -16.493418 -16.492431 -16.488271 -16.482302 -16.475317 -16.467774 -16.459942 -16.45198 -16.443981 -16.436001 -16.428073 -16.420217 -16.412446 -16.40477 -16.397197 -16.389736 -16.382397 -16.37519 -16.368131 -16.361235 -16.354524 -16.348022 -16.341755 -16.335752 -16.33004 -16.324643 -16.319576 -16.314848 -16.310453 -16.306376 -16.30259 -16.299063 -16.295757 -16.292633 -16.289654 -16.286786 -16.283999 -16.281268 -16.278573 -16.275899 -16.273231 -16.27056 -16.267878 -16.265179 -16.262459 -16.259712 -16.256936 -16.254129 -16.251287 -16.24841 -16.245495 -16.242541 -16.239547 -16.236512 -16.233434 -16.230314
-16.494895 -16.498185 -16.496895 -16.492728 -16.486849 -16.479974 -16.472535 -16.464792 -16.456904 -16.448967 -16.44104 -16.433161 -16.425351 -16.417627 -16.41 -16.40248 -16.395075 -16.387796 -16.380655 -16.373664 -16.366839 -16.360198 -16.353764 -16.347558 -16.341603 -16.335923 -16.330534 -16.325451 -16.320676 -16.316206 -16.312027 -16.308117 -16.304448 -16.300988 -16.297704 -16.294563 -16.291535 -16.288592 -16.285713 -16.282878 -16.280071 -16.277279 -16.274492 -16.271702 -16.268901 -16.266085 -16.263249 -16.26039 -16.257504 -16.25459 -16.251643 -16.248664 -16.24565 -16.2426 -16.239512 -16.236385 -16.233219
-16.50186 -16.503544 -16.501637 -16.497287 -16.491399 -16.484579 -16.477212 -16.469542 -16.46172 -16.453841 -16.445967 -16.438136 -16.430373 -16.422696 -16.415117 -16.407646 -16.400295 -16.393072 -16.385989 -16.379059 -16.372296 -16.365716 -16.359339 -16.353182 -16.347265 -16.341607 -16.336221 -16.331117 -16.326298 -16.321759 -16.317488 -16.313467 -16.309671 -16.306072 -16.302644 -16.299355 -16.296181 -16.293096 -16.29008 -16.287114 -16.284182 -16.281273 -16.278375 -16.275481 -16.272583 -16.269676 -16.266755 -16.263815 -16.260854 -16.257868 -16.254855 -16.251814 -16.248741 -16.245636 -16.242497 -16.239323 -16.236112
-16.509368 -16.5093 -16.5066 -16.501936 -16.495956 -16.489141 -16.481818 -16.474203 -16.466437 -16.458612 -16.450788 -16.443004 -16.435287 -16.427655 -16.420123 -16.4127 -16.405399 -16.398228 -16.391198 -16.384323 -16.377614 -16.371086 -16.364755 -16.358638 -16.352751 -16.347107 -16.341719 -16.336593 -16.331731 -16.327128 -16.322774 -16.318652 -16.314742 -16.311019 -16.307459 -16.304037 -16.300729 -16.297513 -16.294369 -16.291281 -16.288232 -16.285212 -16.28221 -16.279217 -16.276226 -16.273232 -16.270228 -16.267211 -16.264176 -16.261122 -16.258045 -16.254943 -16.251814 -16.248656 -16.245467 -16.242247 -16.238993
-16.516975 -16.515252 -16.511705 -16.506653 -16.50052 -16.493667 -16.486359 -16.478782 -16.471062 -16.463285 -16.455508 -16.447769 -16.440097 -16.432509 -16.425021 -16.417644 -16.41039 -16.403266 -16.396286 -16.389458 -16.382797 -16.376314 -16.370023 -16.363938 -16.358073 -16.352439 -16.347044 -16.341895 -16.336992 -16.33233 -16.327899 -16.323686 -16.319672 -16.315836 -16.312158 -16.308614 -16.305183 -16.301846 -16.298584 -16.295381 -16.292223 -16.289098 -16.285997 -16.28291 -16.27983 -16.276752 -16.273669 -16.270577 -16.267472 -16.264352 -16.261213 -16.258053 -16.254869 -16.251659 -16.248422 -16.245157 -16.241861
-16.524396 -16.521236 -16.516873 -16.511403 -16.50508 -16.498157 -16.490841 -16.483287 -16.475603 -16.467866 -16.460132 -16.452436 -16.444806 -16.437261 -16.429816 -16.422482 -16.415271 -16.408192 -16.401255 -16.394471 -16.387851 -16.381406 -16.375149 -16.36909 -16.363241 -16.357612 -16.352209 -16.347036 -16.342093 -16.337376 -16.332875 -16.328579 -16.32447 -16.320532 -16.316745 -16.31309 -16.309546 -16.306097 -16.302725 -16.299415 -16.296154 -16.292931 -16.289736 -16.286559 -16.283395 -16.280236 -16.277077 -16.273914 -16.270742 -16.267558 -16.264358 -16.261141 -16.257904 -16.254645 -16.251362 -16.248053 -16.244717
-16.531483 -16.527136 -16.522036 -16.516154 -16.509622 -16.502608 -16.495266 -16.48772 -16.480062 -16.472361 -16.464664 -16.457008 -16.449418 -16.441914 -16.434509 -16.427216 -16.420046 -16.413008 -16.406111 -16.399366 -16.392782 -16.386371 -16.380141 -16.374103 -16.368266 -16.362638 -16.357225 -16.352028 -16.347047 -16.342278 -16.337713 -16.33334 -16.329146 -16.325114 -16.321228 -16.31747 -16.313822 -16.310269 -16.306794 -16.303385 -16.300027 -16.296711 -16.293427 -16.290166 -16.28692 -16.283685 -16.280453 -16.277221 -16.273984 -16.270738 -16.267481 -16.26421 -16.260921 -16.257614 -16.254285 -16.250934 -16.247559
-16.538179 -16.53288 -16.527143 -16.520876 -16.514132 -16.507014 -16.499633 -16.492085 -16.484445 -16.476772 -16.469109 -16.46149 -16.453937 -16.446471 -16.439104 -16.43185 -16.424717 -16.417717 -16.410857 -16.404147 -16.397595 -16.391212 -16.385005 -16.378984 -16.373156 -16.367527 -16.362101 -16.35688 -16.351863 -16.347046 -16.342421 -16.337978 -16.333705 -16.329587 -16.32561 -16.321758 -16.318014 -16.314365 -16.310795 -16.307292 -16.303844 -16.30044 -16.297071 -16.293729 -16.290407 -16.287098 -16.283796 -16.280498 -16.277199 -16.273894 -16.270581 -16.267257 -16.263919 -16.260565 -16.257192 -16.2538 -16.250387
-16.544478 -16.53843 -16.532156 -16.525544 -16.518596 -16.51137 -16.503942 -16.496382 -16.488753 -16.481102 -16.47347 -16.465883 -16.458366 -16.450935 -16.443604 -16.436386 -16.429289 -16.422323 -16.415496 -16.408817 -16.402294 -16.395935 -16.389748 -16.38374 -16.377918 -16.372285 -16.366846 -16.361602 -16.356551 -16.351688 -16.347008 -16.3425 -16.338155 -16.333958 -16.329898 -16.325958 -16.322126 -16.318387 -16.314728 -16.311137 -16.307604 -16.304117 -16.300669 -16.29725 -16.293854 -16.290475 -16.287108 -16.283746 -16.280386 -16.277025 -16.273658 -16.270283 -16.266897 -16.263498 -16.260083 -16.256651 -16.253201
-16.550402 -16.543768 -16.537052 -16.530138 -16.523001 -16.515669 -16.508188 -16.500612 -16.492988 -16.485355 -16.477748 -16.470192 -16.462707 -16.455309 -16.448012 -16.440827 -16.433763 -16.426829 -16.420033 -16.413382 -16.406884 -16.400547 -16.394376 -16.388378 -16.382559 -16.376922 -16.371469 -16.366202 -16.361117 -16.356213 -16.351481 -16.346914 -16.342501 -16.338232 -16.334094 -16.330074 -16.326159 -16.322337 -16.318595 -16.314923 -16.311309 -16.307745 -16.30422 -16.300729 -16.297264 -16.293818 -16.290386 -16.286964 -16.283546 -16.28013 -16.276711 -16.273287 -16.269855 -16.266412 -16.262957 -16.259487 -16.256001
-16.555984 -16.548894 -16.541817 -16.534644 -16.527338 -16.519905 -16.512371 -16.504774 -16.497151 -16.489532 -16.481947 -16.474418 -16.466962 -16.459596 -16.45233 -16.445177 -16.438143 -16.431239 -16.42447 -16.417845 -16.411369 -16.40505 -16.398893 -16.392903 -16.387086 -16.381442 -16.375976 -16.370686 -16.365571 -16.360626 -16.355846 -16.351224 -16.34675 -16.342413 -16.338204 -16.334109 -16.330118 -16.326218 -16.322399 -16.31865 -16.314961 -16.311322 -16.307727 -16.304167 -16.300635 -16.297125 -16.293632 -16.290152 -16.286679 -16.28321 -16.279741 -16.27627 -16.272793 -16.269309 -16.265814 -16.262307 -16.258786
-16.561257 -16.553813 -16.546444 -16.539054 -16.531599 -16.524072 -16.516487 -16.508868 -16.501242 -16.493635 -16.486069 -16.478564 -16.471135 -16.463797 -16.456561 -16.449437 -16.442432 -16.435554 -16.428811 -16.422209 -16.415753 -16.40945 -16.403305 -16.397321 -16.391503 -16.385854 -16.380373 -16.375061 -16.369916 -16.364934 -16.36011 -16.355436 -16.350905 -16.346506 -16.34223 -16.338067 -16.334004 -16.330032 -16.326141 -16.32232 -16.318559 -16.314852 -16.311189 -16.307563 -16.303967 -16.300397 -16.296846 -16.29331 -16.289784 -16.286265 -16.282748 -16.279231 -16.275712 -16.272186 -16.268653 -16.265111 -16.261556
-16.566255 -16.558537 -16.550934 -16.543362 -16.535778 -16.528167 -16.520534 -16.512892 -16.505262 -16.497663 -16.490114 -16.482631 -16.475227 -16.467916 -16.460707 -16.45361 -16.446631 -16.439779 -16.433059 -16.426478 -16.42004 -16.413751 -16.407615 -16.401637 -16.395818 -16.390161 -16.384666 -16.379333 -16.37416 -16.369143 -16.364277 -16.359556 -16.354971 -16.350515 -16.346178 -16.34195 -16.337821 -16.333782 -16.329822 -16.325933 -16.322107 -16.318333 -16.314606 -16.310918 -16.307263 -16.303635 -16.300028 -16.296439 -16.292862 -16.289294 -16.285731 -16.282171 -16.27861 -16.275045 -16.271476 -16.267898 -16.264311
-16.571007 -16.563077 -16.555286 -16.547565 -16.539872 -16.532187 -16.524509 -16.516847 -16.509212 -16.501619 -16.494085 -16.486621 -16.479241 -16.471954 -16.464771 -16.457699 -16.450745 -16.443916 -16.437217 -16.430655 -16.424233 -16.417956 -16.411829 -16.405854 -16.400033 -16.394368 -16.38886 -16.383507 -16.378308 -16.373258 -16.368353 -16.363587 -16.358953 -16.354443 -16.350048 -16.34576 -16.34157 -16.337468 -16.333445 -16.329493 -16.325603 -16.321768 -16.31798 -16.314233 -16.310521 -16.306837 -16.303178 -16.299537 -16.295912 -16.292297 -16.28869 -16.285088 -16.281487 -16.277885 -16.27428 -16.270669 -16.267051
-16.575539 -16.567444 -16.559506 -16.551663 -16.543877 -16.536129 -16.528412 -16.52073 -16.51309 -16.505503 -16.497981 -16.490536 -16.483177 -16.475913 -16.468754 -16.461705 -16.454774 -16.447967 -16.441288 -16.434743 -16.428335 -16.42207 -16.41595 -16.409977 -16.404154 -16.398481 -16.39296 -16.387587 -16.382363 -16.377282 -16.372341 -16.367533 -16.362853 -16.358293 -16.353846 -16.349502 -16.345254 -16.341093 -16.337011 -16.332999 -16.32905 -16.325156 -16.321311 -16.317508 -16.313742 -16.310006 -16.306296 -16.302606 -16.298934 -16.295275 -16.291626 -16.287983 -16.284344 -16.280706 -16.277066 -16.273423 -16.269775
-16.579872 -16.571652 -16.563596 -16.555655 -16.547793 -16.539992 -16.532241 -16.524541 -16.516896 -16.509315 -16.501806 -16.494377 -16.487037 -16.479795 -16.472658 -16.465631 -16.458722 -16.451934 -16.445274 -16.438745 -16.432351 -16.426095 -16.419981 -16.41401 -16.408184 -16.402504 -16.396969 -16.391578 -16.38633 -16.38122 -16.376245 -16.371399 -16.366676 -16.36207 -16.357572 -16.353177 -16.348875 -16.344659 -16.34052 -16.336453 -16.332448 -16.328499 -16.3246 -16.320744 -16.316926 -16.31314 -16.309382 -16.305646 -16.301929 -16.298228 -16.294538 -16.290856 -16.28718 -16.283507 -16.279835 -16.276161 -16.272484
-16.584027 -16.575711 -16.567564 -16.559544 -16.55162 -16.543774 -16.535995 -16.52828 -16.520632 -16.513056 -16.505558 -16.498145 -16.490824 -16.483602 -16.476485 -16.46948 -16.46259 -16.455821 -16.449178 -16.442663 -16.436281 -16.430034 -16.423925 -16.417956 -16.412127 -16.406439 -16.400892 -16.395484 -16.390213 -16.385076 -16.380069 -16.375187 -16.370424 -16.365774 -16.361231 -16.356787 -16.352434 -16.348167 -16.343976 -16.339856 -16.335798 -16.331798 -16.327847 -16.323941 -16.320074 -16.316241 -16.312436 -16.308656 -16.304897 -16.301154 -16.297425 -16.293706 -16.289995 -16.286289 -16.282585 -16.278881 -16.275176
-16.588019 -16.57963 -16.571413 -16.563331 -16.555358 -16.547475 -16.539673 -16.531947 -16.524297 -16.516726 -16.509239 -16.501841 -16.494538 -16.487335 -16.480238 -16.473252 -16.466381 -16.45963 -16.453002 -16.446501 -16.44013 -16.433891 -16.427787 -16.421818 -16.415986 -16.410291 -16.404731 -16.399307 -16.394015 -16.388853 -16.383816 -16.3789 -16.3741 -16.36941 -16.364823 -16.360334 -16.355934 -16.351618 -16.347379 -16.343209 -16.339102 -16.335053 -16.331054 -16.3271 -16.323186 -16.319308 -16.315459 -16.311637 -16.307837 -16.304055 -16.300289 -16.296534 -16.292789 -16.28905 -16.285316 -16.281584 -16.277852
-16.591861 -16.58342 -16.575149 -16.567019 -16.559007 -16.551097 -16.543277 -16.535542 -16.527892 -16.520326 -16.51285 -16.505466 -16.49818 -16.490995 -16.483917 -16.476949 -16.470096 -16.463361 -16.456749 -16.450261 -16.4439 -16.437668 -16.431568 -16.4256 -16.419765 -16.414062 -16.408491 -16.403052 -16.39774 -16.392554 -16.387489 -16.382542 -16.377707 -16.372979 -16.368352 -16.36382 -16.359377 -16.355016 -16.35073 -16.346514 -16.34236 -16.338264 -16.33422 -16.330221 -16.326263 -16.322342 -16.318451 -16.314589 -16.31075 -16.306931 -16.303129 -16.29934 -16.295562 -16.291793 -16.288029 -16.284269 -16.280511
-16.595566 -16.587086 -16.578776 -16.570611 -16.56257 -16.554638 -16.546805 -16.539065 -16.531415 -16.523857 -16.516392 -16.509022 -16.501751 -16.494584 -16.487523 -16.480573 -16.473737 -16.467019 -16.46042 -16.453944 -16.447593 -16.441368 -16.435271 -16.429304 -16.423465 -16.417756 -16.412175 -16.40672 -16.40139 -16.396182 -16.391091 -16.386114 -16.381247 -16.376484 -16.37182 -16.367248 -16.362763 -16.35836 -16.354031 -16.349771 -16.345573 -16.341434 -16.337346 -16.333304 -16.329305 -16.325342 -16.321413 -16.317512 -16.313635 -16.309781 -16.305944 -16.302123 -16.298314 -16.294515 -16.290723 -16.286937 -16.283154
-16.599143 -16.590638 -16.5823 -16.57411 -16.566048 -16.5581 -16.550258 -16.542516 -16.534869 -16.527319 -16.519864 -16.512509 -16.505254 -16.498103 -16.49106 -16.484127 -16.477307 -16.470603 -16.464018 -16.457553 -16.451211 -16.444993 -16.4389 -16.432932 -16.427091 -16.421375 -16.415784 -16.410316 -16.404968 -16.399739 -16.394624 -16.38962 -16.384723 -16.379927 -16.375227 -16.370618 -16.366095 -16.361652 -16.357282 -16.352981 -16.348743 -16.344561 -16.340433 -16.336351 -16.332312 -16.32831 -16.324343 -16.320405 -16.316494 -16.312605 -16.308736 -16.304883 -16.301044 -16.297217 -16.293398 -16.289587 -16.28578
-16.602601 -16.59408 -16.585725 -16.577517 -16.569441 -16.561485 -16.553638 -16.545896 -16.538254 -16.530712 -16.523269 -16.515927 -16.508688 -16.501554 -16.494527 -16.48761 -16.480806 -16.474117 -16.467544 -16.46109 -16.454757 -16.448545 -16.442455 -16.436488 -16.430644 -16.424922 -16.419322 -16.413841 -16.408477 -16.403228 -16.398091 -16.393062 -16.388136 -16.383309 -16.378577 -16.373933 -16.369374 -16.364893 -16.360486 -16.356146 -16.351868 -16.347648 -16.343481 -16.339361 -16.335284 -16.331246 -16.327243 -16.32327 -16.319325 -16.315404 -16.311503 -16.307621 -16.303753 -16.299899 -16.296054 -16.292218 -16.288389
-16.605947 -16.597419 -16.589055 -16.580837 -16.572753 -16.564792 -16.556944 -16.549205 -16.54157 -16.534038 -16.526607 -16.519279 -16.512055 -16.504937 -16.497927 -16.491026 -16.484236 -16.477561 -16.471001 -16.464557 -16.458232 -16.452026 -16.44594 -16.439973 -16.434127 -16.4284 -16.42279 -16.417297 -16.411919 -16.406652 -16.401494 -16.39644 -16.391488 -16.386633 -16.38187 -16.377194 -16.372601 -16.368085 -16.363642 -16.359266 -16.354952 -16.350695 -16.346491 -16.342335 -16.338222 -16.334149 -16.330112 -16.326106 -16.322129 -16.318177 -16.314247 -16.310335 -16.306441 -16.30256 -16.298691 -16.294832 -16.290981
-16.609187 -16.60066 -16.592292 -16.584071 -16.575985 -16.568023 -16.560178 -16.552445 -16.544818 -16.537296 -16.529879 -16.522565 -16.515357 -16.508254 -16.50126 -16.494374 -16.4876 -16.480937 -16.474389 -16.467956 -16.461639 -16.455439 -16.449356 -16.44339 -16.437541 -16.431809 -16.426192 -16.420688 -16.415295 -16.410012 -16.404834 -16.399758 -16.394782 -16.3899 -16.385108 -16.380402 -16.375777 -16.371229 -16.366752 -16.362342 -16.357993 -16.353702 -16.349463 -16.345273 -16.341127 -16.337021 -16.332951 -16.328914 -16.324906 -16.320925 -16.316966 -16.313028 -16.309107 -16.305201 -16.301309 -16.297428 -16.293555
-16.612328 -16.603806 -16.595441 -16.587222 -16.579138 -16.57118 -16.563341 -16.555615 -16.547998 -16.540489 -16.533085 -16.525786 -16.518593 -16.511506 -16.504527 -16.497657 -16.490897 -16.484248 -16.477711 -16.471288 -16.464979 -16.458784 -16.452705 -16.44674 -16.44089 -16.435153 -16.429528 -16.424014 -16.418609 -16.41331 -16.408114 -16.403018 -16.398018 -16.393112 -16.388293 -16.383559 -16.378905 -16.374326 -16.369817 -16.365375 -16.360994 -16.35667 -16.352399 -16.348176 -16.343998 -16.339861 -16.335761 -16.331694 -16.327657 -16.323647 -16.319661 -16.315697 -16.311751 -16.307822 -16.303907 -16.300005 -16.296112
