3.141592653589793
0.0
2.995502100732947
0.0
3.068388744060834
3.410605131648481e-13
34.15
0.0
0.0
0.0
0.0
0.0
0.0
0.0
0.0
0.0
0.0
0.0
2.802700897274228
0.0
2.78056766891445
0.0
0.0
0.0
0.0
0.0
0.0
0.0
0.0
0.0
0.0
0.0
2.9127827556922683
0.0
2.896082808322847
0.0
0.0
0.0
0.0
0.0
0.0
0.0
2.5279438641146705
0.0
2.2980639838581736
0.0
459.5345255253514
32.17
262.0
0.0
0.0
0.0
0.0
0.0
0.0
0.0
0.0
0.0
0.0
0.0
2.0553711266302734
0.0
2.8879513460740878
0.0
0.9
0.9
0.26
0.26
0.6
0.27
0.27
0.27
0.14
0.14
0.14
0.31
0.13
0.13
0.13
0.13
0.09
0.09
0.09
0.09
0.2
0.2
0.2
1.9
1.9
1.9
1.9
1.9
1.9
0.57
1.38
0.9
0.9
1.38
0.9
41.08
126.98
160.0
0.0
20.0
943.5
140.0
0.0
0.0
0.0
0.0
0.0
0.0
0.0
0.0
0.0
0.0
0.0
0.0
0.0
0.0
0.0
0.0
0.0
0.0
0.0
0.0
0.0
0.0
0.0
0.0
0.0
0.0
0.0
0.0
0.0
0.0
0.0
0.0
0.0
0.0
0.0
0.0
0.0
0.0
0.0
0.0
0.0
0.0
2.8283920038234682
0.0
2.995809604896706
0.0
2.8760691862520558
0.0
29.725152495
0.0
2.836893098714421
0.0
2.8653783085355493
0.0
2.6637132461045017
0.0
244.53
0.0
0.0
20.0
61.56811708375
0.0
0.0
0.0
0.0
0.0
2.7525717779752994
1.4210854715202004e-14
62.599999999999945
54.339770879374996
0.0
0.0
2.8151423915319205
4.860112312599085e-12
2.9175723240375344
0.0
2.8963371590336395
0.0
2.787175128482169
2.1316282072803006e-14
2.508781144443433
0.0
62.59999999999999
4.6
30.4
0.28875340225
0.9591461140000002
2.3406482178750005
0.1721932225625
0.0
0.0
0.0
0.0
0.0
0.0
0.0
0.0
0.0
2.3898368211018384
0.0
84.92
0.0
302.54
0.0
0.0
0.0
56.96
0.0
0.0
0.0
0.0
0.0
0.0
0.0
2.220542962996989
0.0
141.75
677.8
0.0
0.0
0.0
0.0
0.0
0.0
0.0
0.0
0.0
0.0
0.0
0.0
2.068478688119317
0.0
0.2151493589375
0.4610909008124999
0.29359092581249996
0.4233345375
0.09167781693749999
0.319590335
0.0
0.0
5.551115123125783e-17
0.0
0.0
0.0
3.006522917636795
0.0
3.109255386126139
0.0
3.1223060087274166
0.0
2.430948032549824
2.376054908381775e-11
11.62999070875
0.4091452230625
0.0
0.0
3.0772108698489538
0.0
0.8
121.7866933375
0.0
0.0
2.950611694648444
5.684341886080802e-14
2.629609607291989
0.0
0.6
0.6
0.6
2.25
0.0
0.1
0.4
0.48
0.24
0.49
0.05
0.05
0.0
0.0
0.0
0.0
0.0
0.0
0.0
0.0
0.0
0.0
0.0
0.0
0.0
0.0
2.369895743860098
0.0
2.3734144876852064
0.0
21.45299911
0.0
2.16
0.0
0.0
0.0
2.3735526898775907
3.552713678800501e-15
2.3523140733409145
0.0
2.2306693716902695
0.0
2.304943700080193
0.0
0.0
0.0
2.2587410088817554
0.0
2.2287852439483236
0.0
0.0
7.43
0.0
0.0
2.0871394043310363
0.0
2.244675126389532
0.0
2.0100454598537225
0.0
1.906985580554157
0.0
0.0
7.43
0.0
0.0
1.8125252723640795
7.105427357601002e-15
1.7408395173111302
0.0
1.7394997031016706
0.0
65.9
42.69
0.0
82.0
0.0
0.0
0.0
0.0
1.708137267064056
0.0
1.7231672289230016
0.0
1.744089268623173
0.0
1.755059802515849
0.0
1.7510344341704498
0.0
0.0
0.0
60.40781493062501
0.0
0.0
0.0
1.7151080467702007
1.5560885913146194e-12
0.0
0.0
22.0
4.129679800812499
0.0
0.0
0.0
0.0
1.7120543577152734
0.0
75.0
75.0
0.0
0.0
0.0
0.0
1.7096599358416862
1.9415580254644738e-12
1.7232216065028012
2.0122792321330962e-16
1.7352016342824146
0.0
97.98
97.98
46.7
0.0
0.0
0.0
1.6338263603851855
0.0
1.5679631373439518
0.0
97.98
97.98
27.07
0.0
0.0
0.0
1.5525926833869468
3.410605131648481e-13
0.0
97.98
0.0
0.0
1.5550124746398948
9.023892744153272e-13
1.5888940306457353
0.0
1.5656130307818985
0.0
636.0
6.91
0.0
0.0
0.0
0.0
0.0
0.0
1.5451309035004681
2.8421709430404007e-12
446.4
77.0
0.0
0.0
1.5285232446335524
0.0
1.5586835998396331
0.0
1.5330831708381727
0.0
74.05
74.05
87.71
87.71
30.348743048750002
0.0
0.0
0.0
0.0
0.0
1.6185685865491148
0.0
25.6
0.0
2.100972022730411
0.0
2.1258923151817624
9.947598300641403e-14
0.0
0.0
2.2522487275808247
0.0
2.1258923151817624
0.0
100.0
0.0
2.078888421407245
0.0
1.9500988361838634
5.400124791776761e-13
77.0
60.8
4.133810521624999
0.0
0.0
0.0
1.7306368662615328
0.0
60.8
41.55
0.0
0.0
0.0
0.0
0.0
0.0
1.4788455977660224
0.0
1.482196338128888
0.0
1.4684635116438842
0.0
140.0
27.07
80.67
80.67
0.0
0.0
0.0
0.0
1.3966268547146226
0.0
1.484894052206817
0.0
25.737596866249998
7.5234673648125
46.88043975
0.0
0.0
0.0
1.229232323589202
0.0
1.042018059568153
0.0
0.7184569558715664
0.0
0.0
0.0
0.0
0.0
0.0
0.0
0.0
0.0
0.5339863698378308
2.2737367544323206e-13
-0.7714570398119515
0.0
680.4514355867898
462.3333346897902
0.0
0.0
-3.141592653589793
0.0
0.7449132704842751
3.552713678800501e-15
186.5
374.20000000000005
0.0
0.0
0.7595966380299813
2.2737367544323206e-13
0.0
0.0
0.0
0.0
0.0
0.0
0.0
0.0
0.9482991553591074
0.0
0.0
0.0
0.0
0.0
0.0
0.0
0.937531816283396
0.0
0.0
0.0
0.0
0.0
280.12201314375
0.0
0.0
0.0
0.0
0.0
0.921148975007355
0.0
1.0628454782182757
0.0
1.1510901634541468
8.810729923425242e-13
1.2459233876774567
7.105427357601002e-15
1.2763433723904103
1.6910917111090384e-12
1.3428625769459173
0.0
1.2846303925477176
0.0
110.0
41.55
41.55
7.43
0.0
0.0
0.0
0.0
1.0151303100601952
7.105427357601002e-15
0.0
0.0
0.0
0.0
0.0
0.0
0.0
0.0
59.83398612125
52.252011540000005
0.0
0.0
0.0
0.0
0.0
0.0
0.0
0.0
0.0
0.0
1.0275996996723313
0.0
1.0480483152211402
0.0
0.9706296239437785
0.0
0.36
0.36
0.48
0.48
0.48
0.48
0.28
0.19
0.19
0.19
0.56
0.56
3.75
0.69
0.69
0.36
0.9
0.9
0.32
0.27
0.18
0.9
0.5599999999999999
0.0
0.0
0.0
0.0
0.0
0.0
0.0
0.0
0.0
0.0
0.0
0.0
0.0
0.0
0.0
0.0
0.0
0.0
0.0
0.0
0.0
0.0
0.0
0.0
0.0
0.9487519637192253
0.0
127.21726698124999
0.0
0.8391308872671592
0.0
0.0
227.65036031875
0.0
0.0
0.7704263953815078
0.0
0.7753929586004459
0.0
0.0
0.0
640.1
0.0
0.0
0.0
0.0
0.0
0.0
0.0
0.0
0.0
0.0
0.0
0.0
0.0
0.0
0.0
0.2852637940868879
0.0
0.8210117685800589
0.0
0.8395012015705419
7.105427357601002e-15
177.9461494875
0.0
0.8647777808591631
0.0
0.0
0.0
0.0
0.0
0.0
0.0
0.0
0.0
0.0
0.0
0.0
0.0
0.0
0.0
0.0
0.0
0.0
0.0
0.8647777808591631
0.0
0.0
0.0
0.0
0.0
0.0
1.35
4.65
0.0
77.4247771925
0.0
0.0
0.0
0.0
0.0
0.0
0.0
0.0
0.0
0.8734420469432349
0.0
619.0
0.0
2.53850040311256
0.0
3.0346529185372115
0.0
3.0437337510628213
0.0
40.71
27.07
0.0
0.0
1.5303380808376512
0.0
3.0034561730212386
0.0
1.8569965137012385
0.0
-146.23678964634666
-172.65073001836714
-277.3587513579148
-266.5009954984489
244.84275331184395
-80.28820851196494
-753.7045255253514
946.1565722686818
-753.7045255253514
123.91053603837804
157.45407210047415
-303.8741951367738
-271.2826247901121
-149.99796264835368
-199.0906014966353
147.54891766855746
67.43590159623714
-65.02312037199269
-20.090301300547555
44.348087170469014
-396.2925688233481
-111.9739380611821
175.95748887066048
126.91808024137679
87.54695085941145
-55.20484056494297
-25.01197292384728
-112.53817582063198
-175.09055599640325
-241.7567547351636
-360.2977268080554
398.07401798606537
482.1962911780101
120.1549338774294
13.839472535003182
599.9103442994738
-192.45204674333036
421.4759820139346
264.55382196720086
-136.2390902558154
383.20082409842325
-128.52708137171183
-74.05459997013031
-166.62660082182396
-180.26180067901427
1.3549234548049682
-42.45556206922863
-195.27854503245294
13.645320962321989
-187.03904803527257
324.38587110893525
-44.68903137732365
-55.698252650696645
-370.8864090288457
-76.3680846262811
-61.51081094114873
-93.77136860151177
-104.92284415518205
-95.61111105539578
-74.49174150283075
-114.38388375103357
-69.66099423634688
-56.445476419419265
-38.6378673345685
-52.323600395319005
-117.33812298536357
-117.33812298536357
-106.90769542435777
-62.10383374406078
19.98665140753305
26.242336904491147
18.657370564581676
-2.4619989879833604
-29.447858523086317
2.412034500077766
2.3954569438049873
-4.3192207283220885
-57.04828198224641
-15.857098499880793
14.038996538571462
0.040580283431640905
26.440681606195042
-12.361104784191937
-35.44774809681587
-30.212579862996677
-31.72952947659796
-36.25023046215592
-45.422912441321856
-54.15578466820034
-113.85521449006971
-23.08496025295343
6.435615034230068
116.40499931918423
-116.40499931918423
-48.583385807500235
-695.272280137781
-67.82161351168399
-195.4450734046602
-195.4450734046602
-12.151022937887205
3.137713845927081
-44.88556451011573
29.714635671713808
-75.29832913934642
-44.0140139527427
-27.644654479146027
231.0416641090424
379.84522533808376
-70.19800688449243
70.1980068939837
-70.1980068939837
70.1980068939838
0.0
-16.692064491856684
-107.00225996872473
271.7461062422294
-317.21572712644456
-170.1292354760643
-138.3395928544087
-235.74449147230507
27.022099700421293
-56.28207576181482
-169.52318154080194
-78.3035648124231
-102.04070583277536
-238.55999324838882
-238.55999324838882
-292.62986432757793
-510.81654567829355
-245.12204826283386
-343.2646552355483
-287.78562554613717
-1061.3361054307375
-1142.78477027658
206.79107907299965
130.4105596529455
20.622707226785483
100.37367942717411
189.2703282987371
-12.87959219793919
319.9056178089684
102.1836413448517
-12.87959219793919
167.0949330290726
145.53239774996985
120.55284872001445
218.5097331919165
-66.08982545881202
88.8887713310346
144.13487792344245
-57.56346658526883
-103.70042792941588
-185.19249740358032
36.08499140680448
-212.91459272300995
55.61240350023139
75.16294301222318
-143.59256585805832
15.337502596419718
16.203340370635132
88.51636662973654
-69.12383150096231
-150.1861637389752
-92.38667274172062
-69.20522503143059
-109.7388112874927
-110.1339480644532
-181.75791507557614
9.079640254499509
-265.11617555545354
71.95643415324415
-267.8301445273937
64.19942010173446
-46.31780631740394
33.171363895695706
0.0
13.53791575636196
-415.9895115745127
-203.01048842548732
137.32226124736735
50.21704914612961
87.31569735814249
-67.78
125.04583514376554
-193.55992200110487
232.27876366106386
3.141592653589793
0.0
2.99571666513023
0.0
3.0683857965638466
2.2737367544323206e-13
34.15
0.0
0.0
0.0
0.0
0.0
0.0
0.0
0.0
0.0
0.0
0.0
2.802624132641333
0.0
2.7804588382233963
9.094947017729282e-13
0.0
0.0
0.0
0.0
0.0
0.0
0.0
0.0
0.0
0.0
2.912854316783576
0.0
2.896267928138859
0.0
0.0
0.0
0.0
0.0
0.0
0.0
2.5274586566853685
0.0
2.2948595147043513
0.0
468.4501377380063
32.17
262.0
0.0
0.0
0.0
0.0
0.0
0.0
0.0
0.0
0.0
0.0
0.0
2.049295830343873
1.1368683772161603e-13
2.888235157481153
1.8189894035458565e-12
0.9
0.9
0.26
0.26
0.6
0.27
0.27
0.27
0.14
0.14
0.14
0.31
0.13
0.13
0.13
0.13
0.09
0.09
0.09
0.09
0.2
0.2
0.2
1.9
1.9
1.9
1.9
1.9
1.9
0.57
1.38
0.9
0.9
1.38
0.9
41.08
126.98
160.0
0.0
20.0
943.5
140.0
0.0
0.0
0.0
0.0
0.0
0.0
0.0
0.0
0.0
0.0
0.0
0.0
0.0
0.0
0.0
0.0
0.0
0.0
0.0
0.0
0.0
0.0
0.0
0.0
0.0
0.0
0.0
0.0
0.0
0.0
0.0
0.0
0.0
0.0
0.0
0.0
0.0
0.0
0.0
0.0
0.0
0.0
2.8287890735557926
0.0
2.9966834943060316
0.0
2.8771785833176033
0.0
29.8289579825
0.0
2.8400784234536123
0.0
2.8666202119240363
0.0
2.6669630290001467
1.1937117960769683e-12
244.53
0.0
0.0
20.0
59.93760211375
0.0
0.0
0.0
0.0
0.0
2.7563383869126405
1.4210854715202004e-14
62.6
55.071508089374994
0.0
0.0
2.8187302337894202
0.0
2.9215223600395093
0.0
2.900612298332131
1.4210854715202004e-14
2.7918770368725543
0.0
2.5142474217963127
6.679101716144942e-13
62.6
4.6
30.4
0.31748176325000005
1.00678880325
2.3995479636250003
0.1845753363125
0.0
0.0
0.0
0.0
0.0
0.0
0.0
0.0
0.0
2.3970458494124904
0.0
84.92
0.0
302.54
0.0
0.0
0.0
56.96
0.0
0.0
0.0
0.0
0.0
0.0
0.0
2.2249099238767056
0.0
141.75
677.8
0.0
0.0
0.0
0.0
0.0
0.0
0.0
0.0
0.0
0.0
0.0
0.0
2.072516807987039
0.0
0.24046299493750006
0.5067871375624999
0.2793088408125
0.41793041125
0.08745928418749999
0.35507211425
0.0
0.0
0.0
0.0
0.0
0.0
3.010053190965582
1.0231815394945443e-12
3.1126424931588095
0.0
3.125600553399495
0.0
2.4342458297206107
0.0
11.66028591375
0.4386245165625
0.0
0.0
3.0805052996270956
0.0
0.8
122.6998197125
0.0
0.0
2.954165405152136
0.0
2.63442677801044
0.0
0.6
0.6
0.6
2.25
0.0
0.1
0.4
0.48
0.24
0.49
0.05
0.05
0.0
0.0
0.0
0.0
0.0
0.0
0.0
0.0
0.0
0.0
0.0
0.0
0.0
0.0
2.376607032130861
0.0
2.380117865351846
0.0
21.45299911
0.0
2.16
0.0
0.0
0.0
2.380252477126542
0.0
2.3590762692664398
1.3017142919125035e-11
2.237622358279489
0.0
2.3125032895583137
0.0
0.0
0.0
2.2667944868814467
5.648814749292796e-13
2.2372195929506646
0.0
0.0
7.43
0.0
0.0
2.0967481161011996
0.0
2.252923779374586
0.0
2.020643273211138
0.0
1.918480118944232
0.0
0.0
7.43
0.0
0.0
1.8247865739050984
0.0
1.7537746753558865
0.0
1.751952507092321
0.0
65.9
42.69
0.0
82.0
0.0
0.0
0.0
0.0
1.7206652128335034
0.0
1.735527911251891
0.0
1.7562279859480894
0.0
1.7671242490274441
3.552713678800501e-15
1.7629622167403416
0.0
0.0
0.0
61.896670948125006
0.0
0.0
0.0
1.7270004563854608
2.1600499167107046e-12
0.0
0.0
22.0
4.0267092245625
0.0
0.0
0.0
0.0
1.7240449299964422
0.0
75.0
75.0
0.0
0.0
0.0
0.0
1.7216282701081627
2.48157050464215e-12
1.7353383097151267
0.0
1.7472559074830247
0.0
97.98
97.98
46.7
0.0
0.0
0.0
1.6465348569001377
2.1316282072803006e-13
1.5811262543209426
0.0
97.98
97.98
27.07
0.0
0.0
0.0
1.5658173968521305
8.526512829121202e-13
0.0
97.98
0.0
0.0
1.5681993780830605
0.0
1.602101611884101
0.0
1.579079205141192
0.0
636.0
6.91
0.0
0.0
0.0
0.0
0.0
0.0
1.5592596474650393
9.450218385609332e-13
446.4
77.0
0.0
0.0
1.5418798152077722
0.0
1.5719252336122378
0.0
1.5490612809782152
0.0
74.05
74.05
87.71
87.71
30.09351109875
0.0
0.0
0.0
0.0
0.0
1.6350119056264654
0.0
25.6
0.0
2.115772875552356
0.0
2.1400382232401802
1.4210854715202004e-14
0.0
0.0
2.2630737889517314
0.0
2.1400382232401802
0.0
100.0
0.0
2.0952193792519087
0.0
1.9670053290561331
0.0
77.0
60.8
4.030736948874999
0.0
0.0
0.0
1.7491092862017916
0.0
60.8
41.55
0.0
0.0
0.0
0.0
0.0
0.0
1.4997197917554015
0.0
1.5031597476492449
0.0
1.489643594163437
0.0
140.0
27.07
80.67
80.67
0.0
0.0
0.0
0.0
1.4184972610606186
0.0
1.5029530082098146
0.0
25.449427483749997
7.5553554558125064
46.601398790000005
0.0
0.0
0.0
1.2538743520860658
0.0
1.0666303384717621
0.0
0.7430432705536605
0.0
0.0
0.0
0.0
0.0
0.0
0.0
0.0
0.0
0.5585764773220223
0.0
-0.7560589552100396
0.0
687.8757772456399
462.3333346897902
0.0
0.0
-3.141592653589793
0.0
0.7733129159562706
1.0658141036401503e-14
186.49999999999997
374.20000000000005
0.0
0.0
0.7907349865135425
0.0
0.0
0.0
0.0
0.0
0.0
0.0
0.0
0.0
0.9799638228200287
2.842170943040401e-14
0.0
0.0
0.0
0.0
0.0
0.0
0.9700235333675326
0.0
0.0
0.0
0.0
0.0
269.90004959375
0.0
0.0
0.0
0.0
0.0
0.9548990738150795
0.0
1.0952500870212978
0.0
1.1823537674117566
1.6768808563938364e-12
1.275192605015749
0.0
1.303152366689336
9.947598300641403e-13
1.3672526157882288
0.0
1.3114344959742712
0.0
110.0
41.55
41.55
7.43
0.0
0.0
0.0
0.0
1.0465050380635923
1.0658141036401503e-14
0.0
0.0
0.0
0.0
0.0
0.0
0.0
0.0
58.40640127125
49.713018317499994
0.0
0.0
0.0
0.0
0.0
0.0
0.0
0.0
0.0
7.105427357601002e-15
1.0627254051068828
0.0
1.0825440810812224
0.0
1.0046236455171158
7.105427357601002e-15
0.36
0.36
0.48
0.48
0.48
0.48
0.28
0.19
0.19
0.19
0.56
0.56
3.75
0.69
0.69
0.36
0.9
0.9
0.32
0.27
0.18
0.9
0.5599999999999999
0.0
0.0
0.0
0.0
0.0
0.0
0.0
0.0
0.0
0.0
0.0
0.0
0.0
0.0
0.0
0.0
0.0
0.0
0.0
0.0
0.0
0.0
0.0
0.0
0.0
0.9878494770938835
0.0
124.75784893125
0.0
0.8803565391067542
0.0
0.0
224.24962156874997
0.0
0.0
0.8123939344169409
0.0
0.8161312693758134
0.0
0.0
0.0
640.1
0.0
0.0
0.0
0.0
0.0
0.0
0.0
0.0
0.0
0.0
0.0
0.0
0.0
0.0
0.0
0.3265579175300699
0.0
0.8650991398504334
0.0
0.8844583503352149
0.0
177.3292138875
0.0
0.9120503956903505
0.0
0.0
0.0
0.0
0.0
0.0
0.0
0.0
0.0
0.0
0.0
0.0
0.0
0.0
0.0
0.0
0.0
0.0
0.0
0.9120503956903505
0.0
0.0
0.0
0.0
0.0
0.0
1.35
4.65
0.0
70.3450174175
0.0
0.0
0.0
0.0
0.0
0.0
0.0
0.0
0.0
0.9252084907543473
0.0
619.0
0.0
2.54178943191555
0.0
3.0381573183606956
0.0
3.047233160717683
0.0
40.71
27.07
0.0
0.0
1.5463161909776937
0.0
3.003739148748339
0.0
1.8746178507555404
0.0
-146.02201046988733
-172.65768166220636
-277.760581660623
-266.59903549295177
245.17681216809518
-79.74225310471263
-762.6201377380064
947.5662229737055
-762.6201377380064
124.43462911968228
158.02979365203646
-303.2963465385492
-270.98634989563385
-149.74795188003327
-198.46721938974503
148.35613791783612
68.44343672102146
-64.07736123534568
-19.02572300641384
45.361077165542085
-396.1450673211939
-110.85906881780157
176.98090677511283
126.55547034310402
87.85651816238138
-54.18322249816538
-24.629047957244584
-112.09820768467986
-174.6098207998741
-238.21457799207784
-361.67187239950886
398.9348583315626
481.68298593205384
119.98748791709853
13.741315206705934
599.786596167648
-184.94608523569912
420.61514166843733
264.58238683124176
-136.2394373674043
381.5420497279956
-128.2638522088196
-74.02355735436822
-165.31482752659994
-178.99724763719203
1.3197232814136584
-42.33721547185005
-193.90880897115744
13.602406701824606
-186.49747724004555
323.8770960056861
-43.93677330884978
-54.929632368504144
-364.11753973490977
-75.55173996251942
-60.72873496048073
-92.92151408217728
-104.05294580869571
-94.65383299007394
-73.57718783582385
-113.38862844325058
-69.09553468553618
-55.914880747187226
-38.53654328714437
-52.97514003581413
-116.43433536954399
-116.43433536954399
-106.35210005910601
-61.9550381424679
19.76422661956405
25.958228550818557
18.531059657580506
-2.5455854966695775
-29.47685274819232
2.1921257962357004
2.1770596399502344
-4.180376787858485
-56.253259456305386
-16.0043701203518
14.192587579768086
-0.14149368414931157
26.529645306094082
-12.478551410475308
-35.09184452084469
-29.917694505039663
-31.419838159274416
-35.91755009429206
-45.109381088197935
-53.8116400346953
-113.3989442071845
-23.042560135001217
6.335056465036359
115.11203371454512
-115.11203371454512
-49.48435929308471
-687.9946357405959
-65.62767442146041
-194.54341420454784
-194.54341420454784
-12.073193978693212
3.1844919052765697
-46.9725196194031
29.601397443518838
-63.739790542652266
-42.751177007977894
-26.43620592735789
232.29898556136445
378.5519448220218
-68.35309205819925
68.35309206744112
-68.35309206744108
68.35309206744114
0.0
-15.535522524594342
-105.5088982308132
272.12575689378036
-315.79815316693356
-168.50641517254599
-133.9525879910184
-233.75964849211175
27.741579788948258
-55.39407166669342
-167.46913544478684
-77.35479113943542
-101.06013221598184
-228.2587761040167
-228.2587761040167
-288.2127078106812
-510.8977178290438
-245.14171812761856
-343.27963592434446
-287.7797085381868
-1068.8092947660966
-1150.2091119354302
210.52592023765507
134.1956700573303
24.469200220496145
100.65363633001637
189.79823098411086
-11.890298390102998
325.077400629611
103.83560233408818
-11.890298390102998
165.50827028770328
143.95866683218821
118.99409893071976
213.91437231878595
-63.376315594320545
92.97738605227414
139.00874483029565
-54.86578725192453
-99.13218989199046
-180.57874902623806
36.551298737867
-206.25579707324323
51.11473798011877
72.42966000997541
-138.94362618859526
19.951250973761983
15.704180644457153
88.95272220336824
-69.57181747129177
-142.62081528068347
-89.3965029355182
-67.86170327329125
-107.97264165004862
-107.6830287016932
-179.79525053595307
6.832422228661926
-265.48416221786476
74.9718427384644
-267.52642175811377
67.21948084563381
-41.80864941950772
36.21003327431144
0.0
20.559523537494783
-415.85912650028524
-203.14087349971473
137.24168824049542
50.17539776432265
87.26771496754439
-67.78
124.96433942574652
-192.07375946049947
230.7142730619785
3.141592653589793
0.0
2.9957510116487023
0.0
3.068448558954013
0.0
34.15
0.0
0.0
0.0
0.0
0.0
0.0
0.0
0.0
0.0
0.0
0.0
2.802943872080899
0.0
2.7808072524500314
0.0
0.0
0.0
0.0
0.0
0.0
0.0
0.0
0.0
0.0
0.0
2.9130171811347827
0.0
2.8963980045779376
0.0
0.0
0.0
0.0
0.0
0.0
0.0
2.528144485444042
0.0
2.296086642014388
0.0
466.67538838905324
32.17
262.0
0.0
0.0
0.0
0.0
0.0
0.0
0.0
0.0
0.0
0.0
0.0
2.0510944269442932
0.0
2.8883815030557027
0.0
0.9
0.9
0.26
0.26
0.6
0.27
0.27
0.27
0.14
0.14
0.14
0.31
0.13
0.13
0.13
0.13
0.09
0.09
0.09
0.09
0.2
0.2
0.2
1.9
1.9
1.9
1.9
1.9
1.9
0.57
1.38
0.9
0.9
1.38
0.9
41.08
126.98
160.0
0.0
20.0
943.5
140.0
0.0
0.0
0.0
0.0
0.0
0.0
0.0
0.0
0.0
0.0
0.0
0.0
0.0
0.0
0.0
0.0
0.0
0.0
0.0
0.0
0.0
0.0
0.0
0.0
0.0
0.0
0.0
0.0
0.0
0.0
0.0
0.0
0.0
0.0
0.0
0.0
0.0
0.0
0.0
0.0
0.0
0.0
2.8288886592794795
0.0
2.9967864311722807
0.0
2.8772935394561756
0.0
29.835287315000002
0.0
2.840333400899765
0.0
2.866735265227093
0.0
2.667272524226683
0.0
244.53
0.0
0.0
20.0
58.21452903875
0.0
0.0
0.0
0.0
0.0
2.7570666318136827
0.0
62.6
55.018750946874995
0.0
0.0
2.8191235911444408
0.0
2.921713044384956
0.0
2.900710577114519
1.4210854715202004e-14
2.7919183038969266
0.0
2.5142521272399705
0.0
62.6
4.6
30.4
0.34183214325000005
1.085741538
2.4283338713750005
0.1930724178125
0.00035529500000000005
0.0
0.0
0.0
0.0
0.0
0.0
0.0
0.0
2.3972811669363394
0.0
84.92
0.0
302.54
0.0
0.0
0.0
56.96
0.0
0.0
0.0
0.0
0.0
0.0
0.0
2.2249062673248767
0.0
141.75
677.8
0.0
0.0
0.0
0.0
0.0
0.0
0.0
0.0
0.0
0.0
0.0
0.0
2.0726459991500286
0.0
0.2818510696875
0.5467356890624999
0.3059844980625
0.44808650750000006
0.12150741968749998
0.400629587
0.0
0.0
0.0
0.0
0.0
0.0
3.009465633562215
0.0
3.1120539218618073
0.0
3.1250682105375422
0.0
2.4346741021262877
0.0
11.75544376375
0.5142835203125
0.0
0.0
3.080021108309247
0.0
0.8
123.1494052875
0.0
0.0
2.953644073696094
0.0
2.634664663011437
1.4210854715202004e-14
0.6
0.6
0.6
2.25
0.0
0.1
0.4
0.48
0.24
0.49
0.05
0.05
0.0
0.0
0.0
0.0
0.0
0.0
0.0
0.0
0.0
0.0
0.0
0.0
0.0
0.0
2.3768851505635844
0.0
2.3803759230628168
0.0
21.45299911
0.0
2.16
0.0
0.0
0.0
2.3805103504674836
0.0
2.3593761441419487
0.0
2.238127781093994
0.0
2.3126904416828444
0.0
0.0
0.0
2.2669556943968607
1.4210854715202004e-14
2.2373460292920044
0.0
0.0
7.43
0.0
0.0
2.096895562518282
0.0
2.2531088289059293
0.0
2.020796274759699
1.0658141036401503e-14
1.9186552360689781
0.0
0.0
7.43
0.0
0.0
1.8250722025905788
0.0
1.7542518846358583
0.0
1.7522314380318336
0.0
65.9
42.69
0.0
82.0
0.0
0.0
0.0
0.0
1.7209660923691874
0.0
1.7356025410823834
1.7208456881689926e-15
1.7560116858964676
1.7763568394002505e-15
1.766817901919405
0.0
1.7624746535244349
0.0
0.0
0.0
63.209894623125
0.0
0.0
0.0
1.7264436237119951
2.4371615836571436e-12
0.0
0.0
22.0
4.0905580970625
0.0
0.0
0.0
0.0
1.7235400645753831
7.105427357601002e-15
75.0
75.0
0.0
0.0
0.0
0.0
1.7211284896382228
1.9664270212160773e-12
1.7350633220553313
5.551115123125783e-17
1.7469070190132452
1.7763568394002505e-15
97.98
97.98
46.7
0.0
0.0
0.0
1.6465732627464513
2.1316282072803006e-13
1.5815432800788944
0.0
97.98
97.98
27.07
0.0
0.0
0.0
1.5662855037162637
4.263256414560601e-13
0.0
97.98
0.0
0.0
1.5686534653851052
0.0
1.6025470121703922
0.0
1.5797354833756474
0.0
636.0
6.91
0.0
0.0
0.0
0.0
0.0
0.0
1.5604463952588712
8.171241461241152e-13
446.4
77.0
0.0
0.0
1.5425961535169985
0.0
1.5724839810256195
0.0
1.5508430523992682
0.0
74.05
74.05
87.71
87.71
29.70008558375
0.0
0.0
0.0
0.0
0.0
1.6369139211975585
0.0
25.6
0.0
2.117262579100169
0.0
2.1414197112257636
0.0
0.0
0.0
2.2639065783120573
2.2737367544323206e-13
2.1414197112257636
0.0
100.0
0.0
2.0969713989437837
0.0
1.9689308631823363
0.0
77.0
60.8
4.094649686124999
0.0
0.0
0.0
1.7513817781044176
0.0
60.8
41.55
0.0
0.0
0.0
0.0
0.0
0.0
1.5028782506887186
0.0
1.5063577553575314
7.105427357601002e-15
1.4929601405504382
0.0
140.0
27.07
80.67
80.67
0.0
0.0
0.0
0.0
1.4222203509924838
0.0
1.5054203501539212
0.0
25.453638591249998
7.7497231810625005
46.383495350000004
0.0
0.0
0.0
1.2575291688786359
0.0
1.0696079212197924
6.252776074688882e-13
0.7449971514944015
0.0
0.0
0.0
0.0
0.0
0.0
0.0
0.0
0.0
0.5600539434450692
0.0
-0.7551791172174137
0.0
688.3
462.33333468979026
0.0
0.0
-3.141592653589793
0.0
0.774148923216807
0.0
186.5
390.6353931527957
0.0
0.0
0.7912235674441837
0.0
0.0
0.0
0.0
0.0
0.0
0.0
0.0
0.0
0.9815724877426176
0.0
0.0
0.0
0.0
0.0
0.0
0.0
0.9732609298028778
0.0
0.0
0.0
0.0
0.0
258.75373881875
0.0
0.0
0.0
0.0
0.0
0.9606146359018588
0.0
1.1016090290135112
0.0
1.1892938686814551
2.4158453015843406e-13
1.2812517928871452
0.0
1.3081687281476864
3.979039320256561e-13
1.371623740008306
0.0
1.3176021783023897
0.0
110.0
41.55
41.55
7.43
0.0
0.0
0.0
0.0
1.0549886555183277
3.552713678800501e-15
0.0
0.0
0.0
0.0
0.0
0.0
0.0
0.0
57.34605926625
48.01744222
0.0
0.0
0.0
0.0
0.0
0.0
0.0
0.0
0.0
0.0
1.073087813278341
0.0
1.0908624449055868
0.0
1.011200300903763
0.0
0.36
0.36
0.48
0.48
0.48
0.48
0.28
0.19
0.19
0.19
0.56
0.56
3.75
0.69
0.69
0.36
0.9
0.9
0.32
0.27
0.18
0.9
0.5599999999999999
0.0
0.0
0.0
0.0
0.0
0.0
0.0
0.0
0.0
0.0
0.0
0.0
0.0
0.0
0.0
0.0
0.0
0.0
0.0
0.0
0.0
0.0
0.0
0.0
0.0
1.0015739463057378
0.0
122.79097860625
0.0
0.8959635267988553
0.0
0.0
220.62761269374997
0.0
0.0
0.8287206434030108
0.0
0.8313660819236904
0.0
0.0
0.0
640.1
0.0
0.0
0.0
0.0
0.0
0.0
0.0
0.0
0.0
0.0
0.0
0.0
0.0
0.0
0.0
0.3422644612134901
0.0
0.8830493916611684
0.0
0.9030754146055212
0.0
176.50888603750002
0.0
0.9324496317993178
0.0
0.0
0.0
0.0
0.0
0.0
0.0
0.0
0.0
0.0
0.0
0.0
0.0
0.0
0.0
0.0
0.0
0.0
0.0
0.9324496317993178
0.0
0.0
0.0
0.0
0.0
0.0
1.35
4.65
0.0
64.9570254825
0.0
0.0
0.0
0.0
0.0
0.0
0.0
0.0
0.0
0.9490090673989697
0.0
619.0
0.0
2.5419916432161087
0.0
3.037573530797672
0.0
3.0466417345174746
0.0
40.71
27.07
0.0
0.0
1.5480979623987468
0.0
3.003738596810239
0.0
1.8766864013775741
0.0
-145.98762957051594
-172.50965715709896
-277.40124848935756
-266.3345430517843
244.8332012876448
-79.89988729763876
-760.8453883890533
946.3024981346327
-760.8453883890533
124.18260315310404
157.73350530583411
-303.5349172062033
-270.88044209498463
-149.72493729658345
-198.55689796443872
148.29675527994488
68.46517705325016
-64.01515150543138
-18.953917207657415
45.37962342377334
-396.0203126750321
-110.75110550658776
177.81011405144443
125.87618525987041
87.68329336787413
-53.832004455352944
-24.737888432033174
-112.15698269294073
-174.63281550472556
-237.74585425189605
-361.6823248938679
398.58708944461927
481.32476455075147
119.98630207658925
13.800942391268649
599.4804694172408
-185.4571097455795
420.9629105553807
264.07458993785286
-136.09396442450574
381.0858165105833
-128.30155793285869
-73.93584086786223
-165.32856743428124
-179.0439030713211
1.3179157320770543
-42.253076307772666
-193.86515412995286
13.526865314571893
-186.26602572110278
323.3289681682954
-44.04311552675219
-55.01217246379363
-363.9746686074396
-75.59462361395249
-60.80013367520026
-92.92903380804114
-104.03738278962754
-94.66689247775994
-73.63255303593155
-113.3640828537091
-69.01403648440821
-55.76402988538371
-38.54008706807986
-53.257267626673894
-116.38683285604799
-116.38683285604799
-106.28448585967736
-61.91157557578747
19.463362649903715
25.58072520241989
18.37791840518002
-2.656421036648368
-29.533630992090238
1.8953395647351954
1.8823131763110628
-4.106872894779396
-55.65585418369665
-15.970694947378352
14.42529235209125
-0.4024022589850614
26.68584820475509
-12.662958111648903
-34.832255109686116
-29.703277645975504
-31.19465560019451
-35.665802519026506
-44.848263907762956
-53.52517268946781
-113.02056564290115
-22.97649677655933
6.29777039565397
114.05764397372455
-114.05764397372455
-50.1864912719775
-687.303636775735
-63.87115270174705
-194.09133719300462
-194.09133719300462
-11.952895351553593
3.273944991889458
-48.24389660496308
29.446135477165903
-60.02089287251814
-42.238287774318266
-25.942028138665194
232.62396975069663
378.2272896855818
-68.04825948862896
68.04825949782936
-68.04825949782958
68.04825949782935
0.0
-15.337248795148241
-105.19979852980782
272.14503439796795
-315.3707777129577
-167.90778880043592
-132.70858466208506
-233.1428777031141
28.06052152257128
-54.90825740963354
-166.30494781897278
-76.81704733128366
-100.48265558994002
-224.86486262321478
-224.86486262321478
-287.63081114076203
-512.7455596965242
-245.91724979983223
-344.29322823855887
-288.52294538302715
-1069.295171294905
-1150.6333346897902
209.89703899987592
133.62406011950463
23.98124189199916
101.2494256874164
190.92168533903282
-9.942054953472285
335.427858365573
107.14172577227725
-9.942054953472285
166.26697300636397
144.733691631498
119.78803237015134
211.88461794520288
-62.665726843440666
95.54633825209066
136.79500511679862
-54.17196039060086
-96.86867841404164
-178.26781333554288
38.12650080024946
-200.3552679323966
49.20829115543242
71.70057838469498
-136.6002039296501
22.26218666445715
14.084494157145912
90.49313955584566
-71.12691429075706
-136.2168894886522
-86.82563062164203
-66.67324463679661
-106.3712633274144
-105.55534120110975
-177.8912259483751
4.836267862568775
-265.82305036136955
77.28129199169871
-267.2686451813292
69.53480188566327
-38.127035025361224
38.54884146152152
0.0
25.874118124456118
-416.2155515035091
-202.78444849649085
137.13963577811526
50.170176715955265
87.19426653307478
-67.78
124.89281252446881
-191.77642786833695
230.33938100209036
3.141592653589793
2.842170943040401e-14
2.9957735641965453
0.0
3.0685163269933753
0.0
34.15
0.0
0.0
0.0
0.0
0.0
0.0
0.0
0.0
0.0
0.0
0.0
2.8032932558535046
0.0
2.7811896711495936
0.0
0.0
0.0
0.0
0.0
0.0
0.0
0.0
0.0
0.0
0.0
2.913187709671246
0.0
2.89652559931369
0.0
0.0
0.0
0.0
0.0
0.0
0.0
2.528915523833754
5.684341886080802e-14
2.2976148472553675
0.0
464.19287412229227
32.17
262.0
0.0
0.0
0.0
0.0
0.0
0.0
0.0
0.0
0.0
0.0
0.0
2.0534220017791984
1.1368683772161603e-13
2.888519901782303
0.0
0.9
0.9
0.26
0.26
0.6
0.27
0.27
0.27
0.14
0.14
0.14
0.31
0.13
0.13
0.13
0.13
0.09
0.09
0.09
0.09
0.2
0.2
0.2
1.9
1.9
1.9
1.9
1.9
1.9
0.57
1.38
0.9
0.9
1.38
0.9
41.08
126.98
160.0
0.0
20.0
943.5
140.0
0.0
0.0
0.0
0.0
0.0
0.0
0.0
0.0
0.0
0.0
0.0
0.0
0.0
0.0
0.0
0.0
0.0
0.0
0.0
0.0
0.0
0.0
0.0
0.0
0.0
0.0
0.0
0.0
0.0
0.0
0.0
0.0
0.0
0.0
0.0
0.0
0.0
0.0
0.0
0.0
0.0
0.0
2.8289691786742703
0.0
2.996837986267436
0.0
2.8773421892514466
7.105427357601002e-15
29.8416166475
0.0
2.8403917777620316
2.5579538487363607e-13
2.8667765888725243
0.0
2.6673902458447514
4.547473508864641e-13
244.53
0.0
0.0
20.0
56.491455963750006
0.0
0.0
0.0
0.0
0.0
2.757587850826001
1.4210854715202004e-14
62.599999999999945
54.965993804374996
0.0
0.0
2.819295032760903
0.0
2.9216509597091442
0.0
2.9005336984679544
0.0
2.791658834275064
2.1316282072803006e-14
2.5139141672173126
5.194067398406332e-12
62.6
4.6
30.4
0.36618252325000045
1.16469427275
2.4571197791250006
0.2015694993125
0.001776475
0.0
0.0
0.0
0.0
0.0
0.0
0.0
0.0
2.3970878922161463
1.4210854715202004e-14
84.92
0.0
302.54
0.0
0.0
0.0
56.96
0.0
0.0
0.0
0.0
0.0
0.0
0.0
2.224627960545809
0.0
141.75
677.8
0.0
0.0
0.0
0.0
0.0
0.0
0.0
0.0
0.0
0.0
0.0
0.0
2.0725312364208346
0.0
0.3232391444375
0.5866842405624995
0.3326601553125
0.47824260375
0.15555555518749997
0.44618705975000006
0.0
4.440892098500626e-16
0.0
0.0
0.0
0.0
3.0086110252374136
1.1937117960769683e-12
3.1112068890332347
0.0
3.124286879588035
0.0
2.4349275275720834
5.684341886080802e-14
11.85060161375
0.5899425240625
0.0
0.0
3.0792912541530186
5.684341886080802e-14
0.8
123.5989908625
0.0
0.0
2.952853013877582
0.0
2.6346150979748
0.0
0.6
0.6
0.6
2.25
0.0
0.1
0.4
0.48
0.24
0.49
0.05
0.05
0.0
0.0
0.0
0.0
0.0
0.0
0.0
0.0
0.0
0.0
0.0
0.0
0.0
0.0
2.376773186099587
0.0
2.380243441290417
0.0
21.45299911
0.0
2.16
0.0
0.0
0.0
2.380377810194886
0.0
2.359284866227151
3.97193389289896e-12
2.2382466753186963
0.0
2.31243428025459
0.0
0.0
0.0
2.2666438173582644
8.810729923425242e-13
2.2369755691794797
0.0
0.0
7.43
0.0
0.0
2.0964801041348906
0.0
2.25281055382402
0.0
2.0203298332105657
0.0
1.9181609334234442
0.0
0.0
7.43
0.0
0.0
1.8246509011017582
0.0
1.753994566285392
0.0
1.751792226826746
0.0
65.9
42.69
0.0
82.0
0.0
0.0
0.0
0.0
1.720545833969266
0.0
1.7349526593855948
0.0
1.7550668106585168
0.0
1.7657819795533842
0.0
1.7612547342390639
0.0
0.0
0.0
64.52311829812501
0.0
0.0
0.0
1.7251523599904652
7.034373084024992e-12
0.0
0.0
22.0
4.1544069695625
0.0
0.0
0.0
0.0
1.7222998052321608
0.0
75.0
75.0
0.0
0.0
0.0
0.0
1.7198938525580172
0.0
1.734057811415004
0.0
1.7458268750344006
0.0
97.98
97.98
46.7
0.0
0.0
0.0
1.6458656567231684
0.0
1.5812101270518883
0.0
97.98
97.98
27.07
0.0
0.0
0.0
1.566002863518346
4.405364961712621e-13
0.0
97.98
0.0
0.0
1.5683581232440351
1.5276668818842154e-13
1.6022413624948695
0.0
1.5796381012378131
0.0
636.0
6.91
0.0
0.0
0.0
0.0
0.0
0.0
1.5608722580512955
0.0
446.4
77.0
0.0
0.0
1.5425683440598923
2.842170943040401e-14
1.57229612717064
0.0
1.5517921259868326
0.0
74.05
74.05
87.71
87.71
29.30666006875
0.0
0.0
0.0
0.0
0.0
1.6379615279036093
0.0
25.6
0.0
2.1179665453623775
0.0
2.1420462727373524
0.0
0.0
0.0
2.2641406650318654
1.4210854715202004e-13
2.1420462727373524
0.0
100.0
0.0
2.0978666595584436
0.0
1.9699778431841608
3.410605131648481e-13
77.0
60.8
4.158562423375
0.0
0.0
0.0
1.7527123445417045
0.0
60.8
41.55
0.0
0.0
0.0
0.0
0.0
0.0
1.5050032821229264
0.0
1.5085197402272958
0.0
1.4952355571407188
0.0
140.0
27.07
80.67
80.67
0.0
0.0
0.0
0.0
1.4248875762974087
0.0
1.5069761836137041
0.0
25.45784969875
7.9440909063125
46.16559191
0.0
0.0
0.0
1.259956085835277
7.389644451905042e-13
1.071304979385448
0.0
0.7455889873196331
0.0
0.0
0.0
0.0
0.0
0.0
0.0
0.0
0.0
0.5601297775876386
0.0
-0.7551791172174137
0.0
688.3
462.33333468979026
0.0
0.0
-3.141592653589793
0.0
0.7732938826601723
0.0
186.49999999999997
408.2017080927399
0.0
0.0
0.7898190769539897
0.0
0.0
0.0
0.0
0.0
0.0
0.0
0.0
0.0
0.9813327678076029
2.220446049250313e-14
0.0
0.0
0.0
0.0
0.0
0.0
0.9747072830175706
0.0
0.0
0.0
0.0
0.0
247.60742804375
0.0
0.0
0.0
0.0
0.0
0.9646264018519748
0.0
1.1064157828155763
0.0
1.1948126508846044
7.673861546209082e-13
1.285955442000391
0.0
1.3119124582872534
6.679101716144942e-13
1.3748276966381903
0.0
1.322584089459659
0.0
110.0
41.55
41.55
7.43
0.0
0.0
0.0
0.0
1.0621688823799615
0.0
0.0
0.0
0.0
0.0
0.0
0.0
0.0
0.0
56.28571726125001
46.321866122500005
0.0
0.0
0.0
0.0
0.0
0.0
0.0
0.0
0.0
0.0
1.0820491422108207
0.0
1.09764983193065
0.0
1.016130697979581
0.0
0.36
0.36
0.48
0.48
0.48
0.48
0.28
0.19
0.19
0.19
0.56
0.56
3.75
0.69
0.69
0.36
0.9
0.9
0.32
0.27
0.18
0.9
0.5599999999999999
0.0
0.0
0.0
0.0
0.0
0.0
0.0
0.0
0.0
0.0
0.0
0.0
0.0
0.0
0.0
0.0
0.0
0.0
0.0
0.0
0.0
0.0
0.0
0.0
0.0
1.0138973362786141
0.0
120.82410828125
0.0
0.910169435251978
0.0
0.0
217.00560381874996
0.0
0.0
0.8436462731501025
9.947598300641403e-14
0.8451998152325891
0.0
0.0
0.0
640.1
0.0
0.0
0.0
0.0
0.0
0.0
0.0
0.0
0.0
0.0
0.0
0.0
0.0
0.0
0.0
0.3565699256579317
0.0
0.8995985642329251
0.0
0.9202913996368488
0.0
175.6885581875
0.0
0.951447788669307
0.0
0.0
0.0
0.0
0.0
0.0
0.0
0.0
0.0
0.0
0.0
0.0
0.0
0.0
0.0
0.0
0.0
0.0
0.0
0.951447788669307
0.0
0.0
0.0
0.0
0.0
0.0
1.35
4.65
0.0
59.5690335475
0.0
0.0
0.0
0.0
0.0
0.0
0.0
0.0
0.0
0.9714085648046141
0.0
619.0
0.0
2.541992014678704
0.0
3.0367211395076725
1.4210854715202004e-14
3.0457818957048177
0.0
40.71
27.07
0.0
0.0
1.549047035986311
0.0
3.003718978543242
0.0
1.8778466597142527
0.0
-145.9650544475498
-172.34982687558627
-276.98727697363734
-266.04319984790436
244.44081209668866
-80.1062998010707
-758.3628741222924
944.8469936771653
-758.3628741222924
123.87593884207106
157.3757047589279
-303.8302199194968
-270.7863400707406
-149.71696769944083
-198.69535484963825
148.17795414254502
68.42009982620692
-64.01236027502566
-18.948928968172915
45.33262612239777
-395.88451231853287
-110.7086857549808
178.6091187926134
125.16669764147416
87.4836982462727
-53.54503807414403
-24.873099233915937
-112.24212802829578
-174.68218053667118
-237.4517784339114
-361.60775833937953
398.1589636596281
480.97120532024866
119.99516230609474
13.870615645846158
599.1307172838724
-186.48411955487285
421.39103634037184
263.53231497030566
-135.93844541159234
380.692841839435
-128.36369566104133
-73.85167066087297
-165.41533744947694
-179.15864237515248
1.317342200721825
-42.170171161676656
-193.8945293962627
13.450089909337805
-186.0459560488125
322.76850912955865
-44.19866601114291
-55.143481466046296
-364.2238004983734
-75.68671553187387
-60.9204274614801
-92.98563563579478
-104.07071484211968
-94.7354199705144
-73.74338624110771
-113.39500526923611
-68.96020082312029
-55.634909304002804
-38.5495631084328
-53.51797170580249
-116.38831892927702
-116.38831892927702
-106.24467712547712
-61.87404526852447
19.158012521100673
25.197793203857902
18.223076350649148
-2.768957378757541
-29.592110038118538
1.5939536403429884
1.5829986327889363
-4.034730916975642
-55.06290505979632
-15.933461417467983
14.662483283557128
-0.6677969929635251
26.845778951449056
-12.851092660855453
-34.577716209444475
-29.493305113338124
-30.974140513637682
-35.4189752159732
-44.59002046206015
-53.2418621392103
-112.64639653856217
-22.909097692905238
6.263988631951179
113.0163062852817
-113.0163062852817
-50.87775269027679
-686.9923096279321
-62.138553595004915
-193.6642980821482
-193.6642980821482
-11.830173936899428
3.3658153218807527
-49.470037820045036
29.288456267434555
-56.750825402892616
-41.76855233281243
-25.488983352884077
232.8902754763651
377.9567066589357
-67.83021793765137
67.83021794682242
-67.8302179468225
67.83021794682236
0.0
-15.192657447871397
-104.95652637403691
272.1445207059792
-314.9970846411512
-167.37098812682132
-131.6418275054948
-232.6035823392001
28.35853309963993
-54.443373309128035
-165.18702231239604
-76.30067221630493
-99.92610912045258
-221.86110087925772
-221.86110087925772
-287.2769007977988
-514.7369888666976
-246.75453945169556
-345.3886498758188
-289.32794020751714
-1069.3568250693534
-1150.6333346897902
208.98441674571953
132.76838114100048
23.209542547124926
101.868984493343
192.08996072026144
-7.9252210420082525
346.15311864448677
110.56756792277413
-7.9252210420082525
167.20445868081674
145.6874993865748
120.76074876537503
210.0064311024644
-62.07424067050715
98.03089142764657
134.75236752958608
-53.597301584200196
-94.72545077304176
-176.07703588084732
39.804318760137846
-194.41984253711803
47.453411861590666
71.09066481433756
-134.37706550765387
24.45296411915271
12.361877748823176
92.13648682933456
-72.78494103123384
-129.81296369662027
-84.25475830776594
-65.48478600030222
-104.76988500478024
-103.4276537005262
-175.98720136079743
2.8401134964753965
-266.16193850487434
79.59074124493304
-267.0108686045447
71.85012292569276
-34.445420631214695
40.88764964873161
0.0
31.188712711417445
-416.6054191296401
-202.3945808703599
137.03942095542965
50.16311802789336
87.12265573829971
-67.78
124.82128562319099
-191.5409219746699
230.02631464069768
3.141592653589793
0.0
2.9957754253258484
0.0
3.06860328082909
0.0
34.15
0.0
0.0
0.0
0.0
0.0
0.0
0.0
0.0
0.0
0.0
0.0
2.8037491367419496
0.0
2.7816919379923073
9.094947017729282e-13
0.0
0.0
0.0
0.0
0.0
0.0
0.0
0.0
0.0
0.0
2.9133965954820775
1.4210854715202004e-14
2.8966653659512858
0.0
0.0
0.0
0.0
0.0
0.0
0.0
2.529962662293129
5.684341886080802e-14
2.299800711477458
0.0
460.4593470309541
32.17
262.0
0.0
0.0
0.0
0.0
0.0
0.0
0.0
0.0
0.0
0.0
0.0
2.056810061724743
1.1368683772161603e-13
2.8886596223660144
4.831690603168681e-12
0.9
0.9
0.26
0.26
0.6
0.27
0.27
0.27
0.14
0.14
0.14
0.31
0.13
0.13
0.13
0.13
0.09
0.09
0.09
0.09
0.2
0.2
0.2
1.9
1.9
1.9
1.9
1.9
1.9
0.57
1.38
0.9
0.9
1.38
0.9
41.08
126.98
160.0
0.0
20.0
943.5
140.0
0.0
0.0
0.0
0.0
0.0
0.0
0.0
0.0
0.0
0.0
0.0
0.0
0.0
0.0
0.0
0.0
0.0
0.0
0.0
0.0
0.0
0.0
0.0
0.0
0.0
0.0
0.0
0.0
0.0
0.0
0.0
0.0
0.0
0.0
0.0
0.0
0.0
0.0
0.0
0.0
0.0
0.0
2.8290221750577595
0.0
2.996784271232863
1.4210854715202004e-14
2.877254943031202
0.0
30.036259130624998
0.0
2.840028484441623
0.0
2.866691408809701
0.0
2.6671893809741394
0.0
244.53
0.0
0.0
20.0
54.9148237175
0.0
0.0
0.0
0.0
0.0
2.757611231469111
0.0
62.6
55.752790723125
0.0
0.0
2.8188800696720713
6.45172804070171e-12
2.921063935488452
0.0
2.899883835153574
0.0
2.7909922723227174
0.0
2.513284776954548
0.0
62.6
4.6
30.4
0.39566045225
1.2218661780625
2.5122431175625
0.214858655375
0.0010617273124995386
0.0
0.0
0.0
0.0
0.0
0.0
0.0
4.605690828718423e-16
2.396729244205248
0.0
84.92
0.0
302.54
0.0
0.0
0.0
56.96
0.0
0.0
0.0
0.0
0.0
0.0
0.0
2.224090083600014
0.0
141.75
677.8
0.0
0.0
0.0
0.0
0.0
0.0
0.0
0.0
0.0
0.0
0.0
0.0
2.072218450192957
0.0
0.356690933875
0.6338460221875001
0.3272375716875001
0.48075101762500005
0.16147390199999997
0.4873001206250003
0.0
0.0
0.0
0.0
0.0
0.0
3.007299141046159
5.826450433232822e-13
3.1099014909508815
0.0
3.1230536962163855
0.0
2.4351214900807134
5.684341886080802e-14
11.914833586250001
0.6379637116874999
0.0
0.0
3.0781156560387726
0.0
0.8
124.6068267125
0.0
0.0
2.9515169473909144
0.0
2.6343153127990555
0.0
0.6
0.6
0.6
2.25
0.0
0.1
0.4
0.48
0.24
0.49
0.05
0.05
0.0
0.0
0.0
0.0
0.0
0.0
0.0
0.0
0.0
0.0
0.0
0.0
0.0
0.0
2.3765957755964138
0.0
2.3800503760508485
0.0
21.45299911
0.0
2.16
0.0
0.0
0.0
2.380183138837216
3.552713678800501e-15
2.3591420287813802
0.0
2.238394213827239
0.0
2.3121750494055173
0.0
0.0
0.0
2.266357938382044
0.0
2.2366538481879665
0.0
0.0
7.43
0.0
0.0
2.096180679841521
0.0
2.252541223605928
0.0
2.0200338955094743
0.0
1.917890336859773
0.0
0.0
7.43
0.0
0.0
1.8244976642953656
0.0
1.7540434379393792
0.0
1.751630677950921
0.0
65.9
42.69
0.0
82.0
0.0
0.0
0.0
0.0
1.7204066627345236
0.0
1.7345681304167682
1.4432899320127035e-15
1.754364868788024
0.0
1.7649813149465887
0.0
1.7602512368661793
0.0
0.0
0.0
66.14596046124998
0.0
0.0
0.0
1.7240658536364732
4.938272013532696e-12
0.0
0.0
22.0
4.107403909625
0.0
0.0
0.0
0.0
1.7212946450591353
0.0
75.0
75.0
0.0
0.0
0.0
0.0
1.7188806456925816
0.0
1.7332915566267966
3.3306690738754696e-16
1.7449800675283629
0.0
97.98
97.98
46.7
0.0
0.0
0.0
1.6454534745594513
1.3926637620897964e-12
1.5812100198579049
0.0
97.98
97.98
27.07
0.0
0.0
0.0
1.5660570846063129
0.0
0.0
97.98
0.0
0.0
1.5683982550192281
2.842170943040401e-14
1.6022689489777264
0.0
1.5798935471230293
7.105427357601002e-15
636.0
6.91
0.0
0.0
0.0
0.0
0.0
0.0
1.5616985249504285
8.455458555545192e-13
446.4
77.0
0.0
0.0
1.5428850721080227
0.0
1.5724473041305744
0.0
1.5532512942211978
0.0
74.05
74.05
87.71
87.71
29.000851669375002
0.0
0.0
0.0
0.0
0.0
1.6395183431533569
0.0
25.6
0.0
2.1190576873842306
0.0
2.1430123417429954
1.2789769243681803e-13
0.0
0.0
2.2644725609977225
0.0
2.1430123417429954
0.0
100.0
0.0
2.099264090129705
0.0
1.9715747948943665
8.526512829121202e-14
77.0
60.8
4.111512348125
0.0
0.0
0.0
1.7547595167392818
0.0
60.8
41.55
0.0
0.0
0.0
0.0
0.0
0.0
1.507931823252807
0.0
1.511495879576313
1.4210854715202004e-14
1.49834755017097
0.0
140.0
27.07
80.67
80.67
0.0
0.0
0.0
0.0
1.4284584097974233
0.0
1.509181079791538
0.0
25.260953309375004
7.9982496136874985
45.77118942
0.0
0.0
0.0
1.2632671801505264
2.2737367544323206e-13
1.0736178609879674
0.0
0.7463783885345843
0.0
0.0
0.0
0.0
0.0
0.0
0.0
0.0
0.0
0.5601979871382659
0.0
-0.7551791172174139
0.0
688.3
462.33333468979015
0.0
0.0
-3.141592653589793
0.0
0.772049545144244
0.0
186.5
428.99777389909156
0.0
0.0
0.7877487790306762
0.0
0.0
0.0
0.0
0.0
0.0
0.0
0.0
0.0
0.9806325951218726
0.0
0.0
0.0
0.0
0.0
0.0
0.0
0.9759374455399253
0.0
0.0
0.0
0.0
0.0
236.84889639375
0.0
0.0
0.0
0.0
0.0
0.9687936294283082
0.0
1.1119592872930768
0.0
1.2015673639653603
1.4779288903810084e-12
1.2918111105363823
0.0
1.316695666933739
7.673861546209082e-13
1.379004445990083
0.0
1.3289804126751597
0.0
110.0
41.55
41.55
7.43
0.0
0.0
0.0
0.0
1.0712297284928372
0.0
0.0
0.0
0.0
0.0
0.0
0.0
0.0
0.0
54.858409810625005
43.77511149937499
0.0
0.0
0.0
0.0
0.0
0.0
0.0
0.0
0.0
7.105427357601002e-15
1.093276677767709
0.0
1.1058027255514478
0.0
1.021619974895068
7.105427357601002e-15
0.36
0.36
0.48
0.48
0.48
0.48
0.28
0.19
0.19
0.19
0.56
0.56
3.75
0.69
0.69
0.36
0.9
0.9
0.32
0.27
0.18
0.9
0.5599999999999999
0.0
0.0
0.0
0.0
0.0
0.0
0.0
0.0
0.0
0.0
0.0
0.0
0.0
0.0
0.0
0.0
0.0
0.0
0.0
0.0
0.0
0.0
0.0
0.0
0.0
1.0294004568986215
0.0
118.09998624375
0.0
0.9280022610300247
0.0
0.0
213.275667725
0.0
0.0
0.8622671857494627
8.526512829121202e-14
0.8624895618177266
0.0
0.0
0.0
640.1
0.0
0.0
0.0
0.0
0.0
0.0
0.0
0.0
0.0
0.0
0.0
0.0
0.0
0.0
0.0
0.37445850017461013
0.0
0.9204614939592176
0.0
0.9420743439152182
0.0
174.61654885
0.0
0.97568103588398
0.0
0.0
0.0
0.0
0.0
0.0
0.0
0.0
0.0
0.0
0.0
0.0
0.0
0.0
0.0
0.0
0.0
0.0
0.0
0.97568103588398
0.0
0.0
0.0
0.0
0.0
0.0
1.35
4.65
0.0
52.441123565625006
0.0
0.0
0.0
0.0
0.0
0.0
0.0
0.0
0.0
1.0001614230421059
0.0
619.0
0.0
2.541644562212027
0.0
3.0353559324898027
1.4210854715202004e-14
3.0444151116962863
0.0
40.71
27.07
0.0
0.0
1.5505062042206763
0.0
3.003658366629189
0.0
1.879634368198017
0.0
-145.96319145525416
-172.1447470743749
-276.40599935125346
-265.658650767361
243.8975138894568
-80.43860351856456
-754.6293470309542
942.8062760117991
-754.6293470309542
123.41640351545337
156.8441120037287
-304.27269032876575
-270.7033282944842
-149.73819110708155
-198.95056147940218
147.91333633369248
68.22173687891687
-64.13902896809016
-19.090491583635725
45.166946930230594
-395.5128225021381
-110.7729194072845
179.0531693148783
124.2775622825333
87.33663744981033
-53.676179618366405
-24.94711465642844
-112.25934311898104
-174.6588021155511
-236.90148930415455
-361.49336669316756
397.56972094259373
480.49635424942625
120.00274839837539
13.947195402683889
598.1131209454743
-188.17692898084482
421.9802790574062
262.90868525590287
-135.76447182428393
380.079939650474
-128.52660771419747
-73.8837001912143
-165.3642858862423
-179.0624672392571
1.3015959448219618
-42.06910920230417
-193.7840028258604
13.385683735836722
-185.6781575658897
321.9941732512947
-44.30847110859566
-55.22862523416563
-364.3097708689129
-75.73076202302767
-60.99402502880496
-92.99303744844428
-104.05419876942113
-94.74626246562384
-73.79806780857753
-113.36687970052336
-68.87365232955544
-55.47576878401924
-38.55396102876669
-53.81884032776924
-116.33870497924079
-116.33870497924079
-106.1740183464836
-61.82973310795981
18.83173893855241
24.787011717908495
18.05518054062118
-2.8930141164251353
-29.660150186563534
1.2661560212687846
1.257453918254908
-3.919672669498137
-54.29537114809864
-15.986750771175497
14.918127255751473
-0.9526670074204965
27.01803501701657
-13.052574768685592
-34.28363675445837
-29.25385304094152
-30.722665743068823
-35.14419393267242
-44.305830827766684
-52.93092663807215
-112.2439648204339
-22.837370475133653
6.226517055426484
111.87700927348524
-111.87700927348524
-51.62859148606731
-686.3039441202076
-60.24841778741793
-193.16821616381867
-193.16821616381867
-11.703294912624528
3.460725736189886
-50.84716984993338
29.125351747040597
-52.79519205769132
-41.225736063645975
-24.965530734228935
233.1541863287793
377.59003482594926
-67.47789958223429
67.47789959135785
-67.47789959135778
67.47789959135798
0.0
-14.96114682851993
-104.5977960985872
272.1774194440577
-314.5056532644794
-166.77546857794644
-130.28368306972106
-231.93745456542592
28.742389705577597
-53.886595926984384
-163.86270814723684
-75.68896519711716
-99.27434708974737
-218.1693783864706
-218.1693783864706
-286.82842109614126
-517.4606251902183
-247.90869126049617
-346.90532018120587
-290.4530442076648
-1069.4122799885638
-1150.63333468979
207.69760589610638
131.53224965313268
22.049485795198166
102.5977745133107
193.46420870167782
-5.616207634829277
358.50465428858706
114.5128718438468
-5.616207634829277
168.82742672462004
147.32514843999365
122.41540532770881
207.93489989372344
-61.40810048007859
100.80846563777595
132.48366277245964
-52.94856940847715
-92.10925659210946
-173.41198121443128
42.197643498974
-186.7080796473888
45.4927904912709
70.40540007457818
-131.67806419950543
27.11801878556875
9.925552918450663
94.5015124812312
-75.1631702325182
-121.66899214680393
-81.01687094466011
-64.01401254197455
-102.85124378666899
-100.78039997644488
-173.90231558973517
0.40653760196755684
-266.562123249486
82.7799547974621
-266.6836402266725
75.04461789797689
-29.630127418871268
44.10327030003608
0.0
38.25060493457169
-417.0924211098928
-201.90757889010717
136.99180570837058
50.089029205674265
87.10749236654702
-67.78
124.7401368392301
-191.14433824585726
229.54935928445474
