3.141592653589793
0.0
2.9834018936830713
0.0
3.0574471502379836
0.0
0.0
0.0
0.0
0.0
0.0
0.0
0.0
0.0
0.0
0.0
0.0
0.0
2.751534014093944
0.0
2.72244191470571
4.547473508864641e-13
0.0
0.0
0.0
0.0
0.0
0.0
0.0
0.0
0.0
0.0
2.8821503588825763
0.0
2.8679990917828677
2.842170943040401e-14
0.0
0.0
0.0
0.0
0.0
0.0
2.4102696770553074
0.0
2.136379677089544
0.0
636.0
0.0
262.0
0.0
0.0
0.0
0.0
0.0
0.0
0.0
0.0
0.0
0.0
0.0
1.8472236770791342
0.0
2.8579385038562
3.353761712787673e-12
2.9999999999998295
3.0
1.3
1.3
3.0
1.35
1.35
1.35
0.71
0.71
0.71
1.57
0.65
0.65
0.65
0.65
0.45
0.45
0.45
0.45
1.0
1.0
1.0
1.9
1.9
1.9
1.9
1.9
1.9
1.9
4.6
3.0
3.0
4.6
3.0
0.0
126.98
261.7624851138057
0.0
0.0
943.5
140.0
0.0
0.0
0.0
0.0
0.0
0.0
0.0
0.0
0.0
0.0
0.0
0.0
0.0
0.0
0.0
0.0
0.0
0.0
0.0
0.0
0.0
0.0
0.0
0.0
0.0
0.0
0.0
0.0
0.0
0.0
0.0
0.0
0.0
0.0
0.0
0.0
0.0
0.0
0.0
0.0
0.0
0.0
2.7996714101036373
0.0
2.975541669509136
0.0
2.84722957888067
0.0
24.728737070000005
0.0
2.7874306496817765
0.0
2.8304423378465557
0.0
2.581878736914353
1.2505552149377763e-12
0.0
0.0
0.0
20.0
58.217396945000004
0.0
0.0
0.0
0.0
0.0
2.7671633686197126
0.0
62.6
47.785669308125
0.0
0.0
2.7796725762016186
1.1368683772161603e-13
2.835931251346735
2.842170943040401e-14
2.769829272439962
0.0
2.599310726471993
0.0
2.208516372087744
0.0
62.6
4.6
30.4
5.6224859605625
18.747453708749998
7.017008982437503
3.7338114325000014
1.0289725713750002
0.0
0.0
0.0
0.0
0.0
0.0
0.0
0.0
2.0403350149229045
5.684341886080802e-14
154.3999999999999
0.0
672.3
0.0
0.0
0.0
56.96
0.0
0.0
0.0
0.0
0.0
0.0
0.0
1.8546538767449352
0.0
0.0
677.8
0.0
0.0
0.0
0.0
0.0
0.0
0.0
0.0
0.0
0.0
0.0
0.0
1.8042221436921722
2.2737367544323206e-13
12.325804204375002
7.0758444375625
15.793136714375
15.06399794
15.152382479375001
8.84914886575
0.0
0.0
0.0
0.0
0.0
0.0
2.7892178395550333
9.094947017729282e-13
2.915505873572858
2.842170943040401e-14
2.9426154136450027
0.0
2.2735927340754554
0.0
78.83742754437499
34.241351496250005
0.0
0.0
2.8965482334468327
0.0
0.8
30.047519694374998
0.0
0.0
2.7728068995156496
0.0
2.5106483584007186
0.0
3.0
3.0
3.0
7.5
0.0
0.1
0.4
0.48
0.24
0.49
0.05
0.05
0.0
0.0
0.0
0.0
0.0
0.0
0.0
0.0
0.0
0.0
0.0
0.0
0.0
0.0
2.1699776807298603
0.0
2.177037314215129
0.0
0.0
0.0
2.16
0.0
0.0
0.0
2.1782559277271893
5.684341886080802e-14
2.1472958721651043
0.0
1.9928163817415108
1.1368683772161603e-13
2.0771390399122183
0.0
0.0
0.0
2.0147626791306648
5.115907697472721e-13
1.9730275687832588
0.0
0.0
7.43
0.0
0.0
1.7890406578894522
4.263256414560601e-14
1.9955671952163287
0.0
1.6805607228362724
2.842170943040401e-14
1.545194045389013
0.0
0.0
7.43
0.0
0.0
1.4219356914727195
5.684341886080802e-14
1.3246294051047212
2.842170943040401e-14
1.3366355557593526
1.4210854715202004e-14
0.0
98.19999999999912
0.0
82.0
0.0
0.0
0.0
0.0
1.3000345016892156
0.0
1.3237648942559561
0.0
1.3557261180619093
6.394884621840902e-14
1.3704253859809405
0.0
1.3710602011185395
0.0
0.0
0.0
48.853848320625005
0.0
0.0
0.0
1.3331688704466078
3.836930773104541e-12
0.0
0.0
22.0
0.6495742366249999
0.0
0.0
0.0
0.0
1.3301607478023376
0.0
75.0
75.0
0.0
0.0
0.0
0.0
1.3270858292087988
8.100187187665142e-13
1.3349044935326955
3.552713678800501e-14
1.350268060075078
3.552713678800501e-14
97.98
97.98
46.7
0.0
0.0
0.0
1.227918589148878
1.3073986337985843e-12
1.1390670954390405
0.0
97.98
97.98
27.07
0.0
0.0
0.0
1.120609229677732
1.9895196601282805e-13
0.0
97.98
0.0
0.0
1.1215653509439427
4.263256414560601e-14
1.159391273127051
0.0
1.1238848917703663
0.0
636.0
6.91
0.0
0.0
0.0
0.0
0.0
0.0
1.073961487084076
0.0
596.4
77.0
0.0
0.0
1.0629256342742597
0.0
1.110972437068276
0.0
1.0060456192873435
1.7053025658242404e-13
74.05
74.05
87.71
87.71
9.4744932879375
0.0
0.0
0.0
0.0
0.0
1.0919614841715557
0.0
0.0
0.0
1.6402206948458433
0.0
1.6703421489515247
4.547473508864641e-13
26.0
0.0
1.8230706486056487
2.2737367544323206e-13
1.6703421489515247
0.0
100.0
0.0
1.5896461380350955
0.0
1.4327775158575866
0.0
77.0
60.8
0.6502239744999999
0.0
0.0
0.0
1.1571705691350749
0.0
60.8
41.55
0.0
0.0
0.0
0.0
0.0
0.0
0.7951913119182743
0.0
0.7956042560988985
0.0
0.772730596700625
4.973799150320701e-14
140.0
27.07
80.67
80.67
0.0
0.0
0.0
0.0
0.6691952689250877
0.0
0.8870879780747281
0.0
18.426615448125
52.53847477062499
1.0478578195
0.0
7.105427357601002e-15
0.0
0.40113471950032675
0.0
0.19730901971089
0.0
-0.15580791314386433
0.0
0.0
0.0
0.0
0.0
0.0
0.0
0.0
0.0
-0.35774744514710477
5.684341886080802e-14
-1.324053290292113
0.0
454.6740971295525
421.6708224103419
0.0
0.0
-3.141592653589793
0.0
-0.318399614355517
2.842170943040401e-14
336.49999999999994
595.0
0.0
0.0
-0.43859054509470985
0.0
0.0
0.0
0.0
0.0
0.0
0.0
0.0
0.0
-0.23448464709557992
8.526512829121202e-14
0.0
0.0
0.0
0.0
0.0
0.0
-0.2543075710280105
0.0
0.0
8.82
24.48
27.65
412.88560974999996
0.0
0.0
0.0
0.0
0.0
-0.2844687662990517
0.0
-0.07742913458932188
9.947598300641403e-14
0.063337811195749
0.0
0.240956311893743
0.0
0.3655620342651469
2.8421709430404007e-13
0.5226086172237787
0.0
0.36901704859245354
0.0
110.0
41.55
41.55
7.43
0.0
0.0
0.0
0.0
-0.07932935970235189
0.0
0.0
0.0
0.0
0.0
0.0
0.0
0.0
0.0
88.14067499125001
211.9393280375
0.0
0.0
0.0
0.0
0.0
0.0
0.0
0.0
0.0
0.0
-0.21171134499192013
0.0
-0.16926899630047654
5.684341886080802e-14
-0.23805926747755635
0.0
1.1999999999999857
1.2
1.6
1.6
1.6
1.6
0.95
0.95
0.95
0.95
1.88
1.88
3.75
2.29
2.29
1.2
0.9
0.9
1.6
0.9
0.9
3.0
1.88
0.0
0.0
0.0
0.0
0.0
0.0
0.0
0.0
0.0
0.0
0.0
0.0
0.0
0.0
0.0
0.0
0.0
0.0
0.0
0.0
0.0
0.0
0.0
0.0
0.0
-0.42099842129703724
0.0
447.93327889374996
0.0
-0.6754270020114737
0.0
8.5
231.80551858124997
0.0
0.0
-0.7148075128014302
0.0
-0.6795024488324519
0.0
0.0
0.0
751.1
0.0
0.0
0.0
0.0
0.0
0.0
0.0
0.0
0.0
0.0
0.0
0.0
0.0
0.0
0.0
-1.2751927578411508
0.0
-0.6704751480684794
0.0
-0.6548019877481881
0.0
242.64532819375
0.0
-0.639671154384895
0.0
0.0
0.0
0.0
0.0
0.0
0.0
0.0
0.0
0.0
0.0
0.0
0.0
0.0
0.0
0.0
0.0
0.0
0.0
-0.639671154384895
0.0
0.0
0.0
0.0
0.0
0.0
1.35
4.65
0.0
128.62339689374997
0.0
0.0
0.0
0.0
0.0
0.0
0.0
0.0
0.0
-0.656702198347733
0.0
619.0
0.0
2.444273334476515
1.1368683772161603e-13
2.847456936230283
1.4210854715202004e-14
2.85432348305603
0.0
40.71
27.07
0.0
0.0
1.003300529286822
0.0
2.9955519382433815
0.0
1.3149620387194476
0.0
-158.3491090155796
-198.45637582656218
-364.5626489520343
-310.190032891569
295.75637812896787
-68.03493798371721
-898.0
1169.1844106569545
-898.0
154.65768859803222
198.67535068438383
-297.2810905552724
-298.26377197533793
-161.10983758396657
-200.96376967293213
160.87984356417292
67.26756545542548
-76.96850238767865
-30.666117536667684
36.8955968021711
-470.370509672608
-138.01421485470917
366.90026083938164
25.373646211728214
48.084337730820494
-19.69054182789023
-77.85863243001313
-175.7923154221063
-245.78261281634997
-341.8320267236204
-442.32811917851086
132.02024358754988
573.3521244090389
147.70530291011357
28.74818671320179
794.5515538229138
-271.18441065695447
545.7797564124503
201.32405407874967
-139.17577097975663
489.4106915897346
-125.62571967809589
-21.736344418786302
-222.4938032805038
-246.84003865549596
11.947191295162952
-59.84193572600407
-255.88203255568624
30.888981336776737
-241.2958357421885
411.9453078477436
-66.18569080355041
-78.88880537259388
-519.9562080674201
-103.1014227804585
-85.69837852219916
-123.34536679132293
-136.28660065458337
-128.36449566918554
-103.75400684564647
-150.240485454909
-90.89849108333055
-76.6191231241014
-45.132346938244154
-39.351845464809344
-151.39509478914522
-151.39509478914522
-131.8062062896862
-72.47733479959868
31.556373093059847
40.65081487061991
24.998754962738985
0.3882661391999136
-31.058467762077157
11.465179499314331
11.386381016821122
-4.254770359641952
-63.69676689729022
-20.363699294065555
8.093855404863007
8.313133788428559
23.998168590041814
-7.591179396750249
-45.90068962014959
-39.50886058144397
-41.49256905866184
-47.37820141933594
-61.276892212456005
-71.53957298434125
-136.7249315577278
-31.197405511928423
2.5428757079275783
177.53190678342344
-177.53190678342344
-12.22261975000356
-931.9015159151636
-165.30928703341988
-258.00747274474406
-258.00747274474406
-26.898952598997084
-9.05377254329619
-29.82662921900237
47.33675152231126
-424.4741737295817
-83.75375123495292
-64.22006713328199
232.20504025314472
431.70016588353883
-97.23312758669374
84.84916648130093
-110.84916648130161
84.84916648130138
0.0
-38.22717823865548
-147.12282198660853
279.35740300513385
-386.3759166632344
-244.58057920934573
-293.83185371582624
-318.952578282675
3.3301950050191635
-93.7445057366275
-259.78565564306587
-119.99623142448254
-147.06722690682716
-588.8992139827262
-588.8992139827262
-461.96552469788395
-556.1410634565475
-267.5128279288288
-375.03815194457894
-315.03827135573135
-785.6145082660432
-876.3449195398944
38.576304699101
-46.73011557819245
-168.8074869905479
108.56696701733975
204.7200581570687
-23.71163150201164
305.19164121003996
97.483731046811
-23.71163150201164
244.15050908775618
220.13074524811304
192.3045708038626
409.2592181203838
-166.83144763036694
-67.11827403468237
347.7839160175241
-156.94502329883989
-277.94279659650863
-363.36147020458804
24.663532643032568
-474.2226830727036
227.79839557268178
177.45376608245647
-324.4292701721695
-162.83147020458807
33.63102114835817
83.0223592674397
-61.41988498248395
-398.64205015481525
-227.3115965636647
-160.6241039830458
-180.8055947764543
-204.2755911932661
-104.18124549566096
64.54307855744082
-306.2214453591358
63.061685267067105
-325.5138300405184
54.420695553084784
-120.6137523831485
19.85673669715561
0.0
-26.611006191934393
-457.1608054120644
-161.8391945879357
121.97718416643022
87.86186705222121
66.02448870646185
-67.78
139.9146629597584
-244.9386219085677
290.0578484821216
3.141592653589793
0.0
2.983693867926438
0.0
3.0574205412164908
0.0
0.0
0.0
0.0
0.0
0.0
0.0
0.0
0.0
0.0
0.0
0.0
0.0
2.7512890188730115
0.0
2.7221630811215682
4.547473508864641e-13
0.0
0.0
0.0
0.0
0.0
0.0
0.0
0.0
0.0
0.0
2.8821936281565
0.0
2.868215102910523
0.0
0.0
0.0
0.0
0.0
0.0
0.0
2.409492178233891
0.0
2.1356021782681274
0.0
636.0
0.0
262.0
0.0
0.0
0.0
0.0
0.0
0.0
0.0
0.0
0.0
0.0
0.0
1.8464461782577177
0.0
2.858078140281675
0.0
3.0
3.0
1.3
1.3
3.0
1.35
1.35
1.35
0.71
0.71
0.71
1.57
0.65
0.65
0.65
0.65
0.45
0.45
0.45
0.45
1.0
1.0
1.0
1.9
1.9
1.9
1.9
1.9
1.9
1.9
4.6
3.0
3.0
4.6
3.0
0.0
126.98
256.4794987628348
0.0
0.0
943.5
140.0
0.0
0.0
0.0
0.0
0.0
0.0
0.0
0.0
0.0
0.0
0.0
0.0
0.0
0.0
0.0
0.0
0.0
0.0
0.0
0.0
0.0
0.0
0.0
0.0
0.0
0.0
0.0
0.0
0.0
0.0
0.0
0.0
0.0
0.0
0.0
0.0
0.0
0.0
0.0
0.0
0.0
0.0
2.8001988591954436
0.0
2.975322405152328
0.0
2.847305852894303
0.0
24.102323732500004
0.0
2.7863853616598053
7.958078640513122e-13
2.830369172991393
0.0
2.580711189569513
0.0
0.0
0.0
0.0
20.0
56.509995307500006
0.0
0.0
0.0
0.0
0.0
2.7664355993403102
0.0
62.6
46.648221778125006
0.0
0.0
2.778665492642398
4.547473508864641e-13
2.8344437259534034
0.0
2.768061896900428
0.0
2.5972847208088243
0.0
2.2061380083348823
1.4566126083082054e-12
62.6
4.6
30.4
5.559249213062499
18.589911663749998
7.0170018151875
3.73380555575
1.0309557843750001
0.0
0.0
0.0
8.881784197001252e-16
0.0
0.0
0.0
0.0
2.0374000615971513
2.842170943040401e-14
154.4
0.0
672.3
0.0
0.0
0.0
56.96
0.0
0.0
0.0
0.0
0.0
0.0
0.0
1.8526128211147839
0.0
0.0
677.8
0.0
0.0
0.0
0.0
0.0
0.0
0.0
0.0
0.0
0.0
0.0
0.0
1.8022802038784533
0.0
12.148627314375002
7.015204093562501
15.783972886875
15.064806482499998
15.156701769375001
8.784685662249998
0.0
0.0
0.0
1.7763568394002505e-15
0.0
0.0
2.787441120479416
0.0
2.9139034995919513
0.0
2.941277484815826
0.0
2.271873934581383
3.183231456205249e-12
77.838168816875
34.10672642125
0.0
0.0
2.8953388795894615
0.0
0.8
30.037676511875
0.0
0.0
2.771027557008816
0.0
2.5084191082586127
0.0
3.0
3.0
3.0
7.5
0.0
0.1
0.4
0.48
0.24
0.49
0.05
0.05
0.0
0.0
0.0
0.0
0.0
0.0
0.0
0.0
0.0
0.0
0.0
0.0
0.0
0.0
2.1665156580627984
0.0
2.173532216027999
3.552713678800501e-14
0.0
0.0
2.16
0.0
0.0
0.0
2.174754736541436
1.4210854715202004e-14
2.1438287898277517
0.0
1.9894619505766293
1.1368683772161603e-13
2.0730430530676305
0.0
0.0
0.0
2.0103612724582236
0.0
1.968362328847232
0.0
0.0
7.43
0.0
0.0
1.783807740591251
0.0
1.9911155943505463
2.842170943040401e-14
1.6748092441058233
0.0
1.5390125508923305
0.0
0.0
7.43
0.0
0.0
1.4155383091215974
0.0
1.3181918256491603
5.684341886080802e-14
1.3301705094027847
6.750155989720952e-14
0.0
98.19999999999999
0.0
82.0
0.0
0.0
0.0
0.0
1.293584473863791
0.0
1.317126745946628
0.0
1.348853495136284
7.105427357601002e-14
1.3634787965104236
0.0
1.3640043825459731
2.1316282072803006e-14
0.0
0.0
48.879882620625004
0.0
0.0
0.0
1.3261235012232717
0.0
0.0
0.0
22.0
0.644642443375
0.0
0.0
0.0
0.0
1.3230960679337098
0.0
75.0
75.0
0.0
0.0
0.0
0.0
1.3200372652102175
4.270361841918202e-12
1.3280057814178274
3.552713678800501e-15
1.3433041525382254
3.552713678800501e-15
97.98
97.98
46.7
0.0
0.0
0.0
1.2209995319001292
5.115907697472721e-13
1.132389010205653
8.526512829121202e-14
97.98
97.98
27.07
0.0
0.0
0.0
1.1139807841831022
0.0
0.0
97.98
0.0
0.0
1.1149176128057094
0.0
1.1527718135336178
0.0
1.1174206641226858
0.0
636.0
6.91
0.0
0.0
0.0
0.0
0.0
0.0
1.0679167111289187
7.389644451905042e-13
596.4
77.0
0.0
0.0
1.056602804664708
0.0
1.1044488073712362
0.0
0.9999067417066252
1.7053025658242404e-13
74.05
74.05
87.71
87.71
9.5273429116875
0.0
0.0
0.0
0.0
0.0
1.085800830618262
0.0
0.0
0.0
1.6345079349597267
9.094947017729282e-13
1.6648690297286102
2.2737367544323206e-13
26.0
0.0
1.8188126088014975
0.0
1.6648690297286102
0.0
100.0
0.0
1.5834575813041925
0.0
1.4265599827677011
4.547473508864641e-13
77.0
60.8
0.6452872479999999
0.0
0.0
0.0
1.1507627634123354
0.0
60.8
41.55
0.0
0.0
0.0
0.0
0.0
0.0
0.7889063722421508
0.0
0.7892652709547585
0.0
0.766342035396526
0.0
140.0
27.07
80.67
80.67
0.0
0.0
0.0
0.0
0.6627536425095517
0.0
0.8808421856957
0.0
19.040811870625006
49.278256883124996
0.9519133667500002
0.0
0.0
0.0
0.3957320228254524
0.0
0.19189570273694923
0.0
-0.16123688884576204
0.0
0.0
0.0
0.0
0.0
0.0
0.0
0.0
0.0
-0.3631833783448344
0.0
-1.3274670424707289
2.2737367544323206e-13
453.02812211591083
421.6708224103419
0.0
0.0
-3.141592653589793
0.0
-0.3246866514203477
0.0
336.49999999999994
595.0
0.0
0.0
-0.4454685525771085
7.105427357601002e-14
0.0
0.0
0.0
0.0
0.0
0.0
0.0
0.0
-0.2414977963678604
5.684341886080802e-14
0.0
0.0
0.0
0.0
0.0
0.0
-0.26148815510220924
0.0
0.0
8.82
24.48
27.65
415.09171519999995
0.0
0.0
0.0
0.0
0.0
-0.29190410763171704
0.0
-0.08461522526200227
8.526512829121202e-14
0.056367680942889464
5.684341886080802e-14
0.2342862376427748
0.0
0.35927224758879106
3.979039320256561e-13
0.5162226185326384
0.0
0.3621089751208246
0.0
110.0
41.55
41.55
7.43
0.0
0.0
0.0
0.0
-0.08651675878690979
0.0
0.0
0.0
0.0
0.0
0.0
0.0
0.0
0.0
88.21253695625003
208.9476022625
0.0
0.0
0.0
0.0
0.0
0.0
0.0
0.0
0.0
0.0
-0.21919307086287176
0.0
-0.1767323815133066
0.0
-0.24550411657829274
0.0
1.1999999999998152
1.2
1.6
1.6
1.6
1.6
0.95
0.95
0.95
0.95
1.88
1.88
3.75
2.29
2.29
1.2
0.9
0.9
1.6
0.9
0.9
3.0
1.88
0.0
0.0
0.0
0.0
0.0
0.0
0.0
0.0
0.0
0.0
0.0
0.0
0.0
0.0
0.0
0.0
0.0
0.0
0.0
0.0
0.0
0.0
0.0
0.0
0.0
-0.42977004498971283
0.0
450.35760531874996
0.0
-0.6853928018988316
0.0
8.5
232.27891148124996
0.0
0.0
-0.7246008584912156
1.4210854715202004e-13
-0.6889001252286509
0.0
0.0
0.0
751.1
0.0
0.0
0.0
0.0
0.0
0.0
0.0
0.0
0.0
0.0
0.0
0.0
0.0
0.0
0.0
-1.2847905866321319
0.0
-0.680638604181286
0.0
-0.6651170152346326
1.4210854715202004e-14
244.22528549375
0.0
-0.6503866555467437
0.0
0.0
0.0
0.0
0.0
0.0
0.0
0.0
0.0
0.0
0.0
0.0
0.0
0.0
0.0
0.0
0.0
0.0
0.0
-0.6503866555467437
0.0
0.0
0.0
0.0
0.0
0.0
1.35
4.65
0.0
128.63531604374998
0.0
0.0
0.0
0.0
0.0
0.0
0.0
0.0
0.0
-0.6674267947404413
0.0
619.0
0.0
2.443026786555203
0.0
2.845635112223663
8.526512829121202e-14
2.852498183000751
0.0
40.71
27.07
0.0
0.0
0.9971616517061036
0.0
2.995953390339052
0.0
1.3086276099664893
5.684341886080802e-14
-158.05684250570306
-198.51913295272578
-364.9866885912201
-310.4235741532725
296.35286490321084
-67.2044483022654
-898.0
1171.0520707216272
-898.0
155.21674622358796
199.2889430739242
-295.3024545026874
-297.8815076110772
-160.76355126315428
-200.04777566059215
160.3888712218178
66.62941117229491
-77.3064826107543
-31.241277554902922
36.175436194526014
-470.65027929010375
-138.62186754197717
367.7711084938003
24.807085806396458
47.67370368457159
-19.593576186391147
-78.18825568833267
-176.0589444155305
-246.00422167778845
-342.96330634320634
-441.90648402512306
131.7607780995163
573.5142940743935
147.90921530153992
29.02861635446436
795.9723067850573
-273.05207072162716
546.0392219004834
201.2973064699653
-138.7873269562101
489.9302243269435
-126.2043883575272
-21.739819162118238
-223.44554131919745
-247.8339411283181
11.985495230242009
-59.76544508257291
-256.75374536922436
30.74283014761511
-241.34966202186843
411.6449047211145
-66.77899694244252
-79.44495081011087
-522.9851556061977
-103.60624894220405
-86.24013060339132
-123.79974418242227
-136.70710240431902
-128.89419325053632
-104.34269108043918
-150.71775045609286
-91.0577004155034
-76.6507743874397
-45.16814799932706
-39.37176285659052
-151.77190919383446
-151.77190919383446
-131.9505790470738
-72.4475951339648
31.306212875110646
40.34235129383114
24.872961519053206
0.32145934895595474
-31.049902721724266
11.259179015635254
11.181796343989818
-4.282083860761986
-63.73022004122322
-20.256971677865636
8.248981578423013
8.11868318728375
24.085804678755608
-7.718139913048844
-45.84560371758175
-39.457264266770245
-41.43838213405138
-47.31072105794021
-61.11070461565805
-71.3458318149186
-136.35722978917147
-31.14331086819152
2.491565485577212
176.7557470546626
-176.7557470546626
-12.83537291033008
-934.6300603273121
-163.92037414433275
-257.86906336945185
-257.86906336945185
-26.74991198951966
-8.947696952532283
-30.57812558231126
47.138918923795586
-425.0623088893328
-83.6540658849658
-64.13075408633063
232.14618627320192
432.0528380624173
-97.90817170819122
85.52421060289032
-111.5242106028901
85.52421060289055
0.0
-38.586813041963865
-147.48081716660852
279.3107804341603
-386.4472870055492
-244.497561610278
-293.9549092829842
-318.9862984358734
2.8943444565014715
-93.9476867200799
-260.1087210851367
-120.14545689059238
-147.1426034855482
-589.4284951625345
-589.4284951625345
-460.93124216378817
-556.1700410801893
-267.5246906015239
-375.05343317686925
-315.0491254833905
-783.9704586569705
-874.6989445262527
37.74188914308775
-47.563684528895806
-169.63750162194992
108.49508308655386
204.58450972189235
-23.911912365582793
304.0880098232633
97.1312112174448
-23.911912365582793
244.44443675282832
220.42518264039268
192.59959869988302
409.95059139649993
-166.74801920223848
-68.79202875460908
348.5668200179741
-156.8854647073855
-278.3746920188049
-363.7234957720717
24.647809070734183
-475.10474448318973
228.49361965793503
177.34505194144026
-324.7497463729216
-163.19349577207174
33.64555415796235
83.00535073779281
-61.403334882398894
-401.09899838697766
-228.52927990496232
-161.37800309583452
-181.43434677469133
-205.11225081126372
-103.7250174596686
65.26642278707163
-306.1146055237298
62.535212403478
-325.6232029338357
53.89440606132041
-121.68594072789205
19.331180692690168
0.0
-26.62521749015241
-457.42326579900003
-161.5767342009999
121.9077699510965
87.79630567617517
65.99106516166898
-67.78
139.82466510537415
-245.18164823512421
290.192732617739
3.141592653589793
0.0
2.983967605247736
0.0
3.0573831284879915
0.0
0.0
0.0
0.0
0.0
0.0
0.0
0.0
0.0
0.0
0.0
0.0
0.0
2.7509913957674694
0.0
2.7218295444455674
2.9558577807620168e-12
0.0
0.0
0.0
0.0
0.0
0.0
0.0
0.0
0.0
0.0
2.8822043466359837
0.0
2.8683978208632004
2.842170943040401e-14
0.0
0.0
0.0
0.0
0.0
0.0
2.4086303402280187
0.0
2.134740340262255
0.0
636.0
0.0
262.0
0.0
0.0
0.0
0.0
0.0
0.0
0.0
0.0
0.0
0.0
0.0
1.8455843402518455
0.0
2.858165338637227
1.2505552149377763e-12
2.999999999999716
3.0
1.3
1.3
3.0
1.35
1.35
1.35
0.71
0.71
0.71
1.57
0.65
0.65
0.65
0.65
0.45
0.45
0.45
0.45
1.0
1.0
1.0
1.9
1.9
1.9
1.9
1.9
1.9
1.9
4.6
3.0
3.0
4.6
3.0
0.0
126.98
250.9933290688109
0.0
0.0
943.5
140.0
0.0
0.0
0.0
0.0
0.0
0.0
0.0
0.0
0.0
0.0
0.0
0.0
0.0
0.0
0.0
0.0
0.0
0.0
0.0
0.0
0.0
0.0
0.0
0.0
0.0
0.0
0.0
0.0
0.0
0.0
0.0
0.0
0.0
0.0
0.0
0.0
0.0
0.0
0.0
0.0
0.0
0.0
2.8006862617065416
0.0
2.974963235447511
2.842170943040401e-14
2.8472249639780314
0.0
23.838808190000005
0.0
2.784836479914624
3.524291969370097e-12
2.830168135988104
0.0
2.579187500355765
1.4779288903810084e-12
0.0
0.0
0.0
20.0
55.771690965000005
0.0
0.0
0.0
0.0
0.0
2.764939314567819
5.684341886080802e-14
62.6
46.45863055062501
0.0
0.0
2.776939718891388
4.831690603168681e-13
2.83247307996486
0.0
2.7659692332703836
5.684341886080802e-14
2.59510210980109
0.0
2.203865899056476
0.0
62.6
4.6
30.4
5.460464835812499
18.371642243749996
7.0171016591875
3.7338873025
1.030819138875
0.0
0.0
0.0
0.0
3.552713678800501e-15
0.0
0.0
0.0
2.03471278978916
0.0
154.4
0.0
672.3
0.0
0.0
0.0
56.96
0.0
0.0
0.0
0.0
0.0
0.0
0.0
1.8506068053378169
0.0
0.0
677.8
0.0
0.0
0.0
0.0
0.0
0.0
0.0
0.0
0.0
0.0
0.0
0.0
1.8003193806118931
0.0
11.962626091875002
6.925548684812501
15.784704041875
15.0650513
15.156504106874985
8.643829888749998
0.0
0.0
0.0
0.0
1.5987211554602254e-14
0.0
2.7857844330599093
1.7621459846850485e-12
2.9124175653160957
0.0
2.940038283942357
0.0
2.2700148536157068
0.0
76.67819483187499
33.90145390125001
0.0
0.0
2.8942152236379446
0.0
0.8
30.095409301874998
0.0
0.0
2.7693093675842855
0.0
2.505894963375658
0.0
3.0
3.0
3.0
7.5
0.0
0.1
0.4
0.48
0.24
0.49
0.05
0.05
0.0
0.0
0.0
0.0
0.0
0.0
0.0
0.0
0.0
0.0
0.0
0.0
0.0
0.0
2.1629847043658934
0.0
2.1699636450821593
7.105427357601002e-15
0.0
0.0
2.16
0.0
0.0
0.0
2.17118833088096
0.0
2.140308418360501
0.0
1.986131497376693
0.0
2.068973657461182
0.0
0.0
0.0
2.006033641375984
2.842170943040401e-14
1.963808022771655
0.0
0.0
7.43
0.0
0.0
1.7787936315046968
5.684341886080802e-14
1.9867444938048413
0.0
1.6693607180225927
0.0
1.5332170888754142
0.0
0.0
7.43
0.0
0.0
1.4095892722166008
0.0
1.3122472667395018
2.842170943040401e-14
1.324179334024329
3.907985046680551e-14
0.0
98.2
0.0
82.0
0.0
0.0
0.0
0.0
1.2876161218287967
0.0
1.3109878610918155
0.0
1.342503064772469
6.394884621840902e-14
1.3570606112370447
0.0
1.3574971090111028
0.0
0.0
0.0
48.708153493125
0.0
0.0
0.0
1.319644440827374
1.4495071809506044e-12
0.0
0.0
22.0
0.642121753125
0.0
0.0
0.0
0.0
1.3165884265533059
0.0
75.0
75.0
0.0
0.0
0.0
0.0
1.3135468481994215
1.5134560271690134e-12
1.3216398929601318
1.0302869668521453e-13
1.3368772973922871
0.0
97.98
97.98
46.7
0.0
0.0
0.0
1.2146118302544302
1.0800249583553523e-12
1.126232402131702
2.842170943040401e-14
97.98
97.98
27.07
0.0
0.0
0.0
1.1078747706659602
4.263256414560601e-13
0.0
97.98
0.0
0.0
1.1087878274054948
0.0
1.1466801328909906
0.0
1.1114823622381191
0.0
636.0
6.91
0.0
0.0
0.0
0.0
0.0
0.0
1.0623989996505472
0.0
596.4
77.0
0.0
0.0
1.0507876462268717
0.0
1.0984361415724875
3.552713678800501e-14
0.9943855549452794
0.0
74.05
74.05
87.71
87.71
9.6182578906875
0.0
0.0
0.0
0.0
0.0
1.0802905518778463
0.0
0.0
0.0
1.6294322448683696
7.958078640513122e-13
1.6599993878731514
2.2737367544323206e-13
26.0
0.0
1.8149877185644288
0.0
1.6599993878731514
0.0
100.0
0.0
1.5779900521627672
5.684341886080802e-14
1.4210669396747075
7.389644451905042e-13
77.0
60.8
0.6427640364999999
0.0
0.0
0.0
1.1451191197192125
0.0
60.8
41.55
0.0
0.0
0.0
0.0
0.0
0.0
0.7834584930705164
0.0
0.7837685347290515
2.842170943040401e-14
0.760807621128575
0.0
140.0
27.07
80.67
80.67
0.0
0.0
0.0
0.0
0.6572031684008381
0.0
0.8753106561997939
0.0
19.468792290625
46.336059183124995
0.9118921175000002
0.0
0.0
0.0
0.3912444062100491
5.684341886080801e-13
0.18740552157755408
0.0
-0.165722005265041
0.0
0.0
0.0
0.0
0.0
0.0
0.0
0.0
0.0
-0.36765866847523787
0.0
-1.330293229720396
2.2737367544323206e-13
451.6654474537123
421.6708224103419
0.0
0.0
-3.141592653589793
0.0
-0.32983011824376796
0.0
336.5
595.0
0.0
0.0
-0.4510427261561092
1.1368683772161603e-13
0.0
0.0
0.0
0.0
0.0
0.0
0.0
0.0
-0.24720599922154785
2.842170943040401e-14
0.0
0.0
0.0
0.0
0.0
0.0
-0.2673002151040369
0.0
0.0
8.82
24.48
27.65
416.66329714999995
0.0
0.0
0.0
0.0
0.0
-0.29787418951447586
0.0
-0.09040718525366209
0.0
0.05073865455483162
0.0
0.22883148238240292
5.684341886080802e-14
0.35406114122705823
0.0
0.5108233975361003
0.0
0.35636158783533745
0.0
110.0
41.55
41.55
7.43
0.0
0.0
0.0
0.0
-0.09229517787981667
0.0
0.0
0.0
0.0
0.0
0.0
0.0
0.0
0.0
88.22530081624998
205.61438118750002
0.0
0.0
0.0
0.0
0.0
0.0
0.0
0.0
1.4210854715202004e-14
0.0
-0.22506145076750927
0.0
-0.18266221565207852
0.0
-0.2514627464803669
2.842170943040401e-14
1.2
1.2
1.6
1.6
1.6
1.6
0.95
0.95
0.95
0.95
1.88
1.88
3.75
2.29
2.29
1.2
0.9
0.9
1.6
0.9
0.9
3.0
1.88
0.0
0.0
0.0
0.0
0.0
0.0
0.0
0.0
0.0
0.0
0.0
0.0
0.0
0.0
0.0
0.0
0.0
0.0
0.0
0.0
0.0
0.0
0.0
0.0
0.0
-0.4367269627480299
0.0
452.19705476875
0.0
-0.6933075844003889
0.0
8.5
232.67406980624997
0.0
0.0
-0.7324130894456715
0.0
-0.6964012977014806
0.0
0.0
0.0
751.1
0.0
0.0
0.0
0.0
0.0
0.0
0.0
0.0
0.0
0.0
0.0
0.0
0.0
0.0
0.0
-1.2924736998397515
0.0
-0.6887789380053424
0.0
-0.6733911620905482
0.0
245.44716486875
0.0
-0.6590084803376643
5.684341886080802e-14
0.0
0.0
0.0
0.0
0.0
0.0
0.0
0.0
0.0
0.0
0.0
0.0
0.0
0.0
0.0
0.0
0.0
0.0
-0.6590084803376643
0.0
0.0
0.0
0.0
0.0
0.0
1.35
4.65
0.0
128.72115636874997
0.0
0.0
0.0
0.0
0.0
0.0
0.0
0.0
0.0
-0.676120273996156
0.0
619.0
0.0
2.441477981698622
1.1368683772161603e-13
2.8439074780459137
4.973799150320701e-14
2.850771973585191
0.0
40.71
27.07
0.0
0.0
0.9916404649447578
0.0
2.996338806011858
0.0
1.3030354668778799
0.0
-157.78283117307268
-198.60737051993976
-365.4367333337806
-310.6977629935441
296.99037445045735
-66.37752775801607
-898.0
1173.0307273877793
-898.0
155.7760797425858
199.90585661000023
-293.26059656636426
-297.5346485368083
-160.43554173840607
-199.1516446062907
159.77824460028535
65.82560434433367
-77.79327149799542
-31.994094390211444
35.34996915116233
-470.5926304767636
-139.35626632630294
367.8253747141158
24.34159092094319
47.46441117386098
-20.042540668191577
-78.33197493633179
-176.15167367087685
-246.06050989833597
-343.80713262276515
-441.57386714832455
131.6424730984554
573.7286059501312
148.10892658061675
29.290263652850854
796.8367185169573
-275.0307273877793
546.1575269015443
201.553245857182
-138.43824864218766
490.4106405054788
-126.80797563953848
-21.82127877140556
-224.22951490261573
-248.5647832116847
12.006723518106924
-59.66846424032576
-257.455313386322
30.61054670143585
-241.23708511068617
411.1384560082133
-67.29694424356398
-79.92546248566862
-525.709919003194
-104.0330844393834
-86.70558233501015
-124.17486877492206
-137.04769722724666
-129.33324196182326
-104.84248099642474
-151.10280698611564
-91.17095623297143
-76.64724840685813
-45.190443487928974
-39.40983185712719
-152.06734044720258
-152.06734044720258
-132.04353066969645
-72.40240039443358
31.079440508339076
40.06346200272026
24.757732081027484
0.26697111562896225
-31.026777197978163
11.082463319844123
11.006295189031816
-4.32250958142231
-63.849137474730014
-20.14290300496657
8.377893124029583
7.949277513493598
24.151603710675886
-7.824433073152591
-45.805761262195915
-39.41634181055657
-41.395404993847706
-47.255141940833596
-60.95132973859381
-71.15803972920435
-135.98245529430778
-31.095498615528072
2.4283423923002374
175.98885326435902
-175.98885326435902
-13.46116258418806
-936.8483750114074
-162.52769068017096
-257.70236739863344
-257.70236739863344
-26.60558769485999
-8.847594729056937
-31.382036283655907
46.94433039087255
-425.084029407923
-83.4977375303082
-63.98937343985972
232.1756674108551
432.39503384907584
-98.48858927393138
86.10462816870893
-112.10462816870881
86.10462816870916
0.0
-38.88298768297693
-147.7768122032486
279.3249080140131
-386.51012925078766
-244.3652882849433
-293.8931275317161
-318.96370517856326
2.5003359559184446
-94.1021049260089
-260.32025703786735
-120.24316635447956
-147.16541575935156
-589.4796968187782
-589.4796968187782
-459.80549473518903
-556.1770384717075
-267.52085367719326
-375.0433716707935
-315.03379585956503
-782.6297246075601
-873.3362698640542
37.08681395383064
-48.19887727377068
-170.24242684045203
108.42379091916959
204.4500771494993
-24.036143404048516
303.3040329840601
96.88079483304841
-24.036143404048516
244.65448615270566
220.6410405484295
192.82218559011824
410.3521377735792
-166.56155340717726
-70.15710374780701
349.0477406465765
-156.7235234737267
-278.5570190343306
-363.8341486770187
24.682284317550057
-475.517422960043
228.93904726059054
177.1324930320228
-324.8173400149079
-163.30414867701865
33.59685825136103
83.02583728642708
-61.42904538534901
-403.17240382281716
-229.5324184328
-161.98271568625137
-181.9606933569438
-205.8252606663575
-103.45371707046127
65.83508545918016
-306.0440493779221
62.06849423893618
-325.7226241003817
53.42977747850489
-122.60425679654765
18.874910436779942
0.0
-26.737177591393106
-457.5067064728606
-161.49329352713949
121.89233734780123
87.70248381917668
66.00476479810197
-67.78
139.75181736373577
-245.3876773320373
290.2874028466183
3.141592653589793
0.0
2.9842413425690353
0.0
3.0573457157594923
0.0
0.0
0.0
0.0
0.0
0.0
0.0
0.0
0.0
0.0
0.0
0.0
0.0
2.7506937726619274
0.0
2.7214960077695665
3.865352482534945e-12
0.0
0.0
0.0
0.0
0.0
0.0
0.0
0.0
0.0
0.0
2.882215065115469
0.0
2.8685805388158787
8.526512829121202e-14
0.0
0.0
0.0
0.0
0.0
0.0
2.4077685022221464
0.0
2.133878502256383
0.0
636.0
0.0
262.0
0.0
0.0
0.0
0.0
0.0
0.0
0.0
0.0
0.0
0.0
0.0
1.8447225022459732
0.0
2.858252536992781
1.0231815394945443e-12
2.9999999999997726
3.0
1.3
1.3
3.0
1.35
1.35
1.35
0.71
0.71
0.71
1.57
0.65
0.65
0.65
0.65
0.45
0.45
0.45
0.45
1.0
1.0
1.0
1.9
1.9
1.9
1.9
1.9
1.9
1.9
4.6
3.0
3.0
4.6
3.0
0.0
126.98
245.5071593747832
0.0
0.0
943.5
140.0
0.0
0.0
0.0
0.0
0.0
0.0
0.0
0.0
0.0
0.0
0.0
0.0
0.0
0.0
0.0
0.0
0.0
0.0
0.0
0.0
0.0
0.0
0.0
0.0
0.0
0.0
0.0
0.0
0.0
0.0
0.0
0.0
0.0
0.0
0.0
0.0
0.0
0.0
0.0
0.0
0.0
0.0
2.8011736642176395
0.0
2.974604065742695
0.0
2.8471440750617596
4.263256414560601e-14
23.575292647500003
0.0
2.783287598169438
0.0
2.829967098984814
0.0
2.577663811142016
5.4711790653527714e-12
0.0
0.0
0.0
20.0
55.033386622500004
0.0
0.0
0.0
0.0
0.0
2.763443029795324
0.0
62.6
46.26903932312501
0.0
0.0
2.775213945140372
1.1084466677857563e-12
2.8305024339763163
0.0
2.7638765696403382
4.263256414560601e-14
2.592919498793357
0.0
2.201593789778075
1.2505552149377763e-12
62.6
4.6
30.4
5.3616804585625
18.153372823749997
7.0172015031875
3.73396904925
1.030682493375
0.0
0.0
0.0
0.0
0.0
0.0
0.0
2.220446049250313e-16
2.0320255179811824
5.684341886080802e-14
154.39999999999966
0.0
672.3
0.0
0.0
0.0
56.96
0.0
0.0
0.0
0.0
0.0
0.0
0.0
1.8486007895608507
0.0
0.0
677.8
0.0
0.0
0.0
0.0
0.0
0.0
0.0
0.0
0.0
0.0
0.0
0.0
1.798358557345333
0.0
11.776624869375002
6.8358932760625
15.785435196875001
15.0652961175
15.156306444375005
8.502974115249998
0.0
0.0
0.0
0.0
0.0
0.0
2.7841277456404043
4.547473508864641e-13
2.9109316310402367
0.0
2.9387990830688935
0.0
2.2681557726500277
0.0
75.518220846875
33.69618138125
0.0
0.0
2.8930915676864295
2.842170943040401e-14
0.8
30.153142091875
0.0
0.0
2.7675911781597566
0.0
2.5033708184926846
0.0
3.0
3.0
3.0
7.5
0.0
0.1
0.4
0.48
0.24
0.49
0.05
0.05
0.0
0.0
0.0
0.0
0.0
0.0
0.0
0.0
0.0
0.0
0.0
0.0
0.0
0.0
2.159453750668959
0.0
2.166395074136288
0.0
0.0
0.0
2.16
0.0
0.0
0.0
2.167621925220451
0.0
2.136788046893213
0.0
1.9828010441767505
0.0
2.0649042618547213
2.842170943040401e-14
0.0
0.0
2.0017060102937467
0.0
1.959253716696093
5.684341886080802e-14
0.0
7.43
0.0
0.0
1.773779522418188
0.0
1.982373393259234
0.0
1.6639121919396471
0.0
1.5274216268588532
2.842170943040401e-14
0.0
7.43
0.0
0.0
1.4036402353114656
1.4210854715202004e-14
1.3063027078298823
0.0
1.3181881586459419
1.4210854715202004e-14
0.0
98.19999999999915
0.0
82.0
0.0
0.0
0.0
0.0
1.2816477697939241
0.0
1.3048489762371211
6.394884621840902e-14
1.3361526344087649
6.394884621840902e-14
1.350642425963776
0.0
1.3509898354763399
3.552713678800501e-15
0.0
0.0
48.536424365625
0.0
0.0
0.0
1.3131653804315802
2.1742607714259066e-12
0.0
0.0
22.0
0.639601062875
0.0
0.0
0.0
0.0
1.3100807851730032
2.842170943040401e-14
75.0
75.0
0.0
0.0
0.0
0.0
1.3070564311887285
1.6555645743210334e-12
1.3152740045025446
0.0
1.3304504422464563
0.0
97.98
97.98
46.7
0.0
0.0
0.0
1.20822412860882
3.979039320256561e-13
1.1200757940578319
0.0
97.98
97.98
27.07
0.0
0.0
0.0
1.1017687571489025
0.0
0.0
97.98
0.0
0.0
1.1026580420053742
0.0
1.140588452248446
0.0
1.1055440603536315
0.0
636.0
6.91
0.0
0.0
0.0
0.0
0.0
0.0
1.056881288172245
0.0
596.4
77.0
0.0
0.0
1.0449724877891278
0.0
1.092423475773833
0.0
0.9888643681839993
0.0
74.05
74.05
87.71
87.71
9.7091728696875
0.0
0.0
0.0
0.0
0.0
1.0747802731374927
0.0
0.0
0.0
1.6243565547770622
7.389644451905042e-13
1.6551297460177397
1.1368683772161603e-13
26.0
0.0
1.811162828327391
0.0
1.6551297460177397
0.0
100.0
0.0
1.5725225230213962
0.0
1.41557389658177
2.2737367544323206e-13
77.0
60.8
0.640240825
0.0
0.0
0.0
1.1394754760261474
0.0
60.8
41.55
0.0
0.0
0.0
0.0
0.0
0.0
0.7780106138989415
0.0
0.778271798503404
1.4210854715202004e-14
0.7552732068606831
0.0
140.0
27.07
80.67
80.67
0.0
0.0
0.0
0.0
0.6516526942921836
0.0
0.8697791267039516
0.0
19.896772710624994
43.393861483125
0.8718708682500002
3.552713678800501e-15
0.0
0.0
0.38675678959470083
3.410605131648481e-13
0.1829153404182109
0.0
-0.17020712168427243
0.0
0.0
0.0
0.0
0.0
0.0
0.0
0.0
0.0
-0.3721339586055965
0.0
-1.3331194169700344
1.1368683772161603e-13
450.30277279152756
421.6708224103419
0.0
0.0
-3.141592653589793
0.0
-0.3349735850671407
0.0
336.5
595.0
0.0
0.0
-0.45661689973506014
0.0
0.0
0.0
0.0
0.0
0.0
0.0
0.0
0.0
-0.25291420207518467
0.0
0.0
0.0
0.0
0.0
0.0
0.0
-0.2731122751058135
0.0
0.0
8.82
24.48
27.65
418.2348791
0.0
0.0
0.0
0.0
0.0
-0.3038442713971823
0.0
-0.09619914524526862
2.842170943040401e-14
0.0451096281668284
1.1368683772161603e-13
0.22337672712208523
0.0
0.34885003486538047
0.0
0.5054241765396195
0.0
0.350614200549908
0.0
110.0
41.55
41.55
7.43
0.0
0.0
0.0
0.0
-0.09807359697266671
0.0
0.0
0.0
0.0
0.0
0.0
0.0
0.0
0.0
88.23806467625
202.2811601125
0.0
0.0
0.0
0.0
0.0
0.0
0.0
0.0
0.0
0.0
-0.23092983067209172
0.0
-0.18859204979079625
0.0
-0.25742137638238827
5.684341886080802e-14
1.1999999999999147
1.2
1.6
1.6
1.6
1.6
0.95
0.95
0.95
0.95
1.88
1.88
3.75
2.29
2.29
1.2
0.9
0.9
1.6
0.9
0.9
3.0
1.88
0.0
0.0
0.0
0.0
0.0
0.0
0.0
0.0
0.0
0.0
0.0
0.0
0.0
0.0
0.0
0.0
0.0
0.0
0.0
0.0
0.0
0.0
0.0
0.0
0.0
-0.44368388050629193
0.0
454.03650421875
0.0
-0.7012223669018911
0.0
8.5
233.06922813125
0.0
0.0
-0.7402253204000724
0.0
-0.7039024701742558
0.0
0.0
0.0
751.1
0.0
0.0
0.0
0.0
0.0
0.0
0.0
0.0
0.0
0.0
0.0
0.0
0.0
0.0
0.0
-1.3001568130473165
0.0
-0.6969192718293442
2.1316282072803006e-14
-0.6816653089464091
0.0
246.66904424375
0.0
-0.6676303051285304
1.4210854715202004e-13
0.0
0.0
0.0
0.0
0.0
0.0
0.0
0.0
0.0
0.0
0.0
0.0
0.0
0.0
0.0
0.0
0.0
0.0
-0.6676303051285304
0.0
0.0
0.0
0.0
0.0
0.0
1.35
4.65
0.0
128.80699669375
0.0
0.0
0.0
0.0
0.0
0.0
0.0
0.0
0.0
-0.6848137532518157
0.0
619.0
0.0
2.439929176842039
0.0
2.842179843868168
0.0
2.8490457641696336
0.0
40.71
27.07
0.0
0.0
0.9861192781834777
0.0
2.996724221684665
0.0
1.2974433237893273
0.0
-157.50881984044145
-198.6956080871546
-365.886778076341
-310.9719518338161
297.6278839977042
-65.5506072137664
-898.0
1175.009384053935
-898.0
156.33541326158354
200.52277014607762
-291.2187386300411
-297.18778946253855
-160.10753221365826
-198.25551355198888
159.16761797875154
65.02179751637061
-78.28006038523802
-32.746911225521785
34.524502107797616
-470.5349816634198
-140.09066511062963
367.8796409344277
23.87609603548617
47.255118663152984
-20.491505149996556
-78.47569418432818
-176.24440292622057
-246.11679811888087
-344.6509589023068
-441.24125027153013
131.5241680973984
573.9429178258679
148.30863785968882
29.55191095123257
797.7011302488581
-277.00938405393504
546.2758319026016
201.80918524440233
-138.08917032816993
490.8910566840111
-127.41156292155085
-21.902738380692426
-225.01348848604624
-249.29562529506154
12.02795180597866
-59.571483398085434
-258.15688140343195
30.478263255249658
-241.1245081995694
410.63200729522987
-67.81489154466192
-80.40597416120283
-528.4346824001965
-104.45991993653911
-87.17103406660544
-124.54999336739832
-137.38829205015077
-129.77229067303404
-105.34227091233419
-151.48786351606225
-91.28421205019185
-76.64372242613706
-45.21273897642277
-39.44790085753232
-152.36277170054723
-152.36277170054723
-132.13648229244393
-72.35720565479426
30.85266814156148
39.784572711602095
24.642502642999602
0.21248288229969603
-31.00365167423422
10.905747624046853
10.830794034067717
-4.362935302084679
-63.968054908244085
-20.02883433206341
8.506804669642293
7.779871839697535
24.21740274260128
-7.930726233261453
-45.76591880681656
-39.375419354348516
-41.35242785364994
-47.199562823733004
-60.79195486153435
-70.97024764349328
-135.6076807994259
-31.04768636288759
2.365119299050548
175.22195947407272
-175.22195947407272
-14.086952258028532
-939.0666896954265
-161.1350072160442
-257.53567142784664
-257.53567142784664
-26.461263400201233
-8.747492505582272
-32.18594698493689
46.74974185795031
-425.1057499265339
-83.34140917564264
-63.84799279340723
232.20514854849762
432.73722963572527
-99.06900683966296
86.68504573451878
-112.68504573451878
86.6850457345189
0.0
-39.179162323986134
-148.07280723988436
279.3390355938616
-386.57297149602226
-244.2330149596071
-293.83134578044996
-318.9411119212514
2.1063274553355313
-94.25652313193785
-260.531792990598
-120.34087581836674
-147.18822803315493
-589.5308984750316
-589.5308984750316
-458.6797473065955
-556.184035863234
-267.5170167528661
-375.03331016472237
-315.01846623574306
-781.2889905581633
-871.9735952018694
36.431738764576494
-48.834070018642365
-170.84735205895095
108.35249875178555
204.3156445771067
-24.160374442513557
302.520056144861
96.63037844865335
-24.160374442513557
244.86453555258447
220.85689845646777
193.04477248035505
410.75368415065986
-166.37508761211825
-71.52217874100324
349.52866127517996
-156.5615822400702
-278.7393460498578
-363.9448015819673
24.716759564367067
-475.93010143689526
229.3844748632472
176.91993412260763
-324.88493365689567
-163.41480158196725
33.54816234475868
83.04632383506237
-61.454755888300156
-405.24580925865644
-230.53555696063768
-162.5874282766681
-182.4870399391964
-206.5382705214513
-103.18241668125381
66.40374813128847
-305.9734932321141
61.601776074394365
-325.8220452669279
52.96514889568948
-123.5225728652033
18.41864018086983
0.0
-26.849137692633803
-457.5901471467191
-161.40985285328088
121.87690474450562
87.60866196217853
66.01846443453462
-67.78
139.67896962209727
-245.59370642894896
290.3820730754961
3.141592653589793
5.684341886080802e-14
2.9844985472689114
0.0
3.0573278811435873
0.0
0.0
0.0
0.0
0.0
0.0
0.0
0.0
0.0
0.0
0.0
0.0
0.0
2.7505079098762595
0.0
2.721282810051237
3.637978807091713e-12
0.0
0.0
0.0
0.0
0.0
0.0
0.0
0.0
0.0
0.0
2.882266604065226
0.0
2.8687797306724123
2.842170943040401e-14
0.0
0.0
0.0
0.0
0.0
0.0
2.4071475535739317
0.0
2.133257553608168
0.0
636.0
0.0
262.0
0.0
0.0
0.0
0.0
0.0
0.0
0.0
0.0
0.0
0.0
0.0
1.8441015535977585
0.0
2.858389525251326
4.149569576838985e-12
2.999999999999602
3.0
1.3
1.3
3.0
1.35
1.35
1.35
0.71
0.71
0.71
1.57
0.65
0.65
0.65
0.65
0.45
0.45
0.45
0.45
1.0
1.0
1.0
1.9
1.9
1.9
1.9
1.9
1.9
1.9
4.6
3.0
3.0
4.6
3.0
0.0
126.98
241.00354838122934
0.0
0.0
943.5
140.0
0.0
0.0
0.0
0.0
0.0
0.0
0.0
0.0
0.0
0.0
0.0
0.0
0.0
0.0
0.0
0.0
0.0
0.0
0.0
0.0
0.0
0.0
0.0
0.0
0.0
0.0
0.0
0.0
0.0
0.0
0.0
0.0
0.0
0.0
0.0
0.0
0.0
0.0
0.0
0.0
0.0
0.0
2.801641495976165
0.0
2.9744416359315995
0.0
2.8472405289597447
7.105427357601002e-14
23.1350976375
0.0
2.782475029366605
0.0
2.829958044742421
0.0
2.5768151042172303
2.7284841053187847e-12
0.0
0.0
0.0
20.0
53.39526347374999
0.0
0.0
0.0
0.0
0.0
2.7629942820260442
5.684341886080802e-14
62.6
45.2125992025
0.0
0.0
2.774472981400347
0.0
2.8293647729459455
0.0
2.7625155985316443
0.0
2.5913607391176523
0.0
2.199778001200409
0.0
62.6
4.6
30.4
5.283475254125001
18.032280349999997
7.017317349124999
3.7340638865625
1.0329907023750002
0.0
0.0
0.0
0.0
3.552713678800501e-15
0.0
0.0
0.0
2.0297061792028233
0.0
154.3999999999999
0.0
672.3
0.0
0.0
0.0
56.96
0.0
0.0
0.0
0.0
0.0
0.0
0.0
1.8470630039150606
0.0
0.0
677.8
0.0
0.0
0.0
0.0
0.0
0.0
0.0
0.0
0.0
0.0
0.0
0.0
1.7968660303487596
0.0
11.567752517500004
6.790891035625002
15.774894358125
15.066612815625
15.16145847875
8.4324044985625
0.0
0.0
0.0
0.0
0.0
0.0
2.7829632716012505
1.1368683772161603e-12
2.9099987972683845
0.0
2.938189450607858
0.0
2.2667651368532287
0.0
74.15932725687502
33.44521293375
0.0
7.105427357601002e-15
2.892628936003157
0.0
0.8
30.224929281250002
0.0
0.0
2.766402482849932
0.0
2.5014494653469717
0.0
3.0
3.0
3.0
7.5
0.0
0.1
0.4
0.48
0.24
0.49
0.05
0.05
0.0
0.0
0.0
0.0
0.0
0.0
0.0
0.0
0.0
0.0
0.0
0.0
0.0
0.0
2.156395141221765
0.0
2.1632902836290135
8.526512829121202e-14
0.0
0.0
2.16
0.0
0.0
0.0
2.1645208096774713
0.0
2.1337301944677307
0.0
1.9798954908688424
0.0
2.0612393929039072
0.0
0.0
0.0
1.99775552473937
4.973799150320701e-14
1.9550525676031736
2.1316282072803006e-14
0.0
7.43
0.0
0.0
1.769069558003853
0.0
1.9783826751459443
0.0
1.6587252612996108
0.0
1.5218491934960898
5.684341886080802e-14
0.0
7.43
0.0
0.0
1.3978966694052692
0.0
1.3005633367215195
9.947598300641403e-14
1.31239692916607
8.526512829121202e-14
0.0
98.2
0.0
82.0
0.0
0.0
0.0
0.0
1.2758814230235993
0.0
1.2988938987375374
6.039613253960852e-14
1.3299634061377983
6.039613253960852e-14
1.344378225521722
0.0
1.3446267807594108
3.197442310920451e-14
0.0
0.0
48.35154155625
0.0
0.0
0.0
1.306833074479159
2.9416469260468148e-12
0.0
0.0
22.0
0.635249521375
0.0
0.0
0.0
0.0
1.3037172910073247
0.0
75.0
75.0
0.0
0.0
0.0
0.0
1.3007117990026442
4.263256414560601e-13
1.3090674707389418
0.0
1.3241764789987567
0.0
97.98
97.98
46.7
0.0
0.0
0.0
1.2019928539827456
2.8421709430404007e-13
1.1140996597967305
0.0
97.98
97.98
27.07
0.0
0.0
0.0
1.0958484486328146
8.810729923425242e-13
0.0
97.98
0.0
0.0
1.0967116136589068
0.0
1.1346838727115767
0.0
1.0998087528836988
0.0
636.0
6.91
0.0
0.0
0.0
0.0
0.0
0.0
1.0516100528515606
0.0
596.4
77.0
0.0
0.0
1.0393738637599084
0.0
1.0866066051881917
2.842170943040401e-14
0.9835966889073076
1.7053025658242404e-13
74.05
74.05
87.71
87.71
9.773369321624997
0.0
0.0
0.0
0.0
0.0
1.0695217727400914
0.0
0.0
0.0
1.6195265417402958
5.684341886080801e-13
1.6505163282086457
0.0
26.0
0.0
1.8076476398414378
1.7053025658242404e-13
1.6505163282086457
0.0
100.0
0.0
1.5672775995606862
0.0
1.4103114862725405
6.252776074688882e-13
77.0
60.8
0.6358849311250001
0.0
0.0
0.0
1.1340639836370254
1.4210854715202004e-14
60.8
41.55
0.0
0.0
0.0
0.0
0.0
0.0
0.7728376198719511
0.0
0.7730468542472084
0.0
0.7500105625054498
0.0
140.0
27.07
80.67
80.67
0.0
0.0
0.0
0.0
0.646383537821535
0.0
0.8645109257608619
0.0
20.469160359375
40.165079398125
0.8213498406875
0.0
0.0
0.0
0.38263003993646016
0.0
0.17877255967133765
4.547473508864641e-13
-0.17436794635634767
0.0
0.0
0.0
0.0
0.0
0.0
0.0
0.0
0.0
-0.3762980109428651
0.0
-1.335746019458175
0.0
445.1416654801743
425.5654868635023
0.0
0.0
-3.141592653589793
0.0
-0.3397829423304155
0.0
336.5
595.0
0.0
0.0
-0.4618498792110737
3.268496584496461e-13
0.0
0.0
0.0
0.0
0.0
0.0
0.0
0.0
-0.2582701883560028
0.0
0.0
0.0
0.0
0.0
0.0
0.0
-0.2785749192477378
0.0
0.0
8.82
24.48
27.65
419.8602922
0.0
0.0
0.0
0.0
0.0
-0.30946919879191936
0.0
-0.10163734858140483
0.0
0.0398395013132582
0.0
0.21827754417978262
0.0
0.34398433736458367
4.547473508864641e-13
0.5003367958897513
2.842170943040401e-14
0.3451761005460008
0.0
110.0
41.55
41.55
7.43
0.0
0.0
0.0
0.0
-0.10350212857143992
0.0
0.0
0.0
0.0
0.0
0.0
0.0
0.0
0.0
88.10972453125
198.933442425
0.0
0.0
0.0
0.0
0.0
0.0
0.0
0.0
0.0
0.0
-0.2364212612898826
0.0
-0.1941541475131059
9.947598300641403e-14
-0.2630268489662595
0.0
1.1999999999998863
1.2
1.6
1.6
1.6
1.6
0.95
0.95
0.95
0.95
1.88
1.88
3.75
2.29
2.29
1.2
0.9
0.9
1.6
0.9
0.9
3.0
1.88
0.0
0.0
0.0
0.0
0.0
0.0
0.0
0.0
0.0
0.0
0.0
0.0
0.0
0.0
0.0
0.0
0.0
0.0
0.0
0.0
0.0
0.0
0.0
0.0
0.0
-0.4502727395371502
0.0
456.17732173124995
0.0
-0.7088309854624297
0.0
8.5
233.2471241375
0.0
0.0
-0.7476490893158911
0.0
-0.7110113446007897
0.0
0.0
0.0
751.1
0.0
0.0
0.0
0.0
0.0
0.0
0.0
0.0
0.0
0.0
0.0
0.0
0.0
0.0
0.0
-1.307442977251205
0.0
-0.7046758485410387
1.0658141036401503e-13
-0.6895577758476064
0.0
248.08898738124998
0.0
-0.6758775298611148
0.0
0.0
0.0
0.0
0.0
0.0
0.0
0.0
0.0
0.0
0.0
0.0
0.0
0.0
0.0
0.0
0.0
0.0
0.0
-0.6758775298611148
0.0
0.0
0.0
0.0
0.0
0.0
1.35
4.65
0.0
128.71708724375
0.0
0.0
0.0
0.0
0.0
0.0
0.0
0.0
0.0
-0.6930159948931021
0.0
619.0
0.0
2.4390365675131793
0.0
2.8409604185050465
0.0
2.847824629618165
8.526512829121202e-14
40.71
27.07
0.0
0.0
0.980851598906786
0.0
2.9970738026095907
0.0
1.2920795770298446
0.0
-157.25135767840334
-198.7376708605152
-366.2293210921322
-311.15284359531597
298.1181370867913
-64.84073746959461
-898.0
1176.5365410946781
-898.0
156.80467350023537
201.0362393204423
-289.5307615894362
-296.8458624193569
-159.80399072963894
-197.46539619308066
158.75801733631408
64.49651058491327
-78.5460747026541
-33.213076713101145
33.95269635148463
-470.6176775946469
-140.55687981494054
368.6716392622418
23.283365871680644
46.91606115003685
-20.309766411905912
-78.73872136738112
-176.4483086653956
-246.2784515163388
-345.6744349198747
-440.8937466066852
131.40568995809213
574.1719433514068
148.57956214886508
29.894648290365126
799.0978541459999
-278.5365410946781
546.3943100419078
202.05619435604945
-137.64505921714203
491.43493636121343
-128.14868335431072
-21.934819533893005
-225.90479422791117
-250.23394339514107
12.063980867692749
-59.47704057755902
-258.9572330088885
30.319658420208725
-241.11645477710772
410.2258763149798
-68.38754864402256
-80.9373034045584
-531.2400851987702
-104.9320134961514
-87.68574359124727
-124.96500913784325
-137.76519228821553
-130.25974484040051
-105.89676744181827
-151.9157244734193
-91.41041599076834
-76.64041943571692
-45.237957798473076
-39.49106191667295
-152.68982506151355
-152.68982506151355
-132.24073681263792
-72.30793296261868
30.60169642712924
39.47590008339637
24.51499895068332
0.15202155210101864
-30.978447768900878
10.70991399705008
10.636306342616864
-4.407048757893904
-64.09712541782756
-19.9039205599247
8.649763699074128
7.592217911328817
24.290558993490322
-8.048577383087377
-45.72185804521678
-39.330256979842545
-41.30499791222758
-47.13829334290972
-60.6159959891429
-70.76293690349212
-135.19415676231233
-30.994734643383026
2.2956516650642698
174.3755991393882
-174.3755991393882
-14.777254669132162
-941.46596151375
-159.59834447025605
-257.3531657247645
-257.3531657247645
-26.301720135419146
-8.636759376670398
-33.07078133242612
46.534720620092
-425.08352465158146
-83.16830956766694
-63.691250085718934
232.22995633036794
433.07462125827124
-99.67913424137441
87.29517313631288
-113.29517313631283
87.29517313631266
0.0
-39.49277564517752
-148.37947197214714
279.33583074810053
-386.6160425514859
-244.0718674176211
-293.74668600776636
-318.8963814148754
1.6873739940069754
-94.4110317345623
-260.7300660702954
-120.4324590980429
-147.19747819709403
-589.5334809819492
-589.5334809819492
-457.45320056668135
-556.227776896331
-267.5306863931713
-375.0476828609361
-315.0235015948572
-780.0390313312009
-870.7071523436766
35.79908687631087
-49.45194697747502
-171.44232707683273
108.28706960029591
204.1922676415054
-24.287955616106274
301.74392165226254
96.38246705162872
-24.287955616106274
245.08472901791174
221.08145576100185
193.2743851615271
411.14756413046337
-166.15340685943244
-72.91641995349949
349.994057538363
-156.36696144686385
-278.895775247315
-364.0221681490173
24.762012709088026
-476.31165965106163
229.8113221055121
176.6694446885898
-324.91472729593806
-163.4921681490173
33.49216622390679
83.0811267167611
-61.49348344326745
-407.3361490933314
-231.5733941874081
-163.23121585852357
-183.0008306376464
-207.24457786150163
-102.69339645703553
66.97942361447281
-305.8982994004624
61.12836526934484
-325.91892492667887
52.493307959947515
-124.43728091903466
17.95307872235776
0.0
-26.778851612479457
-457.73600230974466
-161.26399769025534
121.82669223912035
87.5321970332941
66.00202993119501
-67.78
139.59450474095354
-245.80438511970277
290.46984077703314
