3.141592653589793
0.0
2.990312278559072
0.0
3.054518228267991
0.0
0.0
0.0
0.0
0.0
0.0
0.0
0.0
0.0
0.0
0.0
0.0
0.0
0.0
0.0
0.0
0.0
0.0
-0.0
-0.0
-0.0
-0.0
-0.0
0.0
0.0
0.0
0.0
0.0
2.733636533233522
0.0
2.702541059801834
1.5916157281026244e-12
0.0
0.0
0.0
0.0
0.0
0.0
0.0
0.0
0.0
0.0
0.0
0.0
0.0
0.0
0.0
-0.0
-0.0
-0.0
-0.0
-0.0
0.0
0.0
0.0
0.0
0.0
2.8776693309871657
0.0
2.8694595605715207
2.842170943040401e-14
0.0
0.0
0.0
0.0
0.0
0.0
0.0
0.0
0.0
-0.0
-0.0
-0.0
0.0
0.0
0.0
2.36429791543212
0.0
2.0605573161553963
0.0
636.0
0.0
359.8708174252167
0.0
0.0
0.0
0.0
0.0
0.0
0.0
0.0
0.0
0.0
0.0
0.0
0.0
0.0
0.0
-0.0
-0.0
-0.0
-0.0
0.0
0.0
0.0
0.0
1.7398869129329324
0.0
2.8573170521060103
7.16227077646181e-12
0.9
0.9
1.3
0.26
3.0
0.27
0.27
0.27
0.14
0.71
0.14
0.31
0.13
0.65
0.13
0.13
0.09
0.09
0.09
0.09
0.2
0.2
0.2
0.57
1.9
0.57
0.57
1.9
0.57
1.9
1.38
0.9
3.0
1.38
0.9
0.0
126.98
320.0
0.0
0.0
778.1146234110327
140.0
0.0
0.0
0.0
0.0
0.0
0.0
0.0
0.0
0.0
0.0
0.0
0.0
0.0
0.0
0.0
0.0
0.0
0.0
0.0
0.0
0.0
0.0
0.0
0.0
0.0
0.0
0.0
0.0
0.0
0.0
0.0
0.0
0.0
0.0
0.0
0.0
0.0
0.0
0.0
0.0
0.0
0.0
2.810845139987503
0.0
2.9699588646961104
0.0
2.8495335338967127
0.0
21.260495971374997
0.0
2.765275653464969
5.684341886080801e-13
2.8229789286769016
0.0
2.5341772983746917
0.0
0.0
0.0
0.0
20.0
24.0563530084375
0.0
0.0
0.0
0.0
0.0
0.0
0.0
-0.0
-0.0
0.0
0.0
2.738940610911383
5.684341886080802e-14
61.97
46.613185291125
0.0
0.0
2.7536297356272437
0.0
2.7416710568502296
0.0
2.6260706044200592
0.0
2.3990015527193904
0.0
1.9155139613122891
4.888534022029489e-12
61.97
4.6
0.0
2.022760658406252
12.27697037390625
7.017893880312499
3.7231777231562506
0.7597232463749979
0.0
0.0
30.1
0.0
0.0
0.0
0.0
2.1094237467877974e-15
1.7602589263404518
0.0
154.4
0.0
672.3
0.0
0.0
0.0
712.0
0.0
0.0
0.0
0.0
0.0
0.0
0.0
0.0
0.0
0.0
-0.0
-0.0
-0.0
0.0
0.0
0.0
1.436051442418691
0.0
0.0
558.25
0.0
0.0
0.0
0.0
0.0
0.0
0.0
0.0
0.0
0.0
0.0
0.0
0.0
0.0
0.0
0.0
0.0
-0.0
-0.0
-0.0
-0.0
-0.0
0.0
0.0
0.0
0.0
0.0
1.5318863611169302
0.0
3.1642981643125
4.23578131396875
12.037716878406252
11.1571452315625
11.340928627375
6.1449653195
0.0
0.0
0.0
0.0
0.0
0.0
2.5582984568739615
1.6484591469634324e-12
2.723819134803408
5.684341886080802e-14
2.7942022749547304
0.0
2.2277353663584654
0.0
34.388577675
10.07536261009375
0.0
0.0
2.7633259244237998
5.684341886080802e-14
0.8
61.34769293406251
0.0
0.0
2.563317065983247
0.0
2.545158745837739
0.0
3.0
0.6
3.0
2.25
0.0
0.0
0.0
0.15
0.0
0.49
0.0
0.0
0.0
0.0
0.0
0.0
0.0
0.0
0.0
0.0
0.0
0.0
0.0
0.0
0.0
0.0
0.0
-0.0
0.0
2.2700664113905678
0.0
2.2768729204614138
7.105427357601002e-15
0.0
0.0
2.16
0.0
0.0
0.0
0.0
-0.0
0.0
2.278025431534904
0.0
2.24842653599665
0.0
2.0918554460442795
0.0
2.213214930371314
5.684341886080802e-14
0.0
0.0
0.0
-0.0
0.0
2.171696620310934
0.0
2.146311154004959
4.263256414560601e-14
0.0
0.0
0.0
0.0
0.0
-0.0
0.0
2.0104381704448606
4.263256414560601e-14
2.1559236471671728
1.4210854715202004e-14
1.931367322687981
0.0
1.8300155819583424
0.0
0.0
7.43
0.0
0.0
1.7310808546839747
4.263256414560601e-14
1.649275609652789
0.0
1.6595721269632708
0.0
0.0
98.2
0.0
68.35
0.0
0.0
0.0
0.0
0.0
-0.0
0.0
1.6272205273434581
0.0
1.6551393576384363
6.394884621840902e-14
1.6921557403404437
0.0
1.7078985145123706
0.0
1.7130796409107916
2.842170943040401e-14
0.0
0.0
29.333255343125
0.0
0.0
0.0
0.0
0.0
-0.0
-0.0
0.0
0.0
1.680148825904162
3.112177182629239e-12
0.0
0.0
22.0
0.40180994106249995
0.0
0.0
0.0
0.0
0.0
0.0
-0.0
-0.0
0.0
0.0
1.6772580805275723
2.842170943040401e-14
75.0
62.55
0.0
0.0
0.0
0.0
0.0
-0.0
0.0
1.6741427656961827
1.4352963262354024e-12
1.675015479569197
0.0
1.6909559902867946
4.440892098500626e-14
97.98
97.98
38.900000000000006
0.0
0.0
0.0
1.5830147643100023
9.094947017729282e-13
1.5029570399147358
0.0
97.98
97.98
1.2699999999999996
0.0
0.0
0.0
1.4853738481806191
6.821210263296962e-13
0.0
74.28
0.0
0.0
0.0
-0.0
0.0
1.4876682773902798
0.0
1.5179548358737236
0.0
1.4842450283954722
0.0
636.0
6.91
0.0
0.0
0.0
0.0
0.0
0.0
0.0
0.0
-0.0
-0.0
0.0
0.0
1.4320711908355221
0.0
596.4
38.3
0.0
0.0
1.4168438564153814
0.0
1.4697003559082749
0.0
1.4068154336684984
9.947598300641403e-14
74.05
74.05
87.71
40.00999999999999
33.8856238755625
0.0
0.0
0.0
0.0
0.0
1.4445042380200048
0.0
320.0
0.0
1.6512361117265106
6.821210263296962e-13
1.6056876546536625
0.0
325.0
0.0
1.374737731522817
2.8421709430404007e-13
1.6056876546536625
0.0
99.0
0.0
1.7999046349762082
0.0
1.703778219618914
1.0231815394945443e-12
77.0
25.699999999999996
8.875414121750001
0.0
0.0
0.0
1.5576380663003118
2.842170943040401e-14
60.8
29.549999999999997
0.0
0.0
0.0
0.0
0.0
0.0
0.0
0.0
-0.0
-0.0
0.0
0.0
1.3497267308759167
0.0
1.3574004926259775
0.0
1.3497824174660797
9.947598300641403e-14
140.0
27.07
80.67
0.0
0.0
0.0
0.0
0.0
1.2917976075074655
0.0
1.3661972503036752
0.0
32.673061801875
113.736248665625
2.46590657496875
0.0
1.4210854715202004e-14
0.0
1.1037639254120997
0.0
0.914453230263307
0.0
0.5814256423783233
0.0
0.0
0.0
0.0
0.0
0.0
0.0
0.0
0.0
0.0
0.0
0.0
0.0
-0.0
-0.0
-0.0
-0.0
0.0
0.0
0.0
0.0
0.3872887614415568
0.0
-0.8518855164843728
2.1316282072803006e-13
461.520980464397
642.484389298773
0.0
0.0
-3.141592653589793
0.0
0.5549228560978952
0.0
336.5
595.0
0.0
0.0
0.5148153252012921
5.115907697472721e-13
0.0
0.0
0.0
0.0
0.0
0.0
0.0
0.0
0.0
0.0
-0.0
-0.0
0.0
-0.0
0.746846936578069
0.0
0.0
0.0
0.0
0.0
0.0
0.0
0.0
0.0
0.0
-0.0
-0.0
-0.0
0.0
0.0
0.0
0.7447980689563893
0.0
84.45
110.25
0.0
0.0
129.52340336656252
0.0
0.0
0.0
7.531752999057062e-13
0.0
0.7416806531486788
0.0
0.9267879071539307
8.526512829121202e-14
1.0461898278340858
2.842170943040401e-14
1.1485888355557456
8.526512829121202e-14
1.1720273477702223
1.3926637620897964e-12
1.2392379466516372
0.0
1.1938680020920014
0.0
110.0
24.0
41.55
0.0
0.0
0.0
0.0
0.0
0.9456411911027942
5.684341886080802e-14
0.0
0.0
0.0
0.0
0.0
0.0
0.0
0.0
27.909660391562483
241.930529596875
0.0
0.0
0.0
0.0
0.0
0.0
0.0
0.0
1.4210854715202004e-14
0.0
0.0
0.0
0.0
0.0
0.0
0.0
0.0
-0.0
-0.0
-0.0
-0.0
-0.0
-0.0
-0.0
0.0
0.0
0.0
0.0
0.0
0.0
0.0
0.9517491825913922
0.0
0.9399926482449708
2.842170943040401e-14
0.8162776055615657
1.4210854715202004e-14
0.36
0.36
1.6
0.0
0.0
1.6
0.28
0.19
0.19
0.19
0.56
0.56
3.75
0.69
0.69
0.36
3.0
3.0
0.32
0.27
0.18
3.0
0.56
0.0
0.0
0.0
0.0
1.6
1.6
0.0
0.0
0.0
0.0
0.0
0.0
0.0
0.0
0.0
0.0
0.0
0.0
0.0
0.0
0.0
0.0
0.0
0.0
0.0
0.9499613647411849
0.0
162.11569063437503
0.0
0.8593864729003426
0.0
88.14999999999999
122.32183524874999
0.0
0.0
0.8158996013015787
0.0
0.8106010171076505
5.684341886080802e-14
0.0
0.0
667.9399999999999
0.0
0.0
0.0
0.0
0.0
0.0
0.0
0.0
0.0
0.0
0.0
0.0
0.0
0.0
0.0
0.0
0.0
0.0
0.0
0.0
0.0
-0.0
-0.0
-0.0
-0.0
-0.0
-0.0
-0.0
-0.0
-0.0
-0.0
-0.0
-0.0
0.3183053056249956
0.0
0.9227574003280417
0.0
0.9638860024035161
8.526512829121202e-14
70.542076161875
0.0
1.044679333843626
0.0
0.0
0.0
0.0
0.0
0.0
0.0
0.0
0.0
0.0
0.0
0.0
0.0
0.0
0.0
0.0
0.0
0.0
0.0
0.0
0.0
0.0
0.0
0.0
0.0
0.0
0.0
0.0
-0.0
-0.0
-0.0
-0.0
-0.0
-0.0
-0.0
-0.0
-0.0
0.0
0.0
0.0
0.0
0.0
0.0
0.0
0.0
0.0
1.044679333843626
0.0
0.0
0.0
0.0
0.0
0.0
1.35
4.65
0.0
59.42340964562501
0.0
0.0
0.0
0.0
0.0
0.0
0.0
0.0
0.0
0.0
0.0
0.0
0.0
0.0
-0.0
-0.0
-0.0
-0.0
-0.0
-0.0
0.0
0.0
0.0
-0.0
1.0763676689401773
0.0
619.0
0.0
2.3756803013884955
0.0
2.6289640117437783
0.0
2.6343007759459844
5.684341886080802e-14
31.560000000000002
27.07
0.0
0.0
1.4044409186680473
0.0
3.006720470706516
0.0
1.6462466029292706
2.842170943040401e-14
-151.43180683740775
-205.3642106613412
-389.6675868383168
-325.9047856076868
324.31161333211526
-39.47005007774078
-995.8708174252167
1266.8282560460784
-995.8708174252167
179.7681960240891
226.9442702679612
-237.1015924261883
-291.34275735378674
-152.29568017530528
-172.39535468301256
154.0927668712601
54.72191500589963
-83.74926810146633
-43.2091694504478
14.548907296753214
-528.8291877454276
-160.35626336855012
405.47190605379785
29.79538482032217
-10.221092971797134
-29.558167100944956
-136.16072140892675
-234.09180586527418
-304.0802461631229
-315.55901413884357
-599.3281486169976
-250.87675050741063
688.4951008755916
193.59143612929756
74.63747629605143
789.7987939699833
-270.9574386208617
809.1267505074106
146.60820604204912
-93.28202576536853
561.8413743645494
-203.05467854065853
6.647164381863604
-176.94285179030692
-195.77462519938433
11.29912817189836
-57.236186056963675
-208.96634495475206
29.69783636279078
-230.21144031017684
417.5229065918452
-33.218495872427525
-45.67256885762231
-251.62948208343795
-68.62530588561128
-52.12621417178627
-88.11937150640483
-100.64665448342618
-91.50624469175926
-67.90170387832768
-112.48805847992878
-72.96071332486031
-64.41357876445568
-37.83530567229229
-35.28813169492901
-118.64323315073545
-118.64323315073545
-109.02959925487795
-64.062573510986
37.12610411447474
47.397965691277705
26.773425460747376
3.1688846473157355
-26.99247131534389
18.314290156995526
18.18841875023754
-4.0887487646205045
-62.890682815188484
-20.63122404803164
0.9034305100440179
14.832926813674248
17.40499439398843
-1.6686370702702789
-42.361125859282765
-36.305976647699154
-38.12887086914225
-43.67160158771901
-55.21222371976853
-65.0939440895097
-130.2458646899986
-27.25269611750116
6.102205344646791
168.54903739125666
-168.54903739125666
4.212014124154393
-669.1523886752832
-172.76105151541105
-228.91911965322765
-228.91911965322765
-32.48826650010278
-15.357197847852035
-41.154957896798805
52.07536895973976
-157.84848229389763
-73.71179684327353
-56.393916456277
101.86163339365385
162.78100291785722
-26.494001117421135
-128.30551286073387
-196.6944871392662
-128.3055128607341
0.0
112.37227758634845
37.263906308979585
212.51965703596034
-236.76456982708294
-140.48063204856805
-93.83911598415216
-177.114301535526
61.88517540346743
-31.22161950977363
-119.44149147537064
-55.170593685342666
-82.36478684667554
-201.08011568755137
-201.08011568755137
-288.35029959793246
-516.53668518009
-252.29362719366713
-356.1922086761678
-302.86564879100024
-1007.4587625645772
-1104.00536976317
164.3471516301065
73.71477674216408
-56.33080182017011
123.42106987731482
232.72980076026306
-2.450798590928116
449.23827320806595
143.49483107635066
-2.450798590928116
218.2868561347757
192.72732574871554
163.1173780285942
235.94241406037816
-65.80783502638565
128.7989101212579
144.80727262974438
-56.273726849327886
-90.67556056733463
-168.0370953407289
71.20967098756068
-162.82869869104184
42.849199663192394
75.9441795387936
-135.2619103410815
7.5129046592711575
-9.315795836614939
133.44714208829862
-110.45985954405631
-3.4053673341550166
-45.275838080950166
-57.18111858520069
-82.49954673412776
-61.63675348530239
-115.04463388079273
-9.686625583582327
-271.9094511736186
152.00255910395276
-269.0140499749189
142.80764608625577
52.243777768884
106.02799401546815
0.0
49.51302358836176
-526.5680962659529
-92.43190373404695
107.26625123583312
102.56723219185233
51.315040403775924
-58.63
139.910950516379
-119.60835070600012
162.88333938104302
3.141592653589793
0.0
2.9877627371949718
0.0
3.055417042748979
0.0
0.0
0.0
0.0
0.0
0.0
0.0
0.0
0.0
0.0
0.0
0.0
0.0
0.0
0.0
0.0
0.0
0.0
-0.0
-0.0
-0.0
-0.0
-0.0
0.0
0.0
0.0
0.0
0.0
2.7393688125620734
0.0
2.7088316095050544
0.0
0.0
0.0
0.0
0.0
0.0
0.0
0.0
0.0
0.0
0.0
0.0
0.0
0.0
0.0
0.0
-0.0
-0.0
-0.0
-0.0
-0.0
0.0
0.0
0.0
0.0
0.0
2.878887290473882
0.0
2.8686319655911525
5.684341886080802e-14
0.0
0.0
0.0
0.0
0.0
0.0
0.0
0.0
0.0
-0.0
-0.0
-0.0
0.0
0.0
0.0
2.378468815637568
0.0
2.07468246636085
0.0
636.0
0.0
360.0208174252167
0.0
0.0
0.0
0.0
0.0
0.0
0.0
0.0
0.0
0.0
0.0
0.0
0.0
0.0
0.0
-0.0
-0.0
-0.0
-0.0
0.0
0.0
0.0
0.0
1.7539637631383844
0.0
2.858061223862018
9.094947017729282e-13
0.0
0.0
1.3
1.3
3.0
0.0
1.35
0.0
0.71
0.71
0.71
0.0
0.65
0.65
0.65
0.65
0.45
0.45
0.45
0.45
1.0
1.0
1.0
1.9
0.57
0.57
1.9
1.9
0.57
1.9
1.38
3.0
3.0
4.6
3.0
0.0
126.98
320.0
0.0
0.0
843.75
126.80000000000007
3.0
3.0
0.0
0.0
0.0
1.35
0.0
1.35
0.0
0.0
0.0
1.57
0.0
0.0
0.0
0.0
0.0
0.0
0.0
0.0
0.0
0.0
0.0
0.0
0.0
0.0
0.0
0.0
0.0
0.0
0.0
0.0
0.0
0.0
0.0
0.0
0.0
0.0
0.0
0.0
0.0
0.0
2.806619098259497
0.0
2.9775614784815856
0.0
2.854430658108683
0.0
22.433178825374995
0.0
2.7951043330410634
0.0
2.8291321988837232
5.684341886080802e-14
2.5623627880268387
2.7995383788947947e-12
0.0
0.0
0.0
20.0
25.6599476434375
0.0
0.0
0.0
0.0
0.0
0.0
0.0
-0.0
-0.0
0.0
0.0
2.769654389444698
0.0
61.97
48.904594750624995
0.0
0.0
2.787351609428109
2.5579538487363607e-13
2.7776983321352677
0.0
2.6636412398110707
2.842170943040401e-14
2.4382204274078543
0.0
1.957299774634211
9.279688129026908e-12
61.97
0.0
0.0
2.0772835991562504
12.67775578953125
7.017894230687499
3.724172579906252
0.7644371584999999
0.0
4.6
30.1
0.0
0.0
0.0
0.0
0.0
1.8229693807328298
2.842170943040401e-14
154.4
0.0
634.8
0.0
0.0
0.0
712.0
0.0
0.0
0.0
0.0
0.0
0.0
0.0
0.0
0.0
0.0
-0.0
-0.0
-0.0
0.0
0.0
0.0
1.4536580559341257
0.0
0.0
677.8
0.0
0.0
0.0
0.0
0.0
0.0
0.0
0.0
0.0
0.0
0.0
0.0
0.0
0.0
0.0
0.0
0.0
-0.0
-0.0
-0.0
-0.0
-0.0
0.0
0.0
0.0
0.0
0.0
1.5214126390719285
0.0
3.1843439674375
4.43126471096875
12.105034817031253
11.2343496739375
11.414533437625
6.291995054
0.0
0.0
0.0
0.0
0.0
0.0
2.585334183667177
8.526512829121202e-13
2.7516971467307005
0.0
2.8228733683212477
0.0
2.256857134928387
0.0
34.12694996125
10.13406886859375
0.0
0.0
2.7922080600696173
5.684341886080802e-14
0.65
67.1150100790625
0.0
0.0
2.5927073775189378
0.0
2.5951009225287542
0.0
0.0
3.0
0.0
2.25
0.0
0.0
0.0
0.0
0.0
0.19
0.0
0.0
0.0
3.0
0.0
3.0
0.0
0.0
0.0
0.0
0.0
0.0
0.0
0.0
0.0
0.0
0.0
-0.0
0.0
2.3431166305153486
0.0
2.350191827488823
2.1316282072803006e-14
0.0
0.0
0.0
0.0
0.0
0.0
0.0
-0.0
0.0
2.35142943357676
0.0
2.3213338021443954
0.0
2.163161355551936
0.0
2.295754054351301
4.263256414560601e-14
0.0
0.0
0.0
0.0
0.0
2.259735976802091
0.0
2.2387487669988255
0.0
0.0
7.43
0.0
0.0
0.0
-0.0
0.0
2.1150766504785192
4.263256414560601e-14
2.249286817318815
0.0
2.0543918425203618
4.263256414560601e-14
1.963932909125079
0.0
0.0
7.43
0.0
0.0
1.8726734869170967
7.105427357601002e-14
1.7957834304740619
2.842170943040401e-14
1.804556995423555
0.0
0.0
98.2
0.0
54.699999999999996
0.0
0.0
0.0
0.0
0.0
-0.0
0.0
1.7731135208262767
0.0
1.8033055661700494
0.0
1.8430553960378857
8.881784197001252e-14
1.8594677134782138
0.0
1.8665156323188743
0.0
0.0
0.0
31.398950438125
0.0
0.0
0.0
0.0
0.0
-0.0
-0.0
0.0
0.0
1.834982592631567
0.0
0.0
0.0
0.0
0.46210026181249997
0.0
0.0
22.0
0.0
0.0
0.0
-0.0
-0.0
0.0
0.0
1.8351417304186617
7.105427357601002e-14
75.0
75.0
0.0
0.0
0.0
0.0
0.0
-0.0
0.0
1.8292884837699779
4.085620730620576e-12
1.8272362744825168
2.4868995751603507e-14
1.8436666181172097
0.0
74.28
74.28
46.7
0.0
0.0
0.0
1.7420139747274037
1.6484591469634324e-12
1.6502226385704235
2.842170943040401e-14
97.98
97.98
1.2699999999999996
0.0
0.0
0.0
1.632633881624022
1.1368683772161603e-12
0.0
97.98
0.0
0.0
0.0
-0.0
0.0
1.6304248205753051
0.0
1.6699469671961742
0.0
1.6326065487880772
0.0
636.0
6.91
0.0
0.0
0.0
0.0
0.0
0.0
0.0
0.0
-0.0
-0.0
0.0
0.0
1.5761917165548294
3.950617610826157e-12
596.4
25.4
0.0
0.0
1.5636386213307585
0.0
1.6146166296085234
7.105427357601002e-15
1.5593484062556273
0.0
59.8
59.8
71.80999999999999
55.90999999999999
35.5240102126875
0.0
0.0
0.0
0.0
0.0
1.6045125491739682
0.0
320.0
0.0
1.7929355872195938
2.2737367544323206e-13
1.7405727674505176
0.0
325.0
0.0
1.4750711461499098
1.7053025658242404e-13
1.7405727674505176
0.0
99.0
0.0
1.9556312399072802
0.0
1.8635890269585946
5.115907697472721e-13
77.0
13.999999999999993
9.347790481
0.0
0.0
0.0
1.7314024617040458
0.0
60.8
17.549999999999997
0.0
0.0
0.0
0.0
0.0
0.0
0.0
0.0
-0.0
-0.0
0.0
0.0
1.5270430744442116
0.0
1.5345956341910654
4.263256414560601e-14
1.5267420387680959
0.0
140.0
20.62
80.67
0.0
0.0
0.0
0.0
0.0
1.4680824082912807
0.0
1.5271181062750028
0.0
32.686466629375
113.744801878125
2.452152721593748
0.0
0.0
1.3322676295501878e-15
1.2984737909542297
2.8421709430404007e-13
1.120897982777775
2.2737367544323206e-13
0.8060298916393487
0.0
0.0
0.0
0.0
0.0
0.0
0.0
0.0
0.0
0.0
0.0
0.0
0.0
-0.0
0.0
-0.0
-0.0
0.0
0.0
0.0
0.0
0.6206959549780877
2.842170943040401e-14
-0.5351773243863587
0.0
431.34250907095645
604.984389298773
0.0
0.0
-2.684519311808505
0.0
0.7700914339304199
0.0
336.5
595.0
0.0
0.0
0.7171779062854626
4.547473508864641e-13
0.0
0.0
0.0
0.0
0.0
0.0
0.0
0.0
0.0
0.0
-0.0
-0.0
0.0
-0.0
0.9464327166017696
0.0
0.0
0.0
0.0
0.0
0.0
0.0
0.0
0.0
0.0
-0.0
-0.0
-0.0
0.0
0.0
0.0
0.9406780869050069
0.0
110.25
110.25
0.0
0.0
138.0373748403125
0.0
0.0
0.0
0.0
0.0
0.9319222388480695
0.0
1.1164836350080023
0.0
1.2353951603700164
2.2737367544323206e-13
1.3374994400491484
5.684341886080802e-14
1.3605162523299876
3.410605131648481e-13
1.4217880055011118
2.4868995751603507e-14
1.3750354268068863
0.0
91.7
12.0
41.55
0.0
0.0
0.0
0.0
0.0
1.1488999235734951
0.0
0.0
0.0
0.0
0.0
0.0
0.0
0.0
0.0
30.315578579062496
241.989613571875
0.0
20.0
0.0
0.0
0.0
0.0
0.0
0.0
0.0
0.0
1.0
0.0
0.0
0.0
0.0
0.0
0.0
1.0
-0.0
-0.0
-0.0
-0.0
-0.0
-0.0
0.0
0.0
0.0
0.0
0.0
0.0
0.0
1.1410195521778128
0.0
1.1297170522841764
0.0
1.006351079436298
0.0
1.2
0.0
0.0
1.6
0.0
1.6
0.0
0.0
0.0
0.95
0.0
1.88
0.0
2.29
0.0
0.0
0.0
0.0
0.0
0.9
0.9
3.0
0.0
0.0
0.0
1.2
1.6
0.0
1.6
0.0
0.95
0.95
0.95
0.0
1.88
0.0
3.75
0.0
2.29
1.2
3.0
3.0
1.6
0.0
0.0
0.0
1.88
0.0
1.137679641493576
0.0
169.92939258437502
0.0
1.0419504561433355
0.0
61.599999999999994
125.97938335125
0.0
0.0
0.9989131003895491
0.0
0.9892732001144049
5.684341886080802e-14
0.0
0.0
695.6899999999999
0.0
0.0
0.0
0.0
0.0
0.0
0.0
0.0
0.0
0.0
0.0
0.0
0.0
0.0
0.0
0.0
0.0
0.0
0.0
0.0
0.0
-0.0
-0.0
-0.0
-0.0
-0.0
-0.0
-0.0
-0.0
-0.0
-0.0
-0.0
-0.0
0.4738121710885288
0.0
1.1045766797345689
0.0
1.1452147829963328
0.0
73.877535576875
0.0
1.224697007080815
0.0
0.0
0.0
0.0
0.0
0.0
0.0
0.0
0.0
0.0
0.0
0.0
0.0
0.0
0.0
0.0
0.0
0.0
0.0
0.0
0.0
0.0
0.0
0.0
0.0
0.0
0.0
0.0
-0.0
-0.0
-0.0
-0.0
-0.0
-0.0
-0.0
-0.0
-0.0
0.0
0.0
0.0
0.0
0.0
0.0
0.0
0.0
0.0
1.224697007080815
0.0
0.0
0.0
0.0
0.0
0.0
1.35
4.65
0.0
62.19594028062501
0.0
0.0
0.0
0.0
0.0
0.0
0.0
0.0
0.0
0.0
0.0
0.0
0.0
0.0
-0.0
-0.0
-0.0
-0.0
-0.0
-0.0
0.0
0.0
0.0
-0.0
1.2546459074707244
0.0
619.0
0.0
2.404021368641219
1.1368683772161603e-13
2.6574473838954047
0.0
2.6626229782201225
0.0
40.71
27.07
0.0
0.0
1.5566033162551058
0.0
3.0027317262368323
0.0
1.8126039405207957
4.973799150320701e-14
-153.98390029496215
-203.2443651873483
-382.6717174820155
-320.91243817983195
314.91792774524265
-49.30444655474025
-996.0208174252167
1237.3138346898945
-996.0208174252167
172.51803966910904
218.8117512828003
-262.45982448586074
-294.06434885300325
-155.49871530592645
-182.39078629510885
163.4750405087824
67.6259686692199
-74.65513316219483
-30.42375644371623
26.994125440021094
-532.5893477537184
-148.12293774545253
410.47841869027206
35.896997939318226
-8.25066435284657
-19.676963484736916
-134.34286498185236
-232.39259009478837
-302.46581934965366
-273.0292558698119
-629.5521483751061
-177.36801867718896
694.279832947705
194.57656494085245
75.47849584978701
787.385703975373
-241.29301726467781
855.1680186771887
147.0539168505295
-92.64443579774638
551.0907223388056
-202.5387639318525
9.765819669303255
-160.77444574938045
-179.85221818546177
12.133393019440291
-58.064437324054666
-192.79374674607845
31.01792187440992
-231.73221666128666
421.79319096594963
-24.13183754026943
-36.66537222521583
-173.51070256286522
-59.53401247862848
-43.094886652354944
-79.04881219408776
-91.60897519518858
-79.41930513185866
-55.81785436841551
-100.39837220896237
-67.30045885145955
-60.54335152970748
-36.04047168966963
-36.2718554364568
-105.87093796605495
-105.87093796605495
-102.59106897744039
-62.264306139452174
40.14899646649803
51.05246365816015
27.912104488567934
4.31065372512478
-25.846753840555607
21.407983320804192
21.260849418624975
0.2250888077713853
-59.624176569792326
-38.76322283726108
-2.1244402554107182
17.858737546224575
14.8841970414951
0.8501002493188707
-40.54453462943252
-34.77072073391961
-36.51653097657811
-43.15465973117796
-63.30436976216856
-72.92006207256668
-130.28708848469296
-35.290228149432664
-5.875162363421623
186.7020920404832
-186.7020920404832
0.10198819383685986
-595.3038935288148
-186.80408023432005
-227.93786673407544
-227.93786673407544
-30.635871211073095
-13.511274330568767
-33.92728439311395
50.22463869848639
-105.27068937001695
-68.85200910657522
-52.03733692826768
122.0652511440801
148.3645968857254
-7.29861324639046
-147.5009007343598
-177.49909926564015
-147.50090073436002
0.0
122.97479416813997
50.108822513036785
212.35776866360652
-226.70495798400464
-138.08066707242654
-76.70245022740528
-168.3571548472189
60.90773989374054
-32.1868664896399
-121.56838381439775
-56.15301538486681
-83.32333871881292
-159.55594051409707
-159.55594051409707
-267.95930079321147
-484.5178939919306
-238.53643268825908
-337.974343120064
-289.13250639988297
-939.7343734886435
-1036.3268983697294
146.46615584118558
55.76991405234594
-74.3167523091447
121.9440480366865
229.94464423042837
-6.883528346538924
425.2363021466954
135.82816732939148
-6.883528346538924
217.64315584549593
192.07146931615182
162.44743906917893
235.26331718832319
-59.102283500534895
117.06124788932448
143.98284457905766
-49.5657417655857
-86.15461248313807
-154.94295374525814
70.8804451865999
-162.71656584537345
42.07826742615157
69.2336194131309
-130.73512549646267
-9.692953745258137
-8.956022102255702
133.14640537150012
-110.14819004803462
-6.361734637436712
-48.5632823667338
-60.43509176025782
-85.3947945276899
-66.26478255931329
-113.85543852348485
-17.623218054248127
-286.9403985085046
150.30381133481114
-281.6726934404261
141.10452520542492
47.99634064003931
104.30738068788025
0.0
46.7951568592332
-526.0512271610829
-92.9487728389172
105.78432413778285
104.30336644370209
49.76533004337443
-67.78
140.0804485580411
-105.99810070217791
149.2674242859439
1.9833990296025652
0.0
1.8270193517475004
0.0
1.8981456424430103
0.0
0.0
0.0
0.0
0.0
0.0
0.0
0.0
0.0
0.0
0.0
0.0
0.0
0.0
0.0
0.0
0.0
0.0
-0.0
-0.0
-0.0
-0.0
-0.0
0.0
0.0
0.0
0.0
0.0
1.5871050062109866
0.0
1.5570640610078952
4.774847184307873e-12
0.0
0.0
0.0
0.0
0.0
0.0
0.0
0.0
0.0
0.0
0.0
0.0
0.0
0.0
0.0
-0.0
-0.0
-0.0
-0.0
-0.0
0.0
0.0
0.0
0.0
0.0
1.7219675967502575
0.0
1.7096477358632551
5.684341886080802e-14
0.0
0.0
0.0
0.0
0.0
0.0
0.0
0.0
0.0
-0.0
-0.0
-0.0
0.0
0.0
0.0
1.2341988834074407
0.0
0.9166875341324385
0.0
636.0
0.0
405.0208174252167
0.0
0.0
0.0
0.0
0.0
0.0
0.0
0.0
0.0
0.0
0.0
0.0
0.0
0.0
0.0
-0.0
-0.0
-0.0
-0.0
0.0
0.0
0.0
0.0
0.5814788309094513
0.0
1.7013662110838785
3.410605131648481e-13
0.0
3.0
1.3
1.3
0.0
0.0
0.0
1.35
0.71
0.71
0.71
1.57
0.65
0.65
0.65
0.65
0.45
0.45
0.45
0.45
1.0
1.0
1.0
1.9
0.57
1.9
0.57
1.9
0.57
0.0
1.38
3.0
3.0
4.6
3.0
0.0
126.98
320.0
0.0
0.0
943.5
113.60000000000014
3.0
0.0
0.0
0.0
3.0
1.35
1.35
0.0
0.0
0.0
0.0
0.0
0.0
0.0
0.0
0.0
0.0
0.0
0.0
0.0
0.0
0.0
0.0
0.0
0.0
0.0
0.0
0.0
0.0
1.9
0.0
0.0
0.0
0.0
0.0
0.0
0.0
0.0
0.0
0.0
0.0
0.0
1.64421235974707
0.0
1.8318007078105811
2.842170943040401e-14
1.7060709021730602
7.105427357601002e-14
23.461421182874997
0.0
1.685286105379605
0.0
1.684021364005309
0.0
1.4542689106480289
1.5120349416974932e-11
0.0
0.0
0.0
0.0
27.3186896771875
0.0
0.0
0.0
20.0
0.0
0.0
0.0
-0.0
-0.0
0.0
0.0
1.6688709801068224
0.0
61.97
50.885670013624996
0.0
0.0
1.6844439184184274
2.2737367544323206e-13
1.6790881007864673
2.842170943040401e-14
1.5680363668371111
0.0
1.345948797409811
0.0
0.8703742505373775
0.0
61.97
4.6
0.0
2.1373749285312504
13.020564702031251
7.0178986705624995
3.7251116762812515
0.7668983158749999
0.0
0.0
30.1
0.0
0.0
0.0
0.0
0.0
0.7482900714286198
8.526512829121202e-14
154.4
0.0
634.8
0.0
0.0
0.0
712.0
0.0
0.0
0.0
0.0
0.0
0.0
0.0
0.0
0.0
0.0
-0.0
-0.0
-0.0
0.0
0.0
0.0
0.3578482417272837
0.0
0.0
677.8
0.0
0.0
0.0
0.0
0.0
0.0
0.0
0.0
0.0
0.0
0.0
0.0
0.0
0.0
0.0
0.0
0.0
-0.0
-0.0
-0.0
-0.0
-0.0
0.0
0.0
0.0
0.0
0.0
0.42202662997265783
0.0
3.2114851825625
4.62059605334375
12.146137826531252
11.285558326812502
11.457877142875
6.4033451335
0.0
0.0
0.0
0.0
0.0
0.0
1.486682308137011
2.8421709430404007e-13
1.6520725641405427
0.0
1.7220573571625346
2.842170943040401e-14
1.1494200064404083
8.753886504564434e-12
33.790124334999994
10.203736213968751
0.0
0.0
1.690915079747378
0.0
0.0
73.2741968553125
0.8
0.0
1.4937044542816196
0.0
1.5018882466599708
2.842170943040401e-14
3.0
3.0
0.0
7.5
0.0
0.0
0.0
0.15
0.0
0.49
0.0
0.0
0.0
0.0
0.0
3.0
0.0
0.0
0.0
0.0
0.0
0.0
0.0
0.0
0.0
0.0
-0.0
0.0
0.0
1.2678870374061129
0.0
1.2750455105201581
0.0
0.0
0.0
2.16
0.0
0.0
0.0
0.0
-0.0
0.0
1.2761001700671892
0.0
1.2470818097023262
0.0
1.0910466232791851
1.1368683772161603e-13
1.232070304397908
0.0
0.0
0.0
0.0
-0.0
0.0
1.2020868300604928
3.907985046680551e-14
1.1859253128306104
0.0
0.0
0.0
0.0
0.0
0.0
-0.0
0.0
1.075638717604182
0.0
1.1906790667571743
0.0
1.0200567906528342
0.0
0.9385121244412611
0.0
0.0
0.0
0.0
0.0
0.8562495155062555
0.0
0.7799041346657116
0.0
0.7858283908272687
0.0
0.0
98.2
0.0
68.35
0.0
0.0
0.0
0.0
0.0
-0.0
0.0
0.7537708153264444
0.0
0.7843427851280849
0.0
0.8244731915918555
0.0
0.8409375529285668
3.552713678800501e-15
0.8481351023060317
0.0
0.0
0.0
33.700990825625
0.0
0.0
0.0
0.0
0.0
-0.0
-0.0
0.0
0.0
0.8167184013049003
9.805489753489383e-13
0.0
0.0
0.0
0.5438161463125
0.0
0.0
22.0
0.0
0.0
0.0
-0.0
-0.0
0.0
0.0
0.8169901597936451
1.4210854715202004e-14
75.0
62.55
0.0
0.0
0.0
0.0
-0.0
0.0
0.0
0.8114992227946503
6.394884621840902e-13
0.8089542921679138
0.0
0.8254219412384218
9.059419880941277e-14
97.98
97.98
38.900000000000006
0.0
0.0
0.0
0.7192273069641284
7.389644451905042e-13
0.6356694179970224
0.0
97.98
97.98
1.2699999999999996
0.0
0.0
0.0
0.618696705211172
2.2737367544323206e-13
0.0
97.98
0.0
0.0
0.0
-0.0
0.0
0.616504396903153
2.1316282072803006e-13
0.6548286712276123
0.0
0.6214615024538839
0.0
535.8
6.91
0.0
0.0
0.0
0.0
0.0
0.0
-0.0
-0.0
0.0
0.0
0.0
0.0
0.5741926327056843
0.0
596.4
38.3
0.0
0.0
0.5510141340378718
0.0
0.60138759747479
0.0
0.5621354273500381
0.0
45.55
45.55
87.71
71.80999999999999
37.1380788088125
0.0
0.0
0.0
0.0
0.0
0.6052346203925332
0.0
320.0
0.0
0.7797693253925893
4.547473508864641e-13
0.7220997907127722
1.9895196601282805e-13
325.0
0.0
0.42969088254726007
0.0
0.7220997907127722
0.0
100.0
0.0
0.9533698601429217
0.0
0.8648877410923115
3.410605131648481e-13
77.0
13.999999999999993
9.77345996275
0.0
0.0
0.0
0.7412765512171462
2.842170943040401e-14
60.8
29.549999999999997
0.0
0.0
0.0
0.0
0.0
0.0
0.0
0.0
-0.0
-0.0
0.0
0.0
0.5499498022663976
0.0
0.5575216893390826
8.526512829121202e-14
0.5497090192914671
0.0
140.0
20.62
80.67
25.049999999999997
0.0
0.0
0.0
0.0
0.491172055446242
0.0
0.5370749358733606
0.0
32.68560057937499
113.73281157812501
2.4388943323437497
7.105427357601002e-15
0.0
0.0
0.36648990362534395
2.8421709430404007e-13
0.21492891236904654
0.0
-0.0596479629207467
0.0
0.0
0.0
0.0
0.0
0.0
0.0
0.0
0.0
0.0
0.0
0.0
0.0
-0.0
0.0
0.0
0.0
0.0
0.0
0.0
0.0
-0.22542285085389846
1.7053025658242404e-13
-1.2364486300039117
0.0
351.09999999999997
567.484389298773
0.0
0.0
-3.141592653589793
0.0
-0.09988844922944251
5.684341886080802e-14
336.5
595.0
0.0
0.0
-0.16948998250780445
0.0
0.0
0.0
0.0
0.0
0.0
0.0
0.0
0.0
0.0
0.0
-0.0
-0.0
0.0
-0.0
0.05607679346372496
1.1368683772161603e-13
0.0
0.0
0.0
0.0
0.0
0.0
0.0
0.0
0.0
-0.0
-0.0
-0.0
0.0
0.0
0.0
0.045528562834343145
0.0
84.45
110.25
0.0
0.0
146.38710987781252
0.0
0.0
0.0
0.0
0.0
0.029479101873830516
0.0
0.19810685050998078
0.0
0.3032560966137736
1.7053025658242404e-13
0.4011769050979228
0.0
0.4188994646473736
4.263256414560601e-13
0.46299866336414164
1.4210854715202004e-14
0.41124154347687014
0.0
110.0
0.0
41.55
0.0
0.0
0.0
0.0
0.0
0.1933166802103976
5.684341886080802e-14
0.0
0.0
0.0
0.0
0.0
0.0
0.0
0.0
32.684583262812495
242.025467134375
0.0
20.0
0.0
0.0
0.0
0.0
0.0
0.0
0.0
0.0
1.0
0.0
0.0
0.0
0.0
0.0
0.0
-0.0
-0.0
-0.0
-0.0
-0.0
-0.0
-0.0
0.0
0.0
0.0
0.0
0.0
0.0
0.0
0.1989751699853306
0.0
0.20468177500057694
0.0
0.09638794730307643
0.0
1.2
0.0
0.0
1.6
0.0
1.6
0.0
0.0
0.0
0.95
0.0
1.88
0.0
2.29
0.0
0.0
0.0
0.0
0.0
0.9
0.9
3.0
0.0
0.0
0.0
1.2
1.6
0.0
1.6
0.0
0.95
0.95
0.95
0.0
1.88
0.0
3.75
0.0
2.29
1.2
3.0
3.0
1.6
0.0
0.0
0.0
1.88
0.0
0.1928487592699777
0.0
177.55816672187504
0.0
0.09353908656536891
0.0
35.05
128.87256270375002
0.0
0.0
0.051337742264839115
2.842170943040401e-14
0.03720367225172794
0.0
0.0
0.0
723.4399999999999
0.0
0.0
0.0
0.0
0.0
0.0
0.0
0.0
0.0
0.0
0.0
0.0
0.0
0.0
0.0
0.0
0.0
0.0
0.0
0.0
0.0
-0.0
-0.0
-0.0
-0.0
-0.0
-0.0
-0.0
-0.0
-0.0
-0.0
-0.0
-0.0
-0.5013778241777582
0.0
0.1571017655998337
2.6645352591003757e-14
0.19778047807031296
0.0
77.23583713937501
0.0
0.2773644327232976
2.842170943040401e-14
0.0
0.0
0.0
0.0
0.0
0.0
0.0
0.0
0.0
0.0
0.0
0.0
0.0
0.0
0.0
0.0
0.0
0.0
0.0
0.0
0.0
0.0
0.0
-0.0
0.0
0.0
0.0
-0.0
-0.0
-0.0
-0.0
-0.0
-0.0
-0.0
-0.0
-0.0
0.0
0.0
0.0
0.0
0.0
0.0
0.0
0.0
0.0
0.2773644327232976
0.0
0.0
0.0
0.0
0.0
0.0
1.35
0.0
0.0
64.793993438125
0.0
0.0
0.0
0.0
0.0
0.0
4.65
0.0
0.0
0.0
0.0
0.0
0.0
-0.0
-0.0
-0.0
-0.0
-0.0
0.0
-0.0
0.0
0.0
0.0
-0.0
0.30864157812278403
0.0
619.0
0.0
1.2971013982536386
1.1368683772161603e-13
1.558663555801175
1.4210854715202004e-14
1.5638702293446052
0.0
40.71
27.07
0.0
0.0
0.5593903373495165
0.0
1.8405320963147993
0.0
0.8179253990348396
0.0
-156.53621406897764
-201.06930933535364
-376.45294738305824
-315.81627909774556
305.376918065841
-59.23010042207147
-1041.0208174252166
1209.232874888721
-1041.0208174252166
166.07733265345883
211.58673034208095
-291.6012823119927
-296.7645973344457
-158.7083016849631
-192.45698860395834
178.4329640469973
87.49440229975778
-59.948691668291985
-10.658870150063422
47.73261899930549
-528.643466100837
-127.56937999822821
424.9545930302056
31.588110166726892
-4.577621907653565
-2.137530358329059
-130.8029846802766
-228.95625713009792
-299.10348859422925
-248.13857539949117
-640.6575110126175
-168.00625194351323
692.5362370438693
193.43889586510443
74.21505092032453
785.6930521946351
-168.21205746350438
845.806251943513
151.40509858847588
-94.08543024936597
540.6159615929664
-200.21383288207812
9.300855818858736
-147.42593144659253
-168.6465105333251
10.339799481085947
-56.26499159614764
-179.44115278384413
30.646017395507442
-221.3322095660642
416.0938305137206
-14.161797456771524
-26.78272597556736
-108.0988577146178
-49.559461715230896
-33.18586699617026
-69.09732920709143
-81.69377423730634
-69.52822986963145
-45.929786226223996
-90.50462395118211
-60.66564080393471
-60.11447310254994
-37.25985432746893
-41.813310942827684
-99.64950534276693
-99.64950534276693
-99.32328446993415
-63.48034753273316
40.65421516045478
51.60757391641016
28.000614516424093
4.402170873016644
-25.75139426172916
21.78117161596765
21.63147284584678
0.3843825866260886
-54.65108388488625
-36.36382118379629
-2.6345037534422318
18.366796297975725
14.41275200702637
1.3195405375070095
-42.51683137459713
-36.76171945420734
-38.6074961596147
-45.30252680193212
-57.62613032098977
-67.02040117198862
-125.72379840678946
-34.16224793348965
-5.830607201991597
166.83584386864277
-166.83584386864277
-10.316407623213763
-524.1926882283383
-156.519436245429
-220.62750959805044
-220.62750959805044
-30.04140498209142
-12.920341391750526
-62.64459100097906
49.629028017834685
-75.35753347278865
-62.87599505807316
-45.84450460794824
116.48430553307048
137.42890157429747
7.6498794555093355
-162.4493934382807
-162.55060656171918
-162.4493934382805
0.0
131.2173354095828
60.3676707127654
212.83042679075265
-217.93625380223904
-129.27483037678132
-54.73744368918847
-157.54774329639946
61.06360542463642
-32.01913954145766
-121.19123055096225
-55.97880649650584
-83.14909634445053
-124.06183900585916
-124.06183900585916
-215.07608289634783
-413.53612887325414
-208.0127843171058
-297.5349751613498
-258.6191698602736
-821.9721781896478
-918.584389298773
123.07294277375104
32.33113777337553
-97.75496246804505
119.98232764059117
226.2455124907308
-12.617500754918183
393.9981869337262
125.85014824028214
-12.617500754918183
198.85347716209014
173.2765789479448
143.6465111149979
225.6239826395033
-39.7102147282269
98.88596420140811
133.07637285892213
-30.164231363592194
-74.00973330290185
-144.58998797740855
57.4562942670409
-179.79470107992665
32.39956042125323
49.82960307751807
-118.58456620125276
6.960012022591513
4.521874021354051
119.69382011131711
-96.69091759169532
-11.66935374498803
-51.68435461432034
-62.69550044352445
-87.08370277456993
-70.64257542831967
-111.64376801180867
-25.83925048242861
-302.0303641587649
150.44669041019642
-294.3068286329227
141.24552940234776
46.61647735613269
104.44088537095297
0.0
48.870539686697384
-522.1512039346572
-96.84879606534287
106.1423227375791
104.16723507348775
50.06416868482529
-67.78
140.2283832654681
-97.63480677219263
140.89861730291875
2.2968029602362083
0.0
2.1418235252585083
0.0
2.210795318440426
0.0
0.0
0.0
0.0
0.0
0.0
0.0
0.0
0.0
0.0
0.0
0.0
0.0
-0.0
-0.0
0.0
0.0
0.0
0.0
0.0
-0.0
-0.0
-0.0
0.0
0.0
0.0
0.0
0.0
1.8958702782392827
0.0
1.8655053822022651
3.979039320256561e-12
0.0
0.0
0.0
0.0
0.0
0.0
0.0
0.0
0.0
0.0
-0.0
0.0
0.0
0.0
0.0
0.0
-0.0
-0.0
-0.0
-0.0
0.0
0.0
0.0
0.0
0.0
2.034078589714631
5.684341886080802e-14
2.023092226036865
0.0
0.0
0.0
0.0
0.0
0.0
0.0
0.0
0.0
0.0
-0.0
-0.0
-0.0
0.0
0.0
0.0
1.5375409830763376
0.0
1.233800383799614
0.0
636.0
0.0
359.8708174252167
0.0
0.0
0.0
0.0
0.0
0.0
0.0
0.0
0.0
0.0
0.0
0.0
0.0
-0.0
-0.0
-0.0
-0.0
0.0
0.0
0.0
0.0
0.0
0.0
0.9131299805771502
0.0
2.0127717500841715
0.0
3.0
3.0
0.26
0.26
0.6
0.27
0.27
1.35
0.14
0.14
0.14
0.31
0.13
0.13
0.65
0.13
0.09
0.09
0.09
0.09
0.2
1.0
0.2
0.57
0.57
0.57
0.57
0.57
1.9
0.57
1.38
3.0
0.9
1.38
0.9
0.0
126.98
282.5
0.0
0.0
943.5
100.4000000000002
0.0
0.0
0.0
0.0
0.0
0.0
0.0
0.0
0.0
0.0
0.0
0.0
0.0
0.0
0.0
0.0
0.0
0.0
0.0
0.0
0.0
0.0
0.0
0.0
0.0
0.0
0.0
0.0
0.0
0.0
0.0
0.0
0.0
0.0
0.0
0.0
0.0
0.0
0.0
0.0
0.0
0.0
1.9597888185039638
0.0
2.1332543752313917
0.0
2.0089260872708756
0.0
24.489663540374995
0.0
1.9528524090457733
0.0
1.9849289177073288
0.0
1.7231662990375964
3.751665644813329e-12
0.0
0.0
0.0
0.0
28.977431710937502
0.0
0.0
0.0
20.0
0.0
0.0
0.0
-0.0
-0.0
0.0
0.0
1.9335463486780533
0.0
61.97
52.866745276625
0.0
0.0
1.9455965567729745
2.3305801732931286e-12
1.9347721896859618
0.0
1.81963919724297
0.0
1.5927882649429383
0.0
1.1092880679934538
1.0231815394945443e-12
61.97
0.0
30.1
2.19746625790625
13.363373614531247
7.0179031104375
3.7260507726562504
0.76935947325
0.0
4.6
0.0
0.0
3.552713678800501e-15
0.0
0.0
0.0
0.9588950850700897
0.0
154.4
0.0
672.3
0.0
0.0
0.0
712.0
0.0
0.0
0.0
0.0
0.0
0.0
0.0
-0.0
0.0
0.0
0.0
-0.0
-0.0
0.0
0.0
0.0
0.6279105820612769
0.0
0.0
558.25
0.0
0.0
0.0
0.0
0.0
0.0
0.0
0.0
0.0
0.0
0.0
0.0
0.0
0.0
0.0
0.0
-0.0
-0.0
-0.0
-0.0
-0.0
0.0
0.0
0.0
0.0
0.0
0.0
0.7239874043492542
0.0
3.2386263976875
4.809927395718747
12.187240836031252
11.3367669796875
11.501220848125
6.514695213
0.0
3.552713678800501e-15
0.0
0.0
0.0
0.0
1.7452236447584237
5.684341886080801e-13
1.9113378698684702
2.842170943040401e-14
1.9820025391461655
0.0
1.4203810092952578
0.0
33.45329870875
10.27340355934375
0.0
0.0
1.9510401344517279
5.684341886080802e-14
0.65
79.43338363156249
0.0
0.0
1.7482599922801665
0.0
1.7466053597509301
5.684341886080802e-14
3.0
0.6
3.0
7.5
0.0
0.1
0.0
0.3
0.24
0.19
0.05
0.05
0.0
0.0
0.0
0.0
0.0
0.0
0.0
0.0
0.0
0.0
0.0
0.0
0.0
0.0
0.0
-0.0
0.0
1.4867985826873387
0.0
1.4941713640361343
2.1316282072803006e-14
0.0
0.0
0.0
0.0
0.0
0.0
0.0
-0.0
0.0
1.495326120951411
0.0
1.4657228424230704
0.0
1.310720661769217
0.0
1.4374162777084347
4.973799150320701e-14
0.0
0.0
0.0
-0.0
0.0
1.3998473144616304
0.0
1.3776176583500694
1.4210854715202004e-14
0.0
0.0
0.0
0.0
0.0
-0.0
0.0
1.250518078334066
0.0
1.3852219013212874
0.0
1.1790324561474357
1.0658141036401503e-14
1.0844315107159286
0.0
0.0
7.43
0.0
0.0
0.9907957785025063
0.0
0.9132219657463212
2.1316282072803006e-14
0.9204024139778806
0.0
0.0
98.2
0.0
82.0
0.0
0.0
0.0
0.0
-0.0
-0.0
0.0
0.8883539432012793
0.0
0.9188265563853957
0.0
0.9587962672471928
0.0
0.975198643084207
0.0
0.9822287514634755
1.0302869668521453e-13
0.0
0.0
36.003031213125
0.0
0.0
0.0
-0.0
-0.0
0.0
0.0
0.0
0.0
0.9506917975444091
7.815970093361102e-13
0.0
0.0
20.950000000000003
0.6255320308125
0.0
0.0
0.0
0.0
0.0
0.0
-0.0
-0.0
0.0
0.0
0.9489549767290004
0.0
75.0
50.099999999999994
0.0
0.0
0.0
0.0
0.0
-0.0
0.0
0.945686803799453
1.7692514120426495e-12
0.9432648240661266
4.263256414560601e-14
0.9596863741292081
4.263256414560601e-14
97.98
74.28
31.100000000000005
0.0
0.0
0.0
0.8587040352315105
2.2737367544323206e-13
0.7685505993983668
8.526512829121202e-14
97.98
97.98
7.72
0.0
0.0
0.0
0.7511656664354227
0.0
0.0
97.98
0.0
0.0
0.0
-0.0
0.0
0.7485540981204943
5.542233338928781e-13
0.7896610682112026
0.0
0.7538875101713813
0.0
636.0
6.91
0.0
0.0
0.0
0.0
0.0
0.0
0.0
0.0
-0.0
-0.0
0.0
0.0
0.7029365897989766
8.526512829121202e-14
596.4
51.199999999999996
0.0
0.0
0.6802460614039902
0.0
0.7319259254846795
0.0
0.6899942265112617
5.684341886080802e-14
45.55
59.8
87.71
87.71
38.7521474049375
0.0
0.0
0.0
0.0
0.0
0.7302571657346792
0.0
320.0
0.0
0.9252916755746448
3.410605131648481e-13
0.873236805665563
0.0
325.0
0.0
0.6092966202744088
0.0
0.873236805665563
0.0
99.0
0.0
1.089665579141454
0.0
0.9977536292886127
2.2737367544323206e-13
77.0
13.999999999999993
10.1991294445
0.0
0.0
0.0
0.8688447827071331
0.0
60.8
41.55
0.0
0.0
0.0
0.0
0.0
0.0
0.0
0.0
-0.0
-0.0
0.0
0.0
0.6705193672016763
0.0
0.6780415684725889
0.0
0.6701340237750522
0.0
140.0
27.07
80.67
50.099999999999994
0.0
0.0
0.0
0.0
0.6113279100948992
0.0
0.6622134644199891
0.0
32.684734529375
113.720821278125
2.42563594309375
0.0
0.0
0.0
0.48566817945373275
4.547473508864641e-13
0.3300888543880198
0.0
0.04927910457997875
0.0
0.0
0.0
0.0
0.0
0.0
0.0
0.0
0.0
0.0
0.0
0.0
0.0
-0.0
-0.0
-0.0
-0.0
0.0
0.0
0.0
0.0
-0.11952911487931273
0.0
-1.1699613938107039
9.947598300641403e-14
420.657490929083
529.984389298773
0.0
0.0
-3.141592653589793
0.0
0.016729838814792064
0.0
336.5
595.0
0.0
0.0
-0.04541757447700556
0.0
0.0
0.0
0.0
0.0
0.0
0.0
0.0
0.0
0.0
-0.0
-0.0
0.0
0.0
-0.0
0.1818458341791067
5.684341886080802e-14
0.0
0.0
0.0
0.0
0.0
0.0
-0.0
-0.0
0.0
-0.0
-0.0
-0.0
0.0
0.0
0.0
0.17341358795043904
0.0
58.650000000000006
110.25
0.0
0.0
154.7368449153125
0.0
0.0
0.0
0.0
0.0
0.16058366306431937
0.0
0.3287922442859714
0.0
0.43357142744795407
2.8421709430404007e-13
0.528745034940389
0.0
0.5429835717146623
8.526512829121202e-14
0.5851704148675982
1.0658141036401503e-14
0.5379377444405815
0.0
110.0
0.0
41.55
0.0
0.0
0.0
0.0
0.0
0.325941903542462
5.684341886080802e-14
0.0
0.0
0.0
0.0
0.0
0.0
0.0
0.0
35.0535879465625
242.061320696875
0.0
20.0
0.0
0.0
0.0
0.0
0.0
0.0
0.0
2.842170943040401e-14
1.0
0.0
0.0
0.0
0.0
0.0
0.0
-0.0
-0.0
-0.0
-0.0
-0.0
-0.0
-0.0
0.0
0.0
0.0
0.0
0.0
0.0
0.0
0.3365215567836777
0.0
0.3394799204352892
4.263256414560601e-14
0.2287239844626474
0.0
0.36
0.36
1.6
0.0
0.0
1.6
0.28
0.95
0.95
0.95
0.56
0.56
3.75
0.69
0.69
0.36
0.9
0.9
0.32
0.9
0.9
3.0
0.56
0.0
0.0
0.0
0.0
1.6
1.6
0.0
0.0
0.0
0.0
0.0
0.0
0.0
0.0
0.0
0.0
0.0
0.0
0.0
0.0
0.0
0.0
0.0
0.0
0.0
0.3368437698498221
0.0
185.18694085937503
0.0
0.24714982321813217
0.0
8.5
131.76574205625002
0.0
0.0
0.2130899815967222
5.684341886080802e-14
0.200296707214898
5.684341886080802e-14
0.0
0.0
695.6
0.0
0.0
0.0
0.0
0.0
0.0
0.0
0.0
0.0
0.0
0.0
0.0
0.0
0.0
0.0
0.0
0.0
0.0
0.0
0.0
0.0
-0.0
-0.0
-0.0
-0.0
-0.0
-0.0
-0.0
-0.0
-0.0
-0.0
-0.0
-0.0
-0.3134578892998756
0.0
0.3132507740150481
0.0
0.3516334550490363
0.0
80.594138701875
0.0
0.4251367785637816
0.0
0.0
0.0
0.0
0.0
0.0
0.0
0.0
0.0
0.0
0.0
0.0
0.0
0.0
0.0
0.0
0.0
0.0
0.0
0.0
0.0
0.0
0.0
0.0
0.0
0.0
0.0
0.0
-0.0
-0.0
-0.0
-0.0
-0.0
-0.0
-0.0
-0.0
-0.0
0.0
0.0
0.0
0.0
0.0
0.0
0.0
0.0
0.0
0.4251367785637816
0.0
0.0
0.0
0.0
0.0
0.0
1.35
0.0
0.0
67.392046595625
0.0
0.0
0.0
0.0
0.0
0.0
4.65
0.0
0.0
0.0
0.0
0.0
0.0
0.0
-0.0
-0.0
-0.0
-0.0
-0.0
-0.0
0.0
0.0
0.0
-0.0
0.45476616897284483
0.0
619.0
0.0
1.564146835992136
1.1368683772161603e-13
1.8149649340081693
0.0
1.820462133644157
2.842170943040401e-14
31.560000000000002
20.62
0.0
0.0
0.6878809365108602
0.0
2.1563156636620864
0.0
0.9483038575304938
5.684341886080802e-14
-155.13456954709272
-202.84821177925943
-380.51248164252416
-319.7129039152708
312.17260652935477
-52.81905614648713
-995.8708174252167
1228.3310828489903
-995.8708174252167
169.91492999623176
215.9330907618446
-270.3210794735551
-295.5108875199877
-156.87906246028888
-186.18649276989237
164.81891263954753
69.50108736472748
-73.81422512005395
-28.75573242197902
30.144003831258374
-525.5975056359921
-145.3429309783353
416.59415774553486
24.442612769531024
-9.251595800856194
-18.41586871276104
-135.6101207170966
-233.8669405038031
-304.08817417720053
-305.67679452911494
-601.7218574152203
-251.5100059778997
685.4681366068799
194.2856433579051
74.93602255941073
780.3744582111854
-232.46026542377354
809.7600059778997
145.79260102928743
-93.54200813243699
554.1820678737824
-205.8681645608898
4.021652345894836
-165.79344798614147
-185.74816764823515
11.321146228637986
-57.24048615414688
-197.80458966394667
31.81917263069863
-224.2100027620436
413.3391484619415
-26.7043063341348
-39.211623784062
-203.07471765706123
-62.097459912694376
-45.64611110427461
-81.60067547481049
-94.14783704371308
-84.02177879735007
-60.42634227397821
-104.99549988334763
-69.05289985831826
-61.08174232746035
-37.24516641510854
-39.78883607206774
-112.12511922898102
-112.12511922898102
-105.41804705046542
-63.46231837585458
40.52209199885863
51.41775477809085
27.89519699993923
4.299760476567371
-25.849962227243736
21.570191811384575
21.421943074247388
-2.4566065281570673
-52.40831147310928
-21.643529333797915
-2.507225395920841
18.237513194173857
14.492308824786164
1.237978973466852
-40.116773795905374
-34.65448946912637
-36.394463832392375
-41.82156696285767
-62.174783331959134
-71.69224586764324
-128.77728119991184
-35.644387298668676
-6.945660411821109
178.86779019910864
-178.86779019910864
-10.156133344265982
-616.4138661190029
-168.71165685484266
-226.45036107744227
-226.45036107744227
-31.33396179449346
-14.212113363930143
-61.3257524256278
50.91612224818084
-80.88977054821771
-65.86205903876976
-48.79530168585575
108.81875466985593
153.57048018833484
-8.166077640483422
-146.63343634014961
-178.36656365985027
-146.63343634014973
0.0
124.2433133511247
51.391456537915246
219.25939634296583
-226.38411292037443
-134.00365913013258
-59.14633518113226
-163.69898054599616
60.6629134748606
-32.40797007394724
-122.04424145117036
-56.37281629329622
-83.53141145075995
-137.52852521807358
-137.52852521807358
-216.70713694959215
-424.50020474985047
-212.73465895229316
-303.79592519156654
-263.3513563270049
-854.0099828906918
-950.641880227856
133.58720950910038
42.839040696388906
-87.28569282416174
120.88479183448918
227.94725038887032
-10.086418935467236
407.92324269688106
130.29806295198617
-10.086418935467236
198.35917596575564
172.7770660642093
143.14096064788828
219.29402643859976
-37.55183427823499
108.14224955865677
125.90580465885637
-28.005883552433374
-67.95385708542835
-138.5368963835699
59.639963964314234
-167.32736321092295
26.03023176427132
47.668749332739935
-112.52300986880556
13.013103616430158
2.344186728571458
121.89681826752644
-98.88922855174832
0.6137391736856443
-43.809673313639905
-56.62496630670728
-76.15617738842718
-59.486833871818135
-90.10540113178183
-23.388070169154616
-287.7310769759878
142.47623391246316
-280.7402166584567
133.27319802615193
48.69994964534499
96.46105448090702
0.0
46.2959225141617
-528.3038639045959
-90.6961360954042
108.99500281655753
101.53642222409121
52.857688805458224
-52.18000000000001
140.3763179728951
-102.80617829120382
146.0644757688899
2.1063186426414937
0.0
1.9510022980732513
0.0
2.0202691560257398
0.0
0.0
0.0
0.0
0.0
0.0
0.0
0.0
0.0
0.0
0.0
0.0
0.0
0.0
0.0
0.0
-0.0
-0.0
0.0
0.0
0.0
-0.0
-0.0
-0.0
-0.0
-0.0
0.0
0.0
1.705363004837186
0.0
1.6749230859175688
0.0
0.0
0.0
0.0
0.0
0.0
0.0
0.0
0.0
0.0
0.0
0.0
0.0
0.0
0.0
0.0
0.0
0.0
0.0
-0.0
-0.0
-0.0
-0.0
-0.0
0.0
0.0
1.8433706309211955
0.0
1.832243413607495
5.684341886080802e-14
0.0
0.0
0.0
0.0
0.0
0.0
0.0
0.0
0.0
-0.0
-0.0
-0.0
0.0
0.0
0.0
1.3465424066308334
1.1368683772161603e-13
1.0329524848300622
0.0
636.0
0.0
392.16367816383536
0.0
0.0
0.0
0.0
0.0
0.0
0.0
0.0
0.0
0.0
0.0
-0.0
-0.0
-0.0
-0.0
-0.0
-0.0
0.0
0.0
0.0
0.0
-0.0
-0.0
0.7018837804493887
0.0
1.822734847765041
4.547473508864641e-13
0.9
0.9
0.26
0.26
3.0
0.27
0.27
1.35
0.14
0.14
0.14
0.31
0.13
0.65
0.13
0.13
0.09
0.09
0.09
0.09
0.2
0.2
1.0
0.57
0.57
1.9
0.57
0.57
0.57
1.9
1.38
0.9
0.9
1.38
0.9
0.0
126.98
320.0
0.0
0.0
943.5
87.80000000000001
0.0
0.0
0.0
0.0
0.0
0.0
0.0
0.0
0.0
0.0
0.0
0.0
0.0
0.0
0.0
0.0
0.0
0.0
0.0
0.0
0.0
0.0
0.0
0.0
0.0
0.0
0.0
0.0
0.0
0.0
0.0
0.0
0.0
0.0
0.0
0.0
0.0
0.0
0.0
0.0
0.0
0.0
1.768654545271362
0.0
1.9479571752435394
5.684341886080802e-14
1.8234347042045869
0.0
25.679211376562503
0.0
1.782691543345961
0.0
1.7991732765589594
2.842170943040401e-14
1.5486407897933052
0.0
0.0
0.0
0.0
0.0
30.668480208437504
5.009326287108706e-13
0.0
0.0
20.0
0.0
0.0
-0.0
0.0
-0.0
-0.0
0.0
1.7623519212985626
0.0
61.97
55.12380887868749
0.0
0.0
1.7782349163775617
2.5579538487363607e-13
1.7663764974864442
0.0
1.6503625152012482
0.0
1.4223889701283499
0.0
0.9369126489428474
4.035882739117369e-12
62.6
4.6
30.1
2.2673199819062497
13.7989037255625
7.0179082749375
3.7271162699687506
0.7723978409374999
0.0
0.0
0.0
0.0
0.0
0.0
0.0
1.1102230246251565e-16
0.8122846084929818
5.684341886080802e-14
154.4
0.0
672.3
0.0
0.0
0.0
712.0
0.0
0.0
0.0
0.0
0.0
0.0
0.0
0.0
0.0
0.0
-0.0
-0.0
-0.0
0.0
0.0
0.0
0.42005648460093203
0.0
0.0
677.8
0.0
0.0
0.0
0.0
0.0
0.0
0.0
0.0
0.0
0.0
0.0
0.0
0.0
0.0
0.0
0.0
-0.0
-0.0
-0.0
-0.0
-0.0
0.0
-0.0
-0.0
-0.0
-0.0
-0.0
0.49445967741073193
0.0
3.26650078503125
5.0437323985937494
12.2371511911875
11.404088744843751
11.555151417625
6.658133104
0.0
0.0
0.0
0.0
0.0
0.0
1.5575634574413666
9.663381206337363e-13
1.7264069283157628
0.0
1.799944693217828
0.0
1.244872247392986
5.684341886080802e-14
33.0783725578125
10.354621963625
0.0
1.7763568394002505e-15
1.7699228564801235
5.684341886080802e-14
0.8
85.84879485625
0.0
0.0
1.5651361996218789
0.0
1.5980383839957089
0.0
0.6
0.6
0.6
7.5
0.0
0.0
0.0
0.15
0.0
0.49
0.0
0.0
0.0
0.0
0.0
0.0
0.0
0.0
0.0
0.0
0.0
0.0
0.0
0.0
0.0
0.0
0.0
-0.0
-0.0
1.362996062083929
0.0
1.3699881646669763
0.0
0.0
0.0
2.16
0.0
0.0
0.0
0.0
-0.0
-0.0
1.3710878180438293
1.4210854715202004e-14
1.3418114621570894
2.2282620193436742e-11
1.1843585703408648
2.2737367544323206e-13
1.325901451780238
3.552713678800501e-14
0.0
0.0
0.0
-0.0
0.0
1.295410999553555
3.907985046680551e-14
1.2788418479181534
0.0
0.0
7.43
0.0
0.0
0.0
-0.0
0.0
1.1674431426635534
0.0
1.2872082156520737
0.0
1.1186749153420008
4.263256414560601e-14
1.0379023895209372
0.0
0.0
0.0
0.0
0.0
0.9555420055950972
0.0
0.8781327741231788
0.0
0.8865867583681268
5.3290705182007514e-14
0.0
98.2
0.0
68.35
0.0
0.0
0.0
0.0
0.0
-0.0
0.0
0.8549244750347142
0.0
0.8900243178722933
0.0
0.9354556009744073
0.0
0.9531416997383308
0.0
0.9637469634467211
0.0
0.0
0.0
38.2018300640625
0.0
0.0
0.0
-0.0
-0.0
0.0
0.0
0.0
0.0
0.9348830675674655
1.6768808563938364e-12
0.0
0.0
0.0
0.695620353375
0.0
0.0
22.0
0.0
0.0
0.0
-0.0
-0.0
-0.0
-0.0
0.9364490159102958
1.4210854715202004e-14
75.0
37.64999999999999
0.0
0.0
0.0
0.0
0.0
-0.0
-0.0
0.9310836148760337
6.323830348264892e-13
0.9227122648150434
0.0
0.9400730993803972
0.0
74.28
97.98
23.300000000000004
0.0
0.0
0.0
0.8412186455819204
3.410605131648481e-13
0.7522508392719347
8.526512829121202e-14
74.28
74.28
1.2699999999999996
0.0
0.0
0.0
0.735519487425484
4.831690603168681e-13
0.0
97.98
0.0
0.0
-0.0
0.0
-0.0
0.7300054168899095
0.0
0.7663147366353149
0.0
0.7275044211208792
0.0
636.0
6.91
0.0
0.0
0.0
0.0
0.0
0.0
0.0
0.0
-0.0
-0.0
-0.0
-0.0
0.6598689416155019
0.0
558.9
64.1
0.0
0.0
0.6489177615694586
0.0
0.7065312474120997
9.947598300641403e-14
0.6465269415136481
1.4210854715202004e-14
59.8
74.05
87.71
71.80999999999999
40.35663166478125
0.0
0.0
0.0
0.0
0.0
0.6881688761990157
0.0
238.7
0.0
0.8982368908070519
5.684341886080802e-14
0.835867981870321
1.7053025658242404e-13
325.0
0.0
0.51963126057688
0.0
0.835867981870321
0.0
99.0
0.0
1.055640476365097
5.684341886080802e-14
0.9613671864028355
5.684341886080802e-14
64.1
25.699999999999996
10.674038300468752
0.0
0.0
0.0
0.8289960408875818
0.0
60.8
29.549999999999997
0.0
0.0
0.0
0.0
0.0
0.0
0.0
0.0
-0.0
-0.0
-0.0
-0.0
0.6246218621374919
0.0
0.6318325794440591
2.842170943040401e-14
0.6233154226942395
2.842170943040401e-14
140.0
27.07
80.67
25.049999999999997
0.0
0.0
0.0
0.0
0.5627556710431687
0.0
0.616943380962693
0.0
32.6930727284375
113.71149872812501
2.4135393390625
0.0
0.0
0.0
0.42780264402821366
0.0
0.2712211929644388
8.810729923425242e-13
-0.011150377609469686
0.0
0.0
0.0
0.0
0.0
0.0
0.0
0.0
0.0
0.0
0.0
0.0
0.0
-0.0
-0.0
-0.0
-0.0
0.0
0.0
0.0
0.0
-0.1807247185324372
0.0
-1.2083576533998182
2.2737367544323206e-13
438.946939954501
493.18179678951594
0.0
0.0
-3.141592653589793
0.0
-0.0553269819295128
0.0
336.5
595.0
0.0
0.0
-0.1250932327924965
0.0
0.0
0.0
0.0
0.0
0.0
0.0
0.0
0.0
0.0
0.0
-0.0
-0.0
0.0
-0.0
0.10051050725816335
2.2737367544323206e-13
0.0
0.0
0.0
0.0
0.0
0.0
0.0
0.0
0.0
-0.0
-0.0
-0.0
0.0
0.0
0.0
0.08987744577777779
0.0
84.45
110.25
0.0
0.0
163.695590628125
0.0
0.0
0.0
0.0
0.0
0.07369891203915868
0.0
0.2472629390462231
0.0
0.35665540108857874
1.4210854715202004e-13
0.45760258515952357
0.0
0.4790928949187756
2.2737367544323206e-13
0.5287313322732601
4.263256414560601e-14
0.47526565268626086
2.842170943040401e-14
110.0
5.549999999999997
41.55
0.0
0.0
0.0
0.0
0.0
0.2472766124257939
2.842170943040401e-14
0.0
0.0
0.0
0.0
0.0
0.0
0.0
0.0
37.700934646875
242.1037712625
0.0
20.0
0.0
0.0
0.0
0.0
0.0
0.0
0.0
0.0
1.0
0.0
0.0
0.0
0.0
0.0
0.0
-0.0
-0.0
-0.0
-0.0
-0.0
-0.0
-0.0
-0.0
-0.0
-0.0
0.0
0.0
-0.0
-0.0
0.2504918858951086
0.0
0.25310192897600103
0.0
0.1420099859719599
0.0
0.36
0.36
1.6
0.0
0.0
1.6
0.28
0.19
0.19
0.19
0.56
0.56
0.0
0.69
0.69
0.36
0.9
0.9
0.32
0.27
0.18
0.9
0.56
0.0
0.0
0.0
0.0
1.6
1.6
0.0
0.0
0.0
0.0
0.0
0.0
0.0
3.75
0.0
0.0
0.0
0.0
0.0
0.0
0.0
0.0
0.0
0.0
0.0
0.243215841590946
0.0
192.87970741249998
0.0
0.14176039219734626
0.0
8.5
134.73248449812502
0.0
0.0
0.10419877493070784
0.0
0.08989654448503437
0.0
0.0
0.0
723.35
0.0
0.0
0.0
0.0
0.0
0.0
0.0
0.0
0.0
0.0
0.0
0.0
0.0
0.0
0.0
0.0
-0.0
-0.0
-0.0
0.0
0.0
-0.0
0.0
0.0
0.0
-0.0
-0.0
-0.0
-0.0
-0.0
-0.0
-0.0
-0.0
-0.44846724726808507
0.0
0.2052783874848081
8.526512829121202e-14
0.2440368558147843
2.842170943040401e-14
83.83912324937499
0.0
0.31852779984520296
1.4210854715202004e-14
0.0
0.0
0.0
0.0
0.0
0.0
0.0
0.0
0.0
0.0
0.0
0.0
0.0
0.0
0.0
0.0
0.0
0.0
0.0
0.0
0.0
0.0
0.0
0.0
-0.0
0.0
0.0
-0.0
-0.0
-0.0
-0.0
-0.0
-0.0
-0.0
-0.0
-0.0
0.0
0.0
0.0
0.0
0.0
0.0
0.0
0.0
0.0
0.31852779984520296
0.0
0.0
0.0
0.0
0.0
0.0
1.35
0.0
0.0
70.0807725225
0.0
0.0
0.0
0.0
0.0
0.0
4.65
0.0
0.0
0.0
0.0
0.0
0.0
-0.0
-0.0
-0.0
-0.0
-0.0
0.0
-0.0
0.0
0.0
0.0
-0.0
0.3464538598327773
0.0
619.0
0.0
1.3885110378986036
0.0
1.6300184525766284
2.842170943040401e-14
1.6351988046209778
0.0
22.410000000000004
27.07
0.0
0.0
0.6445230015132674
0.0
1.9654207131464032
0.0
0.9102910589199285
2.842170943040401e-14
-155.47181638447182
-202.94690239240015
-381.45261801590465
-319.7648797208344
311.9398981798199
-53.49623708852596
-1028.1636781638354
1229.8901845752234
-1028.1636781638354
170.59860889584706
216.7327886586645
-275.9199106643737
-296.01907915516887
-157.25913172148603
-187.02608336774904
171.30277355743397
77.48254445992927
-67.62096231780595
-20.893928644613652
36.593202970947004
-535.5852482987352
-139.10743297443025
423.1903594586695
32.217028559033224
-10.135400761628944
-11.311235960447902
-136.64780015473485
-235.02427325927778
-305.3310196086383
-253.3090252792739
-646.0702054273943
-194.77275603763837
697.8570385349672
197.47774366633803
77.98278356068863
782.9086145465512
-201.72650641138796
872.5727560376381
141.57521860628106
-90.70041309723229
544.8599745457625
-207.9052353079968
10.030122091438898
-148.43501555480566
-168.1128964771724
10.780915459752464
-56.693566429339285
-180.4414942493005
30.193119256741852
-225.36808427849974
419.87437822908396
-15.009443751506296
-27.619322976526973
-112.06236492030104
-50.39744169750202
-34.02289862953762
-69.92779064621789
-82.51755944331273
-68.67697648975559
-45.084977054876845
-89.64764238602055
-60.73774625439853
-60.952150765045644
-36.48425779201091
-37.13327854154443
-96.75500545165283
-96.75500545165283
-98.3752228416621
-62.697590765503264
46.6753229208191
58.78184375165938
30.078399256449302
6.486399821570558
-23.658931047197825
27.667333052663253
27.477179565810786
2.2149198625587587
-39.78484494222721
-35.53245717898142
-8.665993848854214
24.393990255247218
9.305884576754806
6.422111829638197
-40.84798167757458
-35.802776611021535
-37.60040555870569
-44.12899459554876
-61.357107798763195
-70.46610544114753
-123.9359395965198
-39.653159319665406
-14.665081211165216
194.0515775721774
-194.0515775721774
29.906963826501624
-531.9367431493847
-223.95854139867902
-224.16399727726298
-224.16399727726298
-37.196172162889525
-20.06339271605657
-29.5977839114812
56.76205501871448
-83.38750063658858
-68.38153272935574
-51.46777741698429
112.54576943228972
165.4078855174771
20.887553414738704
-175.68706739930008
-149.31293260070004
-175.6870673992999
0.0
118.97474342774967
44.77325929056565
223.93304113768363
-232.200221563814
-138.0906613225995
-62.91783570441601
-168.45689059057798
58.15094602047259
-34.90638012444617
-127.55915688913387
-58.92018199577196
-86.0223744768349
-146.45327006887828
-146.45327006887828
-230.73765320500928
-427.2345185231155
-213.91785650223062
-305.36885913050423
-264.54655361785177
-835.4739308057042
-932.1287367440169
122.93895745851933
32.15692817443721
-97.98630739026362
120.00198938480902
226.28258779577368
-12.718973064748525
393.6478115871969
125.73823201639385
-12.718973064748525
204.67456014656568
179.08638547288376
149.44325420225164
232.59719827595666
-45.968558314243296
96.77405829278916
140.8946994359867
-36.428628248169616
-81.00927625412771
-153.14517408487916
59.92982163769466
-183.04054343335628
39.28758639933062
56.088629787772334
-125.57193675998218
3.954825915120864
2.0681799372077876
122.2022789732622
-99.18923482979807
-13.859132009661153
-53.29975180921747
-64.05015744412219
-85.54896410074684
-70.12897004687522
-99.36935786693084
-26.146673576709873
-302.0032908014964
143.78323268341228
-294.18786432890397
134.57801502602672
41.5399659395091
97.75714439648414
0.0
43.63446873058433
-531.9925311775869
-87.0074688224131
106.01675318725006
104.77104880076604
49.8110773475222
-49.480000000000004
140.5472627706971
-106.18737522423316
149.4393713734254
3.141592653589793
0.0
2.9845666183820585
2.842170943040401e-14
3.056108844080721
0.0
0.0
0.0
0.0
0.0
0.0
0.0
0.0
0.0
0.0
0.0
0.0
0.0
-0.0
-0.0
0.0
-0.0
-0.0
0.0
0.0
-0.0
-0.0
-0.0
-0.0
-0.0
-0.0
0.0
0.0
2.7442148251821195
2.842170943040401e-14
2.714201073269921
0.0
0.0
0.0
0.0
0.0
0.0
0.0
0.0
0.0
0.0
0.0
-0.0
0.0
0.0
0.0
0.0
0.0
-0.0
-0.0
-0.0
-0.0
-0.0
-0.0
-0.0
0.0
0.0
2.879372661124698
0.0
2.866903587658854
5.684341886080802e-14
0.0
0.0
0.0
0.0
0.0
0.0
-0.0
0.0
0.0
-0.0
-0.0
-0.0
-0.0
-0.0
-0.0
2.391381156588027
0.0
2.086856600052788
0.0
636.0
0.0
362.44116909280194
0.0
0.0
0.0
0.0
0.0
0.0
0.0
0.0
0.0
0.0
0.0
0.0
0.0
-0.0
-0.0
-0.0
-0.0
0.0
0.0
-0.0
-0.0
-0.0
-0.0
1.7653585435933319
0.0
2.8577597536929282
3.240074875066057e-12
0.0
0.0
1.3
0.0
3.0
0.0
0.0
1.35
0.71
0.71
0.71
0.0
0.65
0.65
0.65
0.65
0.45
0.45
0.45
0.45
0.0
1.0
1.0
1.9
1.9
1.9
0.57
1.9
0.57
1.9
1.38
3.0
3.0
4.6
3.0
0.0
126.98
320.0
0.0
0.0
943.5
100.85000000000001
3.0
3.0
0.0
1.3
0.0
1.35
1.35
0.0
0.0
0.0
0.0
1.57
0.0
0.0
0.0
0.0
0.0
0.0
0.0
0.0
1.0
0.0
0.0
0.0
0.0
0.0
0.0
0.0
0.0
0.0
0.0
0.0
0.0
0.0
0.0
0.0
0.0
0.0
0.0
0.0
0.0
0.0
2.801073514142545
0.0
2.9836978950245303
2.842170943040401e-14
2.8572645527136293
4.263256414560601e-14
26.707453734062504
0.0
2.8202108681745655
9.094947017729282e-13
2.8346148051306113
0.0
2.5902763832820117
8.512301974406e-12
0.0
0.0
0.0
0.0
32.3272222421875
0.0
0.0
0.0
20.0
0.0
-0.0
-0.0
0.0
-0.0
-0.0
0.0
2.8019178094692885
0.0
62.6
57.10488414168749
0.0
0.0
2.8163792447251517
9.094947017729282e-13
2.816108171495155
0.0
2.7083893879367107
0.0
2.48979283748125
2.842170943040401e-14
2.019569390351279
6.590283874174929e-11
0.0
4.6
0.0
2.3274113112812485
14.1417126380625
7.0179127148125
3.7280553663437503
0.7748589983124999
62.6
0.0
30.1
1.3322676295501878e-15
0.0
0.0
0.0
0.0
1.9090981382878507
0.0
154.4
0.0
634.8
0.0
0.0
0.0
712.0
0.0
0.0
0.0
0.0
0.0
0.0
0.0
0.0
-0.0
-0.0
-0.0
-0.0
-0.0
-0.0
-0.0
-0.0
1.500265462809109
0.0
0.0
677.8
0.0
0.0
0.0
0.0
0.0
0.0
0.0
0.0
0.0
0.0
0.0
0.0
0.0
0.0
0.0
-0.0
-0.0
-0.0
-0.0
-0.0
-0.0
0.0
-0.0
-0.0
-0.0
-0.0
-0.0
1.5624109299986229
2.2737367544323206e-13
3.29364200015625
5.233063740968749
12.278254200687499
11.455297397718752
11.598495122875
6.7694831835
0.0
0.0
0.0
0.0
0.0
0.0
2.6239640258777577
1.8758328224066645e-12
2.7895902996117723
2.842170943040401e-14
2.859461134020796
0.0
2.2852275732007463
5.1954884838778526e-11
32.741546931562496
10.424289309000002
0.0
0.0
2.8280934085681064
0.0
0.65
92.00798163249999
0.0
0.0
2.6291454406105563
0.0
2.6255766010590005
2.1316282072803006e-14
3.0
0.0
3.0
7.5
0.0
0.0
0.0
0.3
0.0
0.19
0.0
0.0
0.0
0.0
3.0
0.0
0.0
0.0
0.0
0.0
0.0
0.0
0.0
0.0
0.0
0.0
0.0
-0.0
-0.0
2.379101334685214
0.0
2.3864426116693336
3.552713678800501e-14
0.0
0.0
0.0
0.0
0.0
0.0
0.0
-0.0
-0.0
2.387605183092905
0.0
2.3579622464308514
3.126388037344441e-12
2.200800736614645
2.2737367544323206e-13
2.3373008877839974
9.947598300641403e-14
0.0
0.0
0.0
-0.0
0.0
2.304101310081599
2.1316282072803006e-14
2.2853643075278764
0.0
0.0
0.0
0.0
0.0
0.0
-0.0
0.0
2.167964504033862
4.263256414560601e-14
2.29174138903492
7.105427357601002e-15
2.106321993193381
5.3290705182007514e-14
2.0193520501181013
0.0
0.0
0.0
0.0
0.0
1.9330029527535473
0.0
1.8536239126655154
2.842170943040401e-14
1.8614285039571428
1.0658141036401503e-14
0.0
98.2
0.0
54.699999999999996
0.0
0.0
0.0
0.0
0.0
-0.0
-0.0
1.829068068379497
0.0
1.861930886194684
3.552713678800501e-15
1.9046265457276057
0.0
1.9216169659488607
7.105427357601002e-15
1.9302927340243539
0.0
0.0
0.0
40.5038704515625
0.0
0.0
0.0
-0.0
-0.0
0.0
0.0
-0.0
-0.0
1.899993779933932
1.4779288903810084e-12
0.0
0.0
20.950000000000017
0.777336237875
0.0
0.0
0.0
0.0
0.0
0.0
-0.0
-0.0
0.0
0.0
1.898941026071423
0.0
75.0
25.199999999999992
0.0
0.0
0.0
0.0
0.0
-0.0
-0.0
1.8961388555226826
3.268496584496461e-12
1.890636450610124
0.0
1.9074870211919182
6.394884621840902e-14
97.98
74.28
15.500000000000004
0.0
0.0
0.0
1.804494529737493
9.947598300641403e-13
1.7082760912654882
0.0
97.98
97.98
1.2699999999999996
0.0
0.0
0.0
1.6907092433666628
2.2737367544323206e-13
0.0
97.98
0.0
0.0
0.0
-0.0
0.0
1.6867046848725717
0.0
1.7298790056259703
0.0
1.6912181123058705
0.0
636.0
6.91
0.0
0.0
0.0
0.0
0.0
0.0
0.0
0.0
-0.0
-0.0
-0.0
-0.0
1.633413590328999
3.126388037344441e-13
596.4
77.0
0.0
0.0
1.6113255155433963
0.0
1.666284690935977
6.394884621840902e-14
1.6231349414126193
9.947598300641403e-14
74.05
59.8
87.71
55.90999999999999
41.97070026090625
0.0
0.0
0.0
0.0
0.0
1.6653566005259188
0.0
320.0
0.0
1.8643585659685735
1.1368683772161603e-13
1.8132644099849005
0.0
325.0
0.0
1.5541954501298596
2.2737367544323206e-13
1.8132644099849005
0.0
99.0
0.0
2.026958124683901
0.0
1.9340869883205798
3.410605131648481e-13
77.0
13.999999999999993
11.09970778221875
0.0
0.0
0.0
1.803049846018066
0.0
60.8
17.549999999999997
0.0
0.0
0.0
0.0
0.0
0.0
0.0
0.0
-0.0
-0.0
-0.0
-0.0
1.6030284706444329
0.0
1.6101602556778793
7.105427357601002e-14
1.601490674770007
0.0
140.0
20.62
80.67
0.0
0.0
0.0
0.0
0.0
1.5404957288014636
0.0
1.5939511635322674
0.0
32.6922066784375
113.69950842812501
2.4002809498125
0.0
0.0
0.0
1.4042035152894705
1.8189894035458565e-12
1.2524241424950562
0.0
0.9774833203880826
0.0
0.0
0.0
0.0
0.0
0.0
0.0
0.0
0.0
0.0
0.0
0.0
0.0
-0.0
-0.0
-0.0
-0.0
-0.0
0.0
0.0
0.0
0.8115107860727395
2.4158453015843406e-13
-0.15871843473547287
0.0
354.796939954501
530.6817967895158
0.0
0.0
-1.995201334916295
0.0
0.9197823234943581
0.0
336.5
595.0
0.0
0.0
0.8380292760573989
2.842170943040401e-14
0.0
0.0
0.0
0.0
0.0
0.0
0.0
0.0
0.0
0.0
-0.0
-0.0
-0.0
-0.0
1.0609935408594824
5.684341886080802e-14
0.0
0.0
0.0
0.0
0.0
0.0
0.0
0.0
0.0
-0.0
-0.0
-0.0
-0.0
-0.0
-0.0
1.0469123857011944
0.0
110.25
110.25
0.0
0.0
172.045325665625
0.0
0.0
0.0
0.0
0.0
1.0254874701933403
0.0
1.2013922155606336
4.263256414560601e-14
1.3127969688904777
5.684341886080802e-14
1.4190749602772934
0.0
1.4472625157940096
8.526512829121202e-14
1.5015561292138813
0.0
1.4403675880625446
0.0
91.7
17.549999999999997
41.55
0.0
0.0
0.0
0.0
0.0
1.204615591309091
0.0
0.0
0.0
0.0
0.0
0.0
0.0
0.0
0.0
40.069939330625
242.139624825
0.0
0.0
0.0
0.0
0.0
0.0
0.0
0.0
0.0
0.0
0.0
0.0
-0.0
0.0
0.0
0.0
0.0
-0.0
-0.0
-0.0
-0.0
-0.0
-0.0
-0.0
1.0
0.0
-0.0
-0.0
-0.0
-0.0
-0.0
1.1946574710269724
0.0
1.2005545586581334
0.0
1.0923567040690418
4.263256414560601e-14
1.2
0.0
0.0
1.6
0.0
0.0
0.95
0.0
0.0
0.95
0.0
1.88
0.0
2.29
0.0
0.0
0.0
0.0
1.6
0.9
0.0
3.0
0.0
0.0
0.0
1.2
1.6
0.0
1.6
1.6
0.0
0.95
0.95
0.0
1.88
0.0
3.75
0.0
2.29
1.2
3.0
3.0
0.0
0.0
0.9
0.0
1.88
0.0
1.1732583474680869
0.0
200.50848155
0.0
1.0617039378457207
8.526512829121202e-14
8.5
137.62566385062502
0.0
0.0
1.0201143512462467
2.5579538487363607e-13
1.0052268340781012
0.0
0.0
0.0
751.1
0.0
0.0
0.0
0.0
0.0
0.0
0.0
0.0
0.0
0.0
0.0
0.0
0.0
0.0
0.0
0.0
0.0
0.0
0.0
0.0
0.0
-0.0
-0.0
-0.0
-0.0
-0.0
-0.0
-0.0
-0.0
-0.0
-0.0
-0.0
-0.0
0.441788133413624
0.0
1.1202143887839418
5.684341886080802e-14
1.1585710118789283
0.0
87.197424811875
0.0
1.2319930257622786
4.263256414560601e-14
0.0
0.0
0.0
0.0
0.0
0.0
0.0
0.0
0.0
0.0
0.0
0.0
0.0
0.0
0.0
0.0
0.0
0.0
0.0
0.0
0.0
0.0
0.0
0.0
0.0
0.0
0.0
-0.0
-0.0
-0.0
-0.0
-0.0
-0.0
-0.0
-0.0
-0.0
-0.0
-0.0
-0.0
-0.0
-0.0
-0.0
0.0
-0.0
-0.0
1.2319930257622786
0.0
0.0
0.0
0.0
0.0
0.0
1.35
4.65
0.0
72.67882567999999
0.0
0.0
0.0
0.0
0.0
0.0
0.0
0.0
0.0
0.0
0.0
0.0
0.0
0.0
-0.0
-0.0
-0.0
-0.0
-0.0
-0.0
-0.0
-0.0
-0.0
-0.0
1.255295330759429
0.0
619.0
0.0
2.433035721004388
0.0
2.695103790219113
0.0
2.7004608557258223
0.0
13.260000000000003
20.62
0.0
0.0
1.6217628014123586
0.0
2.9980467906079795
0.0
1.8836354588647906
0.0
-157.18321842600403
-201.61275827288875
-376.1121793267814
-316.5812692603945
305.87331086664994
-59.94746858962549
-998.4411690928019
1209.0633583398012
-998.4411690928019
165.03623329003085
210.49659888597307
-289.21550789160574
-297.87841590412796
-159.39708121135982
-193.61786331036683
172.2819990746143
79.47813093497598
-66.89321884493779
-19.00188950645213
40.21737527250184
-526.1658692156889
-135.6681964849355
419.0919330860214
29.33354007386015
-0.2316865213647361
-9.724932612763041
-126.87724805808796
-225.35726849951612
-295.7380170581427
-224.5350651471175
-649.1299094277128
-162.68446907501357
689.3856214972734
193.71493999426082
74.09420403489696
786.2082735185395
-210.62218924699926
840.4844690750137
152.15420683333696
-94.766542145181
528.6869472960395
-201.9776323654421
6.862800969256568
-156.45841407997386
-177.035591111411
11.397759055048027
-57.30455783508205
-188.4608131150223
31.730777644189516
-224.88391755012708
419.0973595622718
-19.491847779739146
-32.06008115821737
-156.345993690473
-54.87533504583507
-38.47433788611352
-74.39169728953061
-86.96281739819108
-75.5580260134085
-51.969033698565454
-96.52601891412036
-63.67927533882198
-62.50318117142842
-37.87007872821812
-39.289350857629415
-104.92149709989957
-104.92149709989957
-102.30321598808791
-64.08007045719228
43.700555603903354
55.15217324684966
28.895272483279314
5.306280168436274
-24.835208269397526
24.541768700717284
24.37309675524696
-1.4890436527696238
-40.36570064720581
-18.55742085176894
-5.696071336013233
21.422062996125874
11.747583504319664
3.978408155792863
-41.64816842459447
-36.51168357957439
-38.34490618251414
-43.76575363423365
-66.35754377246917
-75.85685758434602
-130.12479924339982
-38.45170479382364
-10.650421526495848
193.3044666004971
-193.3044666004971
-1.8987646987502558
-575.4433532527446
-191.40570190174685
-236.93422510392156
-236.93422510392156
-34.57760060743158
-17.452986270576844
-59.69749942711496
54.14697083140129
-64.24155572737618
-67.77081070467977
-50.528230817590725
114.11259220960574
156.69446097784135
-10.87231404928616
-143.92719993098115
-181.07280006901885
-143.92719993098137
0.0
122.90216078011451
49.452781812999774
220.27080965497885
-228.74664127112646
-135.14957796002278
-61.711019684578105
-165.61206488291305
57.5143954307955
-35.531069296836904
-128.933488329571
-59.55499223258973
-86.64054822304558
-144.4741479369818
-144.4741479369818
-233.08904505312626
-414.13198573023055
-208.28850160285702
-297.91443002580377
-258.927510550022
-788.8042445776646
-885.4787367440168
106.14856610365996
15.328606928054683
-114.82169583658902
118.59801318880254
223.63517029490822
-16.8434870342071
371.2043448607669
118.56938274698805
-16.8434870342071
207.4348412316965
181.8414548701511
152.19228601660745
244.88016443922436
-51.22704011859628
81.24339718568763
154.73595728562827
-41.69122013219442
-92.71124142232952
-163.04861043188612
57.3457629864231
-203.68878941576304
51.53118010651997
61.34871573817793
-137.26822181321035
-12.248610431886163
4.672811117950346
119.62295865594638
-96.60522731632597
-40.760235355352506
-65.17330057487379
-70.42576364901913
-94.24245921579654
-82.72080215967276
-110.02536139495459
-27.21666758494348
-316.02525562791243
142.38981160713695
-307.89000034524474
133.18271907128883
32.39640280726337
96.35434892789601
0.0
36.40985155804856
-522.3942268025262
-96.60577319747381
107.77508105283596
103.23458816476216
51.510245254762594
-33.88
140.6951974781241
-104.88883462731638
148.1353177234687
1.9823755329537738
0.0
1.8270557591238479
0.0
1.8960485325046994
0.0
0.0
0.0
0.0
0.0
0.0
0.0
0.0
0.0
0.0
0.0
0.0
0.0
0.0
0.0
0.0
0.0
0.0
-0.0
-0.0
-0.0
-0.0
-0.0
0.0
0.0
0.0
0.0
0.0
1.5799962857322143
0.0
1.5493759138840302
2.9558577807620168e-12
0.0
0.0
0.0
0.0
0.0
0.0
0.0
0.0
0.0
0.0
0.0
0.0
0.0
0.0
0.0
-0.0
-0.0
-0.0
-0.0
-0.0
0.0
0.0
0.0
-0.0
-0.0
1.718761780457287
0.0
1.7078564584312037
0.0
0.0
0.0
0.0
0.0
0.0
0.0
0.0
0.0
0.0
-0.0
-0.0
-0.0
0.0
-0.0
-0.0
1.2190240890272541
0.0
0.9007745324937307
0.0
636.0
0.0
407.44116909280194
0.0
0.0
0.0
0.0
0.0
0.0
0.0
0.0
0.0
0.0
0.0
0.0
0.0
-0.0
-0.0
-0.0
-0.0
0.0
0.0
-0.0
-0.0
-0.0
-0.0
0.564786476033753
0.0
1.6986576139197966
0.0
0.0
3.0
0.0
1.3
3.0
0.0
1.35
0.0
0.71
0.71
0.71
0.0
0.65
0.65
0.65
0.65
0.45
0.45
0.45
0.45
1.0
1.0
1.0
0.57
1.9
1.9
0.57
1.9
0.57
0.0
1.38
3.0
3.0
4.6
3.0
0.0
126.98
282.5
0.0
0.0
943.5
113.9
3.0
0.0
1.3
0.0
0.0
1.35
0.0
1.35
0.0
0.0
0.0
1.57
0.0
0.0
0.0
0.0
0.0
0.0
0.0
0.0
0.0
0.0
0.0
0.0
0.0
0.0
0.0
0.0
0.0
1.9
0.0
0.0
0.0
0.0
0.0
0.0
0.0
0.0
0.0
0.0
0.0
0.0
1.6445469628481586
0.0
1.8262786155626074
0.0
1.7019158806342336
0.0
27.472475287812504
0.0
1.6679607124778748
0.0
1.6769590004723796
0.0
1.4299341758716633
5.229594535194337e-12
0.0
0.0
0.0
20.0
33.9612714571875
0.0
0.0
0.0
0.0
0.0
0.0
0.0
-0.0
-0.0
0.0
0.0
1.6446323565986347
0.0
0.0
58.614530220437494
61.97
0.0
1.672580708086448
0.0
1.6599441455904156
0.0
1.5431683404669894
0.0
1.3141492258397953
0.0
0.8267538250509485
0.0
62.6
4.6
0.0
2.37634224403125
14.3415677848125
7.0179175516875
3.7288073413437504
0.7757996236874999
0.0
0.0
30.1
0.0
0.0
0.0
0.0
0.0
0.6982176605300681
2.842170943040401e-14
154.4
0.0
634.8
0.0
0.0
0.0
712.0
0.0
0.0
0.0
0.0
0.0
0.0
0.0
0.0
0.0
0.0
-0.0
-0.0
-0.0
0.0
0.0
0.0
0.31930684406196796
0.0
0.0
677.8
0.0
0.0
0.0
0.0
0.0
0.0
0.0
0.0
0.0
0.0
0.0
0.0
0.0
-0.0
0.0
0.0
-0.0
-0.0
-0.0
-0.0
-0.0
0.0
-0.0
0.0
-0.0
-0.0
-0.0
0.3867006642012356
0.0
3.32217078965625
5.36104618446875
12.2988757729375
11.476356637718752
11.617635974125001
6.826156296000001
0.0
0.0
0.0
0.0
0.0
0.0
1.444769131262353
1.3642420526593924e-12
1.6126942650107656
0.0
1.6850123212001815
0.0
1.1213329711083766
6.59383658785373e-12
32.430456034062495
10.482208938125005
0.0
0.0
1.6544598633575784
5.684341886080802e-14
0.8
97.95615902124999
0.0
0.0
1.4490793191248388
0.0
1.474620422847547
0.0
3.0
0.0
0.0
2.25
0.0
0.0
0.0
0.15
0.0
0.3
0.0
0.0
0.0
0.0
3.0
3.0
0.0
0.0
0.0
0.0
0.0
0.0
0.0
0.0
0.0
0.0
0.0
0.0
-0.0
1.230457682815735
0.0
1.2371108834288567
3.552713678800501e-14
0.0
0.0
2.16
0.0
0.0
0.0
-0.0
0.0
-0.0
1.2383032326101269
4.263256414560601e-14
1.2084877519102477
0.0
1.048448145030572
2.2737367544323206e-13
1.1876086816791638
0.0
0.0
0.0
0.0
-0.0
0.0
1.1542870276763413
7.105427357601002e-14
1.1354515867897401
0.0
0.0
7.43
0.0
0.0
0.0
-0.0
0.0
1.0177855821242163
0.0
1.1448659420489014
0.0
0.9620337566282968
0.0
0.8760156496011016
0.0
0.0
7.43
0.0
0.0
0.7878100429985206
0.0
0.7127500539604741
4.263256414560601e-14
0.7212701917922932
4.263256414560601e-14
0.0
98.2
0.0
41.05
0.0
0.0
0.0
0.0
0.0
-0.0
-0.0
0.6902563295175406
0.0
0.7220635347036728
1.4210854715202004e-14
0.7634642954436819
1.4210854715202004e-14
0.7801231176528867
0.0
0.7878807743489338
0.0
0.0
0.0
43.0223479853125
0.0
0.0
0.0
-0.0
-0.0
0.0
0.0
-0.0
-0.0
0.7569004972995019
2.4442670110147446e-12
0.0
0.0
21.999999999999996
0.8816973928749999
0.0
0.0
0.0
0.0
0.0
0.0
-0.0
-0.0
0.0
0.0
0.7556295877519688
0.0
75.0
25.200000000000003
0.0
0.0
0.0
0.0
0.0
0.0
-0.0
0.7530412691217894
0.0
0.7488911324148644
0.0
0.7654982897102776
4.440892098500626e-14
97.98
97.98
23.3
0.0
0.0
0.0
0.6599702514097832
5.684341886080801e-13
0.5758921917190563
1.4210854715202004e-13
97.98
74.28
7.72
0.0
0.0
0.0
0.5584801528820531
0.0
0.0
74.28
0.0
0.0
0.0
-0.0
-0.0
0.5583803877933926
1.4210854715202004e-13
0.5902245513293947
0.0
0.554086882895767
0.0
636.0
6.91
0.0
0.0
0.0
0.0
0.0
0.0
0.0
-0.0
0.0
0.0
-0.0
-0.0
0.4945683784240167
8.526512829121202e-14
596.4
64.1
0.0
0.0
0.4763811467172072
0.0
0.5344135156462562
0.0
0.4838866751355564
6.394884621840902e-14
74.05
45.55
87.71
55.90999999999999
43.58944205840625
0.0
0.0
0.0
0.0
0.0
0.5247771566663237
0.0
320.0
0.0
0.7072471097224082
1.7053025658242404e-13
0.6515143139721493
0.0
325.0
0.0
0.36892549051752965
0.0
0.6515143139721493
0.0
100.0
0.0
0.8773269550516876
5.684341886080802e-14
0.7870142228580645
1.7053025658242404e-13
64.1
25.699999999999996
11.444155805843751
0.0
0.0
0.0
0.6598359977614714
2.842170943040401e-14
60.8
17.549999999999997
0.0
0.0
0.0
0.0
0.0
0.0
0.0
0.0
-0.0
-0.0
-0.0
-0.0
0.4641368224285207
0.0
0.47111861874871375
0.0
0.4621562145796281
1.4210854715202004e-14
140.0
27.07
80.67
25.049999999999997
0.0
0.0
0.0
0.0
0.40032007173098716
0.0
0.454375392114871
0.0
32.674311337187504
113.67711329062502
2.3856386683125
0.0
0.0
0.0
0.2770595045016573
0.0
0.12943216880596609
0.0
-0.13907950653588008
0.0
0.0
0.0
0.0
0.0
0.0
0.0
0.0
0.0
0.0
0.0
0.0
0.0
-0.0
-0.0
-0.0
-0.0
0.0
0.0
0.0
0.0
-0.30193223966019467
0.0
-1.2844221888153897
7.105427357601002e-14
402.27165769395344
493.1817967895159
0.0
0.0
-3.141592653589793
0.0
-0.18281121318312854
1.4210854715202004e-13
299.0
595.0
0.0
0.0
-0.25700170753626717
0.0
0.0
0.0
0.0
0.0
0.0
0.0
0.0
0.0
0.0
-0.0
-0.0
0.0
-0.0
-0.0
-0.03531505693332804
8.526512829121202e-14
0.0
0.0
0.0
0.0
0.0
0.0
0.0
0.0
0.0
-0.0
-0.0
-0.0
-0.0
-0.0
-0.0
-0.05105627853583661
0.0
84.45
110.25
0.0
0.0
179.52830099062498
0.0
0.0
0.0
0.0
0.0
-0.07500703676788856
0.0
0.09173730264502833
2.1316282072803006e-14
0.19523194453284987
1.7053025658242404e-13
0.29783134914460874
2.842170943040401e-14
0.3213752585366909
1.7053025658242404e-13
0.36871621045181113
5.684341886080802e-14
0.3079188782649127
4.263256414560601e-14
110.0
29.549999999999997
29.549999999999997
0.0
0.0
0.0
0.0
0.0
0.0685010543021578
1.1368683772161603e-13
0.0
0.0
0.0
0.0
0.0
0.0
0.0
0.0
42.05551682437499
242.1589389125
0.0
0.0
0.0
0.0
0.0
0.0
0.0
0.0
7.105427357601002e-15
0.0
0.0
0.0
0.0
0.0
0.0
0.0
0.0
-0.0
-0.0
-0.0
-0.0
-0.0
-0.0
-0.0
0.0
-0.0
0.0
-0.0
-0.0
-0.0
-0.0
0.0750235964545185
0.0
0.08913889244952422
0.0
-0.011773262889144931
0.0
0.0
0.0
0.0
1.6
0.0
0.0
0.95
0.0
0.0
0.95
0.0
1.88
3.75
2.29
0.0
1.2
0.0
0.0
1.6
0.9
0.0
3.0
0.0
0.0
1.2
1.2
1.6
0.0
1.6
1.6
0.0
0.95
0.95
0.0
1.88
0.0
0.0
0.0
2.29
0.0
3.0
3.0
0.0
0.0
0.9
0.0
1.88
0.0
0.0558894583216909
0.0
207.9902898625
0.0
-0.05263748953143432
5.684341886080802e-14
8.5
140.165969500625
0.0
0.0
-0.08970037659246088
2.842170943040401e-14
-0.10078571910274903
0.0
0.0
0.0
723.2600000000001
0.0
0.0
0.0
0.0
0.0
0.0
0.0
0.0
0.0
0.0
0.0
0.0
0.0
0.0
0.0
0.0
0.0
0.0
0.0
0.0
0.0
-0.0
-0.0
-0.0
-0.0
-0.0
-0.0
-0.0
-0.0
-0.0
-0.0
-0.0
-0.0
-0.6406439069318179
0.0
0.00845968247051676
0.0
0.04602136680414759
8.526512829121202e-14
90.714429776875
0.0
0.11733817600185237
0.0
0.0
0.0
0.0
0.0
0.0
0.0
0.0
0.0
0.0
0.0
0.0
0.0
0.0
0.0
0.0
0.0
0.0
0.0
0.0
0.0
0.0
0.0
0.0
0.0
0.0
0.0
0.0
-0.0
-0.0
-0.0
-0.0
-0.0
-0.0
-0.0
-0.0
-0.0
-0.0
-0.0
-0.0
-0.0
-0.0
-0.0
-0.0
-0.0
-0.0
0.11733817600185237
0.0
0.0
0.0
0.0
0.0
0.0
1.35
0.0
0.0
75.09782265249999
0.0
0.0
0.0
0.0
0.0
0.0
4.65
0.0
0.0
0.0
0.0
0.0
0.0
-0.0
-0.0
-0.0
-0.0
-0.0
0.0
-0.0
-0.0
-0.0
-0.0
-0.0
0.14207338648874224
0.0
619.0
0.0
1.2701465817465003
1.1368683772161603e-13
1.515456922179892
7.105427357601002e-15
1.5208806556685346
2.842170943040401e-14
4.109999999999999
27.07
0.0
0.0
0.48262388513531645
0.0
1.8416743328459777
0.0
0.7383724347556382
0.0
-155.47524907884917
-203.60141615021894
-383.7139329100789
-320.99316538052085
313.67753071631046
-52.42943282106262
-1043.4411690928018
1237.272752252773
-1043.4411690928018
172.47286072672682
218.8881232458657
-276.07475034782874
-296.28051336582143
-157.18848103533765
-186.20439879972992
174.58413356312371
81.14415528432335
-64.77819275432591
-17.41290674615402
38.86335445297823
-544.6831500213266
-137.15981378218402
425.1449123731511
56.69036813159266
-10.800480765828524
11.725877179167583
-137.54511798575209
-236.1021800162294
-306.5379879126092
-261.2523668862331
-634.3087262362255
-176.4236129219039
690.4676608418704
196.40366515666642
76.6893490828769
795.3639299168185
-193.83158315997116
854.2236129219036
143.65047183662148
-92.30349800615124
539.7445741946085
-208.50816665242792
5.70885809489414
-155.41823925261235
-178.99717622510855
11.689697856033149
-57.59181393197298
-187.41737389613348
29.274439534588964
-233.72266915589898
426.7722850658138
-19.69723606674495
-32.262335851450416
-134.97190015487945
-55.07711405480177
-38.67646998644591
-74.59095384929412
-87.16000345114992
-74.50374303831848
-50.91715690891692
-95.46959710755425
-65.04838244643031
-59.10235357302861
-35.206270479450495
-35.98995910869405
-101.40224538257405
-101.40224538257405
-99.87060219506361
-61.41358866901783
42.29681540573756
53.436471478988665
28.33133028595057
4.744744156549018
-25.39366971117613
23.060265665454835
22.901775871166247
-1.7976089781215023
-40.410766264625636
-17.141182980563826
-4.296207769605871
20.020595306418954
12.895466443093483
2.8289210937194866
-42.2722398128617
-37.080086737665845
-38.941848411249225
-44.32777402736053
-57.98486875106562
-67.66006568853618
-128.97806545218918
-31.21533676070692
-0.26533268259890974
180.6883421681373
-180.6883421681373
16.392798458126663
-561.744185220693
-197.08114062626396
-232.72598784997354
-232.72598784997354
-37.61433076640992
-20.484506108643473
-49.15468029408089
57.17474771469222
-66.76064555287599
-67.66482983878973
-51.073818779809585
110.51481496017732
143.67712839004298
2.1942768386477383
-156.99379082068145
-168.00620917931832
-156.99379082068154
0.0
128.55619450180995
56.57242066709341
214.94841489879582
-222.44515316891318
-132.22917252702433
-60.03993488885419
-161.51945995684207
56.30480903358966
-36.73116462975156
-131.58092926668633
-60.777857808390515
-87.83543015462135
-146.09546051305324
-146.09546051305324
-219.31690269374639
-402.803098695964
-203.41793587154427
-291.4624381633041
-254.06042601018362
-798.7723164047088
-895.4534544834694
116.78532007999297
25.971405852838302
-104.20013251678597
117.91843116800285
222.3537117201431
-18.829212446280394
360.38548670609543
115.11364374181082
-18.829212446280394
196.6324757196329
171.03732993580775
141.3861228411173
236.4041580466935
-43.37627098978078
83.6146302623057
145.15916453728585
-33.83711059108168
-85.55666061433976
-161.0771929253276
50.85784176318748
-207.25577254470147
43.04188188917226
53.49260104232542
-130.10909598879493
8.022807074672528
11.184862119071909
113.11945239894658
-90.10013869956504
-36.44597740041786
-62.578963714599354
-68.51448727958837
-89.59374456479497
-76.77262687959785
-98.04996578834545
-20.265708429429196
-301.06203841934547
139.6302405187356
-295.0044742064246
130.42251503898297
33.89339088545239
93.59161311997264
0.0
38.64876638576584
-530.8557944017822
-88.14420559821792
108.46013570392927
102.71460781146436
52.1512835425566
-31.18
140.80526428697226
-101.12637859122128
144.36845034768464
2.2032942601446095
0.0
2.0455618366151187
0.0
2.1178722352188295
0.0
0.0
0.0
0.0
0.0
0.0
0.0
0.0
0.0
0.0
0.0
0.0
0.0
0.0
0.0
0.0
0.0
0.0
-0.0
-0.0
-0.0
-0.0
-0.0
-0.0
-0.0
-0.0
-0.0
-0.0
1.806486885848427
0.0
1.7765622805528771
6.59383658785373e-12
0.0
0.0
0.0
0.0
0.0
0.0
0.0
0.0
0.0
0.0
0.0
0.0
0.0
0.0
0.0
-0.0
-0.0
-0.0
-0.0
-0.0
-0.0
-0.0
-0.0
-0.0
-0.0
1.9409633777819701
0.0
1.9280784701640545
0.0
0.0
0.0
0.0
0.0
0.0
0.0
0.0
0.0
-0.0
-0.0
-0.0
0.0
-0.0
-0.0
-0.0
1.4549941448677917
0.0
1.1505153383325468
0.0
636.0
0.0
362.29116909280197
0.0
0.0
0.0
0.0
0.0
0.0
0.0
0.0
0.0
0.0
0.0
-0.0
-0.0
-0.0
-0.0
0.0
0.0
0.0
0.0
-0.0
-0.0
-0.0
-0.0
0.8290655818730924
0.0
1.9190360184224282
0.0
0.9
3.0
0.26
0.26
0.6
1.35
0.27
0.27
0.14
0.14
0.14
0.31
0.65
0.13
0.13
0.13
0.09
0.09
0.45
0.45
0.2
1.0
0.2
0.57
0.57
1.9
0.57
0.57
0.57
0.57
1.38
0.9
3.0
1.38
0.9
0.0
126.98
320.0
0.0
0.0
943.5
126.95
0.0
0.0
0.0
0.0
0.0
0.0
0.0
0.0
0.0
0.0
0.0
0.0
0.0
0.0
0.0
0.0
0.0
0.0
0.0
0.0
0.0
0.0
0.0
0.0
0.0
0.0
0.0
0.0
0.0
0.0
0.0
0.0
0.0
0.0
0.0
0.0
0.0
0.0
0.0
0.0
0.0
0.0
1.8614975592899938
0.0
2.0453684150203264
0.0
1.9182076030632622
1.4210854715202004e-14
28.237496841562503
0.0
1.882284941679508
0.0
1.8954956637106095
0.0
1.6516480953585013
1.4637180356658064e-12
0.0
0.0
0.0
0.0
35.595320672187505
0.0
0.0
0.0
20.0
0.0
0.0
0.0
-0.0
-0.0
-0.0
-0.0
1.8624931484690546
0.0
62.6
60.12417629918749
0.0
0.0
1.8774627292525867
0.0
1.8710535848288554
5.684341886080802e-14
1.758712534485701
0.0
1.5346854882671757
0.0
1.055385418151416
2.2737367544323206e-13
62.6
0.0
30.1
2.42527317678125
14.5414229315625
7.0179223885625
3.7295593163437504
0.7767402490624999
0.0
4.6
0.0
0.0
0.0
0.0
0.0
0.0
0.9208600642275933
5.684341886080802e-14
154.4
0.0
597.3
0.0
0.0
0.0
712.0
0.0
0.0
0.0
0.0
0.0
0.0
0.0
0.0
0.0
0.0
-0.0
-0.0
-0.0
-0.0
-0.0
0.0
0.5627395603855305
0.0
0.0
677.8
0.0
0.0
0.0
0.0
0.0
0.0
0.0
0.0
0.0
0.0
0.0
0.0
0.0
0.0
0.0
0.0
-0.0
-0.0
-0.0
-0.0
-0.0
0.0
-0.0
-0.0
0.0
-0.0
-0.0
0.6259388195254445
2.2737367544323206e-13
3.3506995791562497
5.489028627968749
12.3194973451875
11.497415877718751
11.636776825374994
6.8828294085
0.0
0.0
0.0
0.0
5.329070518200751e-15
0.0
1.6751323938192186
3.410605131648481e-13
1.8415833280189045
1.4210854715202004e-14
1.912187208132103
0.0
1.35112787392403
0.0
32.11936513656249
10.540128567250001
0.0
0.0
1.8809893363613357
0.0
0.0
103.90433641
0.65
0.0
1.676240407510595
0.0
1.6943756657969278
2.1316282072803006e-14
0.6
0.6
0.6
7.5
0.0
0.1
0.4
0.0
0.24
0.0
0.05
0.05
0.0
0.0
0.0
0.0
0.0
0.0
0.0
0.0
0.0
0.0
0.0
0.0
0.0
0.0
-0.0
0.0
-0.0
1.4557130082492522
0.0
1.4629967909756108
4.263256414560601e-14
0.0
0.0
0.0
0.0
0.0
0.0
-0.0
0.0
-0.0
1.4641745621161855
2.1316282072803006e-14
1.4344470189788252
0.0
1.2769440577047808
2.2737367544323206e-13
1.4163574367167673
0.0
0.0
0.0
0.0
-0.0
0.0
1.3846300797434017
1.2434497875801753e-13
1.3670690166255532
0.0
0.0
7.43
0.0
0.0
0.0
-0.0
0.0
1.252942358503078
0.0
1.3750119857850942
0.0
1.1993253974187876
7.815970093361102e-14
1.1159327639124337
0.0
0.0
7.43
0.0
0.0
1.0289688448675731
4.973799150320701e-14
0.9537578165641118
0.0
0.964391513526544
0.0
0.0
98.2
0.0
27.4
0.0
0.0
0.0
0.0
0.0
-0.0
-0.0
0.9339033783901574
0.0
0.9675557797677783
2.1316282072803006e-14
1.0111161514071272
0.0
1.0282724340325178
8.526512829121202e-14
1.0374172693662853
0.0
0.0
0.0
45.5408255190625
0.0
0.0
0.0
0.0
0.0
0.0
0.0
0.0
0.0
1.0074758246000926
5.684341886080801e-13
0.0
0.0
0.0
0.986058547875
0.0
0.0
20.95
0.0
0.0
0.0
-0.0
-0.0
-0.0
-0.0
1.0089980142233106
0.0
75.0
25.200000000000003
0.0
0.0
0.0
0.0
-0.0
0.0
-0.0
1.0041985786657044
1.0729195309977513e-12
0.9976744052155322
0.0
1.0146452833435955
2.3092638912203256e-14
97.98
97.98
15.5
0.0
0.0
0.0
0.9062314701454612
1.2505552149377763e-12
0.8183627558604085
0.0
74.28
97.98
1.2699999999999996
0.0
0.0
0.0
0.8007076871276988
0.0
0.0
74.28
0.0
0.0
-0.0
-0.0
-0.0
0.8004001344130307
1.8474111129762605e-13
0.8319951772429004
0.0
0.7935307767771751
0.0
636.0
6.91
0.0
0.0
0.0
0.0
0.0
0.0
-0.0
-0.0
0.0
0.0
-0.0
-0.0
0.7273621181676573
3.601030584832188e-11
596.4
51.199999999999996
0.0
0.0
0.7169340467060423
0.0
0.775645776909371
0.0
0.7104992580275233
1.7763568394002505e-14
74.05
59.8
71.80999999999999
71.80999999999999
45.20818385590625
0.0
0.0
0.0
0.0
0.0
0.7537360621900766
0.0
320.0
0.0
0.9578248787957575
2.2737367544323206e-13
0.8996821062022633
2.2737367544323206e-13
325.0
0.0
0.6048736818553007
0.0
0.8996821062022633
0.0
0.0
100.0
1.163058318234758
0.0
1.0427903279581523
2.2737367544323206e-13
77.0
13.999999999999993
11.788603829468752
0.0
0.0
0.0
0.8930904804893922
0.0
49.099999999999994
29.549999999999997
0.0
0.0
0.0
0.0
0.0
0.0
0.0
0.0
-0.0
-0.0
-0.0
-0.0
0.667174579760097
0.0
0.6734794464420868
0.0
0.663187335256314
0.0
140.0
20.62
80.67
0.0
0.0
0.0
0.0
0.0
0.5975183309204657
0.0
0.6706003991537939
0.0
32.65641599593751
113.65471815312502
2.3709963868125
0.0
0.0
0.0
0.4382194988344499
0.0
0.27533558011380865
3.410605131648481e-13
-0.016812671658616996
0.0
0.0
0.0
0.0
0.0
0.0
0.0
0.0
0.0
0.0
0.0
0.0
0.0
-0.0
-0.0
-0.0
-0.0
-0.0
0.0
0.0
0.0
-0.19114570099735273
2.2737367544323206e-13
-1.2148736915235412
0.0
398.3051665103802
530.6817967895158
0.0
0.0
-3.141592653589793
0.0
-0.07615944308130729
1.1368683772161603e-13
336.5
595.0
0.0
0.0
-0.1532469837854311
0.0
0.0
0.0
0.0
0.0
0.0
0.0
0.0
0.0
0.0
0.0
-0.0
-0.0
-0.0
-0.0
0.07078087618237605
0.0
0.0
0.0
0.0
0.0
0.0
0.0
0.0
0.0
0.0
-0.0
-0.0
-0.0
-0.0
-0.0
-0.0
0.0580232494958528
0.0
75.68120892292089
110.25
0.0
0.0
187.011276315625
0.0
0.0
0.0
0.0
0.0
0.038612123720519254
0.0
0.2159770437414137
0.0
0.3286366710727693
5.684341886080802e-14
0.4417506929679238
0.0
0.47853962586226473
2.8421709430404007e-13
0.5453573984828841
0.0
0.4753166537980298
0.0
110.0
41.55
41.55
0.0
0.0
0.0
0.0
0.0
0.19493233323254122
0.0
0.0
0.0
0.0
0.0
0.0
0.0
0.0
0.0
44.041094318124976
242.17825299999998
0.0
0.0
0.0
0.0
0.0
0.0
0.0
0.0
2.1316282072803006e-14
0.0
0.0
0.0
0.0
0.0
0.0
0.0
0.0
-0.0
-0.0
-0.0
-0.0
-0.0
-0.0
-0.0
-0.0
-0.0
-0.0
-0.0
-0.0
-0.0
-0.0
0.19303796521406813
0.0
0.2052726478231497
2.842170943040401e-14
0.10268368748877998
0.0
1.2
1.2
1.6
1.6
1.6
1.6
0.95
0.95
0.95
0.95
1.88
1.88
0.0
2.29
2.29
1.2
3.0
3.0
1.6
0.9
0.9
3.0
0.56
0.0
0.0
0.0
0.0
0.0
0.0
0.0
0.0
0.0
0.0
0.0
0.0
0.0
3.75
0.0
0.0
0.0
0.0
0.0
0.0
0.0
0.0
0.0
0.0
0.0
0.1552766543548243
0.0
215.472098175
0.0
0.03886364016238364
8.526512829121202e-14
35.05
142.706275150625
0.0
0.0
-0.002170318592332965
0.0
-0.00802138288113241
0.0
0.0
0.0
723.35
0.0
0.0
0.0
0.0
0.0
0.0
0.0
0.0
0.0
0.0
0.0
0.0
0.0
0.0
0.0
-0.0
0.0
0.0
0.0
0.0
0.0
0.0
-0.0
-0.0
-0.0
-0.0
-0.0
-0.0
-0.0
-0.0
-0.0
-0.0
-0.0
-0.5505710596580906
0.0
0.0962145228159823
8.526512829121202e-14
0.13386811208150684
2.842170943040401e-14
94.23143474187499
0.0
0.205426157198477
0.0
0.0
0.0
0.0
0.0
0.0
0.0
0.0
0.0
0.0
0.0
0.0
0.0
0.0
0.0
0.0
0.0
0.0
0.0
0.0
0.0
0.0
0.0
0.0
0.0
0.0
0.0
0.0
-0.0
-0.0
-0.0
-0.0
-0.0
-0.0
-0.0
-0.0
-0.0
-0.0
-0.0
-0.0
-0.0
-0.0
-0.0
-0.0
-0.0
-0.0
0.205426157198477
0.0
0.0
0.0
0.0
0.0
0.0
1.35
0.0
0.0
77.516819625
0.0
0.0
0.0
0.0
0.0
0.0
4.65
0.0
0.0
0.0
0.0
-0.0
-0.0
0.0
-0.0
-0.0
-0.0
-0.0
-0.0
-0.0
-0.0
-0.0
-0.0
-0.0
0.22861827317510608
0.0
619.0
0.0
1.4925638894094666
0.0
1.7440163578679888
3.552713678800501e-14
1.7496731413009918
0.0
4.109999999999999
20.62
0.0
0.0
0.709497693027333
0.0
2.0587790228201976
0.0
0.9835787304416401
4.263256414560601e-14
-157.89031384317565
-201.46703991606773
-374.9950538049508
-316.02773579295894
304.44647637452806
-61.94667124394289
-998.291169092802
1204.3750399997746
-998.291169092802
163.58885547499722
208.90577402734334
-293.56356698343006
-298.80564493899624
-160.2341724555224
-195.8262084805359
172.82133596417566
80.21222598756924
-66.7280987511715
-18.421877631957273
40.76511320104089
-527.7731036054274
-135.3956515118462
417.51495669631186
30.36426122535636
-5.477901216858868
-12.239117834876197
-132.32161411998266
-230.95571773950917
-301.44658497364225
-273.42551607798856
-615.8073222073572
-165.44308674609147
682.4495910465512
194.67945515856047
74.8715589703454
774.5366532931594
-206.0838709069726
843.2430867460916
146.73144017750803
-94.25338902763292
538.4692015019405
-207.86693276232336
1.4675678028615948
-151.05247257436116
-170.7488749021843
11.546775888421621
-57.44420926026726
-183.04834282635488
31.572962193585113
-226.23392835902268
420.00789678328647
-17.06564364317785
-29.652940019187895
-137.3774374540447
-52.44191235319545
-36.05967785392795
-71.9605034058394
-84.53826527125841
-71.5919267978461
-48.00774685388603
-92.5556420356055
-64.13268365760496
-59.22128212847326
-34.16790018040456
-31.76710107832639
-98.77367804721416
-98.77367804721416
-97.86526103309052
-60.372544830565175
44.750533745405164
56.35968833361085
29.177351401858004
5.593171457898052
-24.542167839718445
25.457593840907975
25.28262756474004
2.1530263411829083
-34.31671135982651
-31.78434143970071
-6.753802741031905
22.47658615454543
10.814394072620416
4.908389340892995
-44.153665266400594
-39.03072052579821
-40.99042197098015
-47.6211974454892
-60.59911329882436
-70.34918868202567
-130.77828690176693
-32.01893305596445
-0.8179593474956164
192.32200232862488
-192.32200232862488
26.779516236297013
-557.3853342373309
-219.1015185649219
-236.09285279477263
-236.09285279477263
-38.28719619333924
-21.15757051592732
-28.18397692638314
57.844069167200246
-105.39287587583362
-72.00207140817656
-55.60719635649252
116.85622747921366
160.69985559438146
8.982944000686075
-163.78245798363764
-161.21754201636207
-163.7824579836374
0.0
155.1273162773366
60.259183806853
236.92972602566442
-296.2265770128688
-152.64587887664072
-85.70443804939907
-187.9018250256073
50.84569904810064
-42.1807835509494
-143.62113162092533
-66.33928461049973
-93.27983567448041
-197.51910335504726
-197.51910335504726
-268.4115838363674
-444.4308832048562
-221.32443316801084
-315.1900548161856
-271.97040449812454
-832.2991793087267
-928.986963299896
112.7316254121713
21.906772955590895
-108.26901784113784
119.16375529821173
224.70196584720225
-15.260319005521069
379.9190248022501
121.3530091667887
-15.260319005521069
209.15674530431204
183.55984009489237
153.90659476236988
260.6313868056741
-65.37291487302673
76.07571138008313
172.50052331946108
-55.84682276109561
-113.14970103612404
-195.43009596344837
52.34774287184052
-233.7908721654985
67.25581882333586
75.5003080575998
-157.69759139415373
-2.3300959634483434
9.694677185770729
114.61818207636941
-91.59728601722685
-71.92630640755124
-75.57564953030283
-73.493064513901
-96.89044489298055
-87.79884196147725
-108.55544646145756
-10.69664403861293
-299.6725360841258
139.9499878094714
-296.47523319425693
130.74162938581446
27.661060584504185
93.90819569118639
0.0
36.23768121348314
-528.5189566074868
-90.48104339251313
110.74501691675755
100.5948008964317
54.39214839208557
-24.73
140.91533109582076
-123.10103433774111
166.33869475451536
1.8884509029877936
0.0
1.73172668293856
0.0
1.8024519007190571
0.0
0.0
0.0
0.0
0.0
0.0
0.0
0.0
0.0
0.0
0.0
0.0
0.0
0.0
0.0
-0.0
0.0
0.0
-0.0
-0.0
-0.0
-0.0
-0.0
-0.0
-0.0
-0.0
-0.0
-0.0
1.4882986448354574
0.0
1.457949626198948
2.9558577807620168e-12
0.0
0.0
0.0
0.0
0.0
0.0
0.0
0.0
0.0
0.0
0.0
-0.0
-0.0
-0.0
-0.0
-0.0
-0.0
-0.0
0.0
0.0
-0.0
-0.0
-0.0
-0.0
-0.0
1.6251079116647764
0.0
1.6132104710749937
8.526512829121202e-14
0.0
0.0
0.0
0.0
0.0
0.0
0.0
-0.0
-0.0
-0.0
0.0
0.0
-0.0
-0.0
-0.0
1.131266003759471
0.0
0.813062197225942
0.0
636.0
0.0
407.29116909280197
0.0
0.0
0.0
0.0
0.0
0.0
0.0
0.0
0.0
0.0
0.0
-0.0
-0.0
-0.0
-0.0
0.0
0.0
-0.0
-0.0
-0.0
-0.0
0.0
0.0
0.47712244076596594
0.0
1.6043645790801655
0.0
0.9
0.9
0.26
0.26
0.6
0.27
0.27
1.35
0.14
0.14
0.14
0.31
0.13
0.13
0.13
0.65
0.09
0.45
0.09
0.09
1.0
0.2
0.2
0.57
0.57
1.9
0.57
0.57
0.57
0.57
1.38
0.9
0.9
1.38
0.9
0.0
111.08000000000001
320.0
0.0
0.0
943.5
140.0
0.0
0.0
0.0
0.0
0.0
0.0
0.0
0.0
0.0
0.0
0.0
0.0
0.0
0.0
0.0
0.0
0.0
0.0
0.0
0.0
0.0
0.0
0.0
0.0
0.0
0.0
0.0
0.0
0.0
0.0
0.0
0.0
0.0
0.0
0.0
0.0
0.0
0.0
0.0
0.0
0.0
0.0
1.548199154724454
0.0
1.7331843438616907
0.0
1.6073162172109647
0.0
29.184066342500003
0.0
1.5778442580202903
0.0
1.5843180236920524
2.842170943040401e-14
1.3447397861554533
7.048583938740194e-12
0.0
0.0
0.0
20.0
37.298393375625004
0.0
0.0
0.0
0.0
0.0
0.0
0.0
-0.0
-0.0
-0.0
-0.0
1.556125007424738
0.0
0.0
61.943284195
61.97
0.0
1.5821176306202345
1.7053025658242404e-13
1.5749922751298593
4.263256414560601e-14
1.4620261521407771
0.0
1.2371913423176766
0.0
0.7564575503853534
1.2718714970105793e-12
62.6
4.6
0.0
2.48949226425
14.85671431415625
7.017929203812501
3.7304767800312506
0.77792543659375
0.0
0.0
30.1
0.0
0.0
0.0
0.0
0.0
0.6142653586551843
0.0
154.4
0.0
634.8
0.0
0.0
0.0
712.0
0.0
0.0
0.0
0.0
0.0
0.0
0.0
0.0
0.0
0.0
-0.0
-0.0
-0.0
-0.0
-0.0
-0.0
0.277353538898125
0.0
0.0
558.25
0.0
0.0
0.0
0.0
0.0
0.0
0.0
0.0
0.0
0.0
0.0
0.0
0.0
-0.0
0.0
0.0
-0.0
-0.0
-0.0
-0.0
-0.0
-0.0
-0.0
0.0
-0.0
-0.0
0.0
0.36438771591992536
0.0
3.3826319636562516
5.6777003137187485
12.345819008562499
11.533977766468752
11.6630772188125
6.976348624
0.0
0.0
0.0
0.0
0.0
0.0
1.3767589151564863
0.0
1.541794390019735
1.4210854715202004e-14
1.610726591459537
2.842170943040401e-14
1.0404235331005438
1.2846612662542611e-11
31.738145732187505
10.61809090515625
0.0
0.0
1.578887178800545
0.0
0.0
110.3226295140625
0.8
0.0
1.374667250899794
3.979039320256561e-13
1.3767038152796758
0.0
3.0
0.6
0.6
7.5
0.0
0.1
0.4
0.15
0.24
0.3
0.05
0.0
0.0
0.0
0.0
0.0
0.0
0.0
0.0
0.0
0.0
0.0
0.0
0.0
0.0
0.0
0.0
-0.0
-0.0
1.1232324261220779
0.0
1.1300591171037162
5.684341886080802e-14
0.0
0.0
2.16
0.0
0.0
0.0
-0.0
0.0
-0.0
1.1312029245958026
0.0
1.101677624249806
0.0
0.9440469912364806
0.0
1.0766527400590968
4.263256414560601e-14
0.0
0.0
0.0
-0.0
-0.0
1.0409696441636092
0.0
1.0202436853479826
7.105427357601002e-14
0.0
7.43
0.0
0.0
-0.0
-0.0
0.0
0.8973517059161074
1.4210854715202004e-14
1.030226815271118
7.105427357601002e-14
0.8365845087163208
0.0
0.746601641454232
5.684341886080802e-14
0.0
7.43
0.0
0.0
0.6550269957306818
4.263256414560601e-14
0.5769114144231269
0.0
0.5883542122296186
0.0
0.0
98.2
0.0
27.4
0.0
0.0
0.0
0.0
0.0
-0.0
-0.0
0.5573077994751392
0.0
0.587588911120458
7.105427357601002e-15
0.6271019819713741
7.105427357601002e-15
0.6432688566845366
0.0
0.6496672478499317
2.4868995751603507e-14
0.0
0.0
47.9610954984375
0.0
0.0
0.0
-0.0
-0.0
-0.0
-0.0
-0.0
-0.0
0.617680964668351
1.3500311979441904e-12
0.0
0.0
22.0
1.0822456980312498
0.0
0.0
0.0
0.0
-0.0
-0.0
-0.0
-0.0
-0.0
-0.0
0.6163332417394343
0.0
75.0
25.200000000000003
0.0
0.0
0.0
0.0
0.0
-0.0
-0.0
0.613901824671883
4.973799150320701e-14
0.6117038352372988
3.552713678800501e-14
0.627949503366469
3.552713678800501e-14
97.98
97.98
23.3
0.0
0.0
0.0
0.5186698449326856
3.410605131648481e-13
0.4324990332327583
0.0
97.98
74.28
1.2699999999999996
0.0
0.0
0.0
0.41553351652055603
1.9895196601282805e-13
0.0
97.98
0.0
0.0
0.0
-0.0
-0.0
0.4123348640822839
3.552713678800501e-13
0.4485462167480119
0.0
0.4122127306437804
0.0
636.0
6.91
0.0
0.0
0.0
0.0
0.0
0.0
0.0
0.0
-0.0
-0.0
-0.0
-0.0
0.35360708701598087
3.126388037344441e-13
596.4
38.3
0.0
0.0
0.34207397463373024
0.0
0.3946490439105701
0.0
0.3345988820742809
6.394884621840902e-14
74.05
74.05
55.90999999999999
87.71
46.82843503125
0.0
0.0
0.0
0.0
0.0
0.36943651126068566
0.0
320.0
0.0
0.5674870761855493
0.0
0.5165687992063686
5.684341886080802e-14
325.0
0.0
0.2583916202189629
0.0
0.5165687992063686
0.0
99.0
0.0
0.7285874106950829
5.684341886080802e-14
0.6347906426913568
3.410605131648481e-13
64.1
25.699999999999996
12.19113785759375
0.0
0.0
0.0
0.5003424041736135
8.526512829121202e-14
49.099999999999994
41.55
0.0
0.0
0.0
0.0
0.0
0.0
0.0
0.0
-0.0
-0.0
-0.0
-0.0
0.2952878871135747
0.0
0.30216828908858684
0.0
0.2930114586694428
2.1316282072803006e-14
140.0
20.62
80.67
0.0
0.0
0.0
0.0
0.0
0.23062241780575965
0.0
0.2978799209162788
0.0
32.647494881562494
113.63070319062498
2.3579922258437502
7.105427357601002e-15
0.0
0.0
0.09770272330352325
0.0
-0.046810025009377476
1.1368683772161603e-13
-0.31050175622629705
4.263256414560601e-14
0.0
0.0
0.0
0.0
0.0
0.0
0.0
0.0
0.0
0.0
0.0
0.0
-0.0
-0.0
-0.0
-0.0
-0.0
0.0
0.0
0.0
-0.4710178371994509
0.0
-1.3905522068826892
1.9895196601282805e-13
351.0999999999999
493.1817967895159
0.0
0.0
-3.141592653589793
0.0
-0.3736637327906909
0.0
336.5
595.0
0.0
0.0
-0.46306749877399067
0.0
0.0
0.0
0.0
0.0
0.0
0.0
0.0
0.0
0.0
0.0
-0.0
-0.0
-0.0
-0.0
-0.2417778385884204
0.0
0.0
0.0
0.0
0.0
0.0
0.0
0.0
0.0
0.0
-0.0
-0.0
-0.0
-0.0
-0.0
-0.0
-0.2580649320221471
0.0
49.881208922920884
110.25
0.0
0.0
195.320987540625
0.0
0.0
0.0
0.0
0.0
-0.2828462512224217
0.0
-0.11760341659790763
0.0
-0.0154097957537358
0.0
0.09612416486072783
5.684341886080802e-14
0.1309160648234089
0.0
0.18835614735876982
1.0658141036401503e-14
0.11246602984324072
0.0
110.0
29.549999999999997
29.549999999999997
0.0
0.0
0.0
0.0
0.0
-0.1502581256498039
0.0
0.0
0.0
0.0
0.0
0.0
0.0
0.0
0.0
46.40408812562501
242.201915253125
0.0
0.0
0.0
0.0
0.0
0.0
0.0
0.0
0.0
0.0
0.0
0.0
0.0
0.0
0.0
0.0
0.0
-0.0
-0.0
-0.0
-0.0
-0.0
-0.0
-0.0
-0.0
-0.0
-0.0
-0.0
-0.0
-0.0
-0.0
-0.16309821488744536
0.0
-0.13597895077735034
1.4210854715202004e-14
-0.22536411725014194
1.0658141036401503e-14
0.36
0.36
0.48
0.48
0.48
0.48
0.28
0.19
0.19
0.19
0.56
0.56
0.0
0.69
0.69
0.36
3.0
3.0
0.32
0.27
0.18
3.0
0.56
0.0
0.0
0.0
0.0
0.0
0.0
0.0
0.0
0.0
0.0
0.0
0.0
0.0
3.75
0.0
0.0
0.0
0.0
0.0
0.0
0.0
0.0
0.0
0.0
0.0
-0.21177926212305387
0.0
223.025211175
0.0
-0.34763754618589937
0.0
61.599999999999994
145.169274978125
0.0
0.0
-0.39608671828429287
8.526512829121202e-14
-0.400898919813363
0.0
0.0
0.0
751.1
0.0
0.0
0.0
0.0
0.0
0.0
0.0
0.0
0.0
0.0
0.0
0.0
0.0
0.0
0.0
0.0
0.0
0.0
0.0
-0.0
-0.0
-0.0
-0.0
-0.0
-0.0
0.0
0.0
-0.0
-0.0
-0.0
-0.0
-0.0
-0.0
-0.9693531455487316
0.0
-0.29450492042725074
0.0
-0.25554176469372214
0.0
97.61310616343751
0.0
-0.18052030377736372
4.263256414560601e-14
0.0
0.0
0.0
0.0
0.0
0.0
0.0
0.0
0.0
0.0
0.0
0.0
0.0
0.0
0.0
0.0
0.0
0.0
0.0
0.0
0.0
0.0
0.0
0.0
0.0
0.0
0.0
-0.0
-0.0
-0.0
-0.0
-0.0
-0.0
-0.0
-0.0
-0.0
-0.0
-0.0
-0.0
-0.0
-0.0
-0.0
-0.0
-0.0
-0.0
-0.18052030377736372
0.0
0.0
0.0
0.0
0.0
0.0
1.35
0.0
0.0
80.02500375124998
0.0
0.0
0.0
0.0
0.0
0.0
4.65
0.0
0.0
0.0
0.0
-0.0
-0.0
-0.0
-0.0
-0.0
-0.0
-0.0
0.0
-0.0
-0.0
0.0
0.0
-0.0
-0.15892954424014638
0.0
619.0
0.0
1.1863445038144178
1.1368683772161603e-13
1.443853962770735
7.105427357601002e-15
1.4497447495478815
0.0
4.109999999999999
27.07
0.0
0.0
0.33333609207404097
0.0
1.745673631681842
0.0
0.5827347918362094
0.0
-156.88110115022698
-202.8278355362309
-380.31351672390565
-318.9835875096883
309.55238051703986
-57.1992336083872
-1043.291169092802
1223.534166420408
-1043.291169092802
168.70048581000015
214.6846816697771
-286.558287510803
-297.9342989797537
-158.9079662466271
-191.20975399894473
176.2240284176205
83.61677862298632
-63.559773260274596
-15.113825225382016
43.307996350081794
-533.419843979213
-133.02511802163428
418.58459661469897
52.723373623701264
-6.09004742766524
10.846123350154357
-133.0578598751972
-231.78846372356548
-302.3482968079443
-289.00851974786605
-598.8800143590356
-227.8381597324519
674.4818259085123
193.02394716311733
73.09883503259687
784.3202399451811
-180.24299732760596
786.0881597324519
149.8063932434992
-96.1915790221077
536.1749353747746
-207.32987596051294
-2.770416233489186
-161.68845879464163
-185.78348360472182
11.213798942449216
-57.105619435502945
-193.68041621473236
29.740665950065022
-229.30640284606488
420.34835475474483
-23.60838131161188
-36.13570242994717
-178.47507754032233
-58.980323794784226
-42.558436985838625
-78.47974767167875
-91.03109587045628
-78.90884537488046
-55.327549582248935
-99.86999692260304
-67.53292457089162
-61.50833173798628
-35.276605026982224
-31.3657839167804
-105.27675121337637
-105.27675121337637
-101.7708827840516
-61.47804506452292
40.267435697274095
50.94465875642686
27.49468488457137
3.9133890919397345
-26.2182649014145
20.89036857620863
20.746792163590975
-1.9062559107710513
-39.57214656561155
-16.102099784399684
-2.275351380742677
17.996212027097044
14.542110444675927
1.1787502016784401
-43.179729497105654
-37.941027784350986
-39.846016623374226
-45.2564396736758
-59.42814599876135
-68.75755227819127
-125.67049415755173
-35.943260511813264
-8.507054356834033
181.6674305211593
-181.6674305211593
12.390992078908766
-598.8234322950675
-194.0584226000683
-234.2043796250441
-234.2043796250441
-32.22976579996157
-15.116085616834425
-31.170574009511256
51.79809781091137
-118.80128088562424
-74.68499033846001
-57.98496549666447
94.15575456820761
155.94532671186744
-11.36774786461126
-143.43176611558886
-181.56823388441103
-143.4317661155888
0.0
121.76896032224295
47.733025893602644
217.50338640596738
-231.02652215864566
-138.55034936987875
-73.41447935350175
-169.83629594958006
55.48711270148863
-37.52799352348325
-133.33086454552995
-61.586161246770104
-88.62079665301002
-181.7770354538318
-181.7770354538318
-231.63559658257492
-394.3049066569678
-199.76646304951328
-286.6269001387465
-250.41510284260494
-747.5889184588518
-844.2817967895157
95.44520040437214
4.595571344348173
-125.56708705318806
117.70726605238804
221.95552674788996
-19.482169182294
356.8737575635473
113.99193392733459
-19.482169182294
194.86183328050697
169.2635794092065
139.60877168804325
256.99069261122656
-54.783710434793534
62.66668211863191
168.3841893588659
-45.25296623579686
-109.40406292519498
-184.89346769539634
40.592554684139486
-254.6352053978547
63.60493594989839
64.90404807261484
-153.9465054424491
-15.793467695396316
21.48911577549859
102.83029335139736
-79.8081843545375
-92.7258042698927
-90.46045651306065
-85.76911872476
-113.41997302513636
-103.84310258597162
-128.1724129828084
-8.79744338086823
-313.26034274928367
144.49757877594834
-310.6307244275401
135.28873517720433
17.241565550595624
98.45336078222851
0.0
33.735561776902045
-526.2301738568045
-92.76982614319559
113.05018278841999
98.49640266429708
56.64218054722437
-31.18
141.05319782952677
-108.22422215196468
151.45659495831433
1.983578951561908
0.0
1.8270312123265526
0.0
1.8973860345885196
0.0
0.0
0.0
0.0
0.0
0.0
0.0
0.0
0.0
0.0
0.0
0.0
0.0
-0.0
-0.0
0.0
0.0
0.0
-0.0
-0.0
-0.0
-0.0
-0.0
-0.0
-0.0
0.0
-0.0
-0.0
1.5822871980942868
0.0
1.5518803119021385
1.1368683772161603e-12
0.0
0.0
0.0
0.0
0.0
0.0
0.0
0.0
0.0
0.0
-0.0
0.0
0.0
0.0
0.0
-0.0
-0.0
-0.0
-0.0
-0.0
-0.0
0.0
0.0
-0.0
-0.0
1.7198363116915036
0.0
1.7081866125522964
5.684341886080802e-14
0.0
0.0
0.0
0.0
0.0
0.0
-0.0
-0.0
-0.0
-0.0
0.0
0.0
-0.0
-0.0
-0.0
1.2241870736317804
0.0
0.9134495642000438
0.0
636.0
0.0
382.8115064609139
0.0
0.0
0.0
0.0
0.0
0.0
0.0
0.0
0.0
0.0
0.0
-0.0
-0.0
-0.0
-0.0
0.0
0.0
-0.0
-0.0
-0.0
-0.0
0.0
0.0
0.5853922591078193
0.0
1.6987384337992317
0.0
0.0
3.0
1.3
0.0
0.0
1.35
0.0
0.0
0.71
0.71
0.71
1.57
0.65
0.65
0.65
0.65
0.45
0.45
0.45
0.45
1.0
1.0
1.0
1.9
1.9
0.57
0.57
0.57
1.9
0.0
1.38
3.0
3.0
4.6
3.0
0.0
126.98
282.5
0.0
0.0
943.5
126.8
3.0
0.0
0.0
1.3
3.0
0.0
1.35
1.35
0.0
0.0
0.0
0.0
0.0
0.0
0.0
0.0
0.0
0.0
0.0
0.0
0.0
0.0
0.0
0.0
0.0
0.0
0.0
0.0
0.0
1.9
0.0
0.0
0.0
0.0
0.0
0.0
0.0
0.0
0.0
0.0
0.0
0.0
1.643544703960556
0.0
1.8245369421610844
5.684341886080802e-14
1.698829763518166
0.0
29.949087896250003
0.0
1.658638399662153
0.0
1.6765604353440544
0.0
1.4300332465190904
1.3642420526593924e-12
0.0
0.0
0.0
0.0
38.932442590625
0.0
0.0
0.0
20.0
0.0
-0.0
0.0
-0.0
-0.0
0.0
-0.0
1.6380002924029737
0.0
62.6
63.45293027375
0.0
0.0
1.6514387616266752
1.1368683772161603e-13
1.638177232770369
2.842170943040401e-14
1.5206743353932959
0.0
1.2905814369740165
4.263256414560601e-14
0.8011411719651376
2.0321522242738865e-12
62.6
4.6
0.0
2.538423197
15.05656946090625
7.0179340406875
3.7312287550312506
0.77886606196875
0.0
0.0
30.1
0.0
0.0
8.881784197001252e-16
0.0
0.0
0.6729339499981619
2.842170943040401e-14
154.4
0.0
672.3
0.0
0.0
0.0
712.0
0.0
0.0
0.0
0.0
0.0
0.0
0.0
-0.0
0.0
0.0
0.0
-0.0
-0.0
-0.0
-0.0
-0.0
0.2878262680250603
0.0
0.0
677.8
0.0
0.0
0.0
0.0
0.0
0.0
0.0
0.0
0.0
0.0
0.0
0.0
0.0
0.0
0.0
0.0
-0.0
-0.0
-0.0
-0.0
-0.0
-0.0
-0.0
-0.0
-0.0
-0.0
0.0
0.3642160547595523
2.2737367544323206e-13
3.41116075315625
5.805682757218749
12.3664405808125
11.555037006468751
11.6822180700625
7.033021736499994
0.0
0.0
0.0
0.0
0.0
6.217248937900877e-15
1.4240717314548919
1.1368683772161603e-13
1.5953342704265019
5.684341886080802e-14
1.671046204126176
0.0
1.1191010613247334
0.0
31.4270548346875
10.67601053428125
0.0
0.0
1.6415428024163425
0.0
0.0
116.2708069028125
0.65
0.0
1.4295256250416042
0.0
1.469037055526674
0.0
3.0
0.0
0.0
7.5
0.0
0.0
0.0
0.3
0.0
0.3
0.0
0.0
0.0
0.0
3.0
3.0
0.0
0.0
0.0
0.0
0.0
0.0
0.0
0.0
0.0
0.0
0.0
-0.0
-0.0
1.228423993114932
0.0
1.235716540222029
0.0
0.0
0.0
0.0
0.0
0.0
0.0
0.0
-0.0
0.0
1.236891180621404
4.263256414560601e-14
1.2071871398198954
2.2737367544323206e-13
1.0477657975107855
0.0
1.1912860330321138
3.552713678800501e-14
0.0
0.0
0.0
-0.0
-0.0
1.160812559739111
1.4210854715202004e-14
1.1442526439686045
0.0
0.0
0.0
0.0
0.0
0.0
-0.0
0.0
1.0329159209825427
0.0
1.1479503498053134
5.684341886080802e-14
0.9726086823223685
0.0
0.8893469254439799
0.0
0.0
7.43
0.0
0.0
0.8016819449421266
5.684341886080802e-14
0.7247860324028719
1.4210854715202004e-14
0.7386504501547462
7.105427357601002e-15
0.0
98.2
0.0
27.4
0.0
0.0
0.0
0.0
0.0
-0.0
-0.0
0.708578324469002
0.0
0.742586614730461
1.7763568394002505e-14
0.7865262379614477
0.0
0.8037484702682907
6.039613253960852e-14
0.8130853357944612
2.4868995751603507e-14
0.0
0.0
50.4795730321875
0.0
0.0
0.0
-0.0
-0.0
-0.0
-0.0
0.0
0.0
0.7832954266589409
5.258016244624741e-13
0.0
0.0
0.0
1.18660685303125
0.0
0.0
22.0
0.0
0.0
0.0
-0.0
-0.0
0.0
0.0
0.7852779491552142
7.105427357601002e-14
75.0
25.200000000000003
0.0
0.0
0.0
0.0
0.0
-0.0
-0.0
0.7803356718465508
1.2505552149377763e-12
0.7733460990958401
1.4210854715202004e-14
0.7903641343777501
1.5987211554602254e-14
97.98
97.98
15.5
0.0
0.0
0.0
0.6864306430967417
3.410605131648481e-13
0.6043436101671027
0.0
74.28
50.58
7.72
0.0
0.0
0.0
0.5874277253053588
5.968558980384842e-13
0.0
74.28
0.0
0.0
-0.0
0.0
-0.0
0.5855590424655994
0.0
0.6117276351958281
0.0
0.5730214134874454
2.2737367544323206e-13
636.0
6.91
0.0
0.0
0.0
0.0
0.0
0.0
0.0
0.0
-0.0
-0.0
-0.0
-0.0
0.4983410404601085
0.0
596.4
25.4
0.0
0.0
0.495992184545754
0.0
0.5575334382858248
0.0
0.47350045420201603
7.105427357601002e-15
74.05
74.05
55.90999999999999
71.80999999999999
48.44717682875
0.0
0.0
0.0
0.0
0.0
0.5048975331840855
0.0
320.0
0.0
0.6851549302242512
0.0
0.6291468019060327
5.684341886080802e-14
325.0
0.0
0.3451619259944909
0.0
0.6291468019060327
0.0
99.0
0.0
0.8548272019728569
0.0
0.7635178420343562
3.979039320256561e-13
51.199999999999996
13.999999999999993
12.53558588121875
0.0
0.0
0.0
0.6409699885965363
2.842170943040401e-14
60.8
29.549999999999997
0.0
0.0
0.0
0.0
0.0
0.0
0.0
0.0
-0.0
-0.0
-0.0
-0.0
0.41721676665421636
0.0
0.4238356080101391
0.0
0.4141664096118638
5.684341886080802e-14
140.0
27.07
80.67
0.0
0.0
0.0
0.0
0.0
0.35030273137023604
0.0
0.4299935660688332
0.0
32.6295995403125
113.60830805312499
2.34334994434375
7.105427357601002e-15
0.0
0.0
0.20185674012448507
0.0
0.04992942952847379
5.684341886080802e-14
-0.22525087257217313
0.0
0.0
0.0
0.0
0.0
0.0
0.0
0.0
0.0
0.0
0.0
0.0
0.0
-0.0
-0.0
-0.0
-0.0
-0.0
0.0
0.0
0.0
-0.3913481046398557
1.7053025658242404e-13
-1.3405364746819304
0.0
388.9849705542256
479.41241552942085
0.0
0.0
-3.141592653589793
0.0
-0.2920229389645601
1.1368683772161603e-13
336.5
595.0
0.0
0.0
-0.38006164263467346
0.0
0.0
0.0
0.0
0.0
0.0
0.0
0.0
0.0
-0.0
0.0
-0.0
-0.0
-0.0
-0.0
-0.1584560189726063
5.684341886080802e-14
0.0
0.0
0.0
0.0
0.0
0.0
0.0
0.0
-0.0
-0.0
-0.0
-0.0
-0.0
-0.0
-0.0
-0.1743583057181768
0.0
58.650000000000006
110.25
0.0
0.0
202.80396286562498
0.0
0.0
0.0
0.0
0.0
-0.19855412957464447
0.0
-0.0273339314346579
0.0
0.0800166148169481
8.526512829121202e-14
0.1952556441960236
0.0
0.2347100260967654
0.0
0.29987840128666843
2.4868995751603507e-14
0.22212512992319677
0.0
110.0
17.549999999999997
41.55
0.0
0.0
0.0
0.0
0.0
-0.049666556049579036
2.842170943040401e-14
0.0
0.0
0.0
0.0
0.0
0.0
0.0
0.0
48.389665619374995
242.221229340625
0.0
0.0
0.0
0.0
0.0
0.0
0.0
0.0
0.0
0.0
0.0
0.0
0.0
-0.0
0.0
0.0
0.0
-0.0
-0.0
-0.0
-0.0
-0.0
-0.0
-0.0
-0.0
-0.0
-0.0
-0.0
-0.0
-0.0
-0.0
-0.07004021268739713
0.0
-0.04667704255460814
0.0
-0.13940346589484154
0.0
1.2
0.0
0.0
1.6
0.0
0.0
0.95
0.0
0.0
0.95
0.0
1.88
3.75
2.29
0.0
0.0
0.0
0.0
1.6
0.9
0.0
3.0
0.0
0.0
0.0
1.2
1.6
0.0
1.6
1.6
0.0
0.95
0.95
0.0
1.88
0.0
0.0
0.0
2.29
1.2
3.0
3.0
0.0
0.0
0.9
0.0
1.88
0.0
-0.12372315893470898
0.0
230.5070194875
0.0
-0.2635408860751749
2.842170943040401e-14
88.14999999999999
147.709580628125
0.0
0.0
-0.31177183150845655
0.0
-0.3095881611986062
0.0
0.0
0.0
723.2600000000001
0.0
0.0
0.0
0.0
0.0
0.0
0.0
0.0
0.0
0.0
0.0
0.0
0.0
0.0
0.0
0.0
0.0
0.0
0.0
0.0
0.0
-0.0
-0.0
-0.0
-0.0
-0.0
-0.0
-0.0
-0.0
-0.0
-0.0
-0.0
-0.0
-0.8560587226890979
0.0
-0.21108271211599927
5.684341886080802e-14
-0.17248544478393324
2.842170943040401e-14
101.1301111284375
0.0
-0.09843399280940801
2.842170943040401e-14
0.0
0.0
0.0
0.0
0.0
0.0
0.0
0.0
0.0
0.0
0.0
0.0
0.0
0.0
0.0
0.0
0.0
0.0
0.0
0.0
0.0
0.0
0.0
-0.0
0.0
-0.0
-0.0
-0.0
-0.0
-0.0
-0.0
-0.0
-0.0
-0.0
-0.0
-0.0
-0.0
-0.0
-0.0
-0.0
-0.0
-0.0
-0.0
-0.0
-0.0
-0.09843399280940801
0.0
0.0
0.0
0.0
0.0
0.0
0.0
0.0
0.0
82.44400072374998
0.0
0.0
0.0
0.0
0.0
1.35
3.9000000000000004
0.0
0.0
-0.0
-0.0
-0.0
-0.0
0.0
0.0
-0.0
-0.0
-0.0
-0.0
-0.0
-0.0
0.0
0.0
-0.0
-0.07752232778245194
0.0
552.7
0.0
1.2850872683608126
0.0
1.495596194172112
2.842170943040401e-14
1.5009528626510749
0.0
4.109999999999999
20.62
0.0
0.0
0.47249888920182576
0.0
1.8411732744503286
0.0
0.7170453384323441
0.0
-156.7044436788775
-203.2851815377557
-381.03867406267733
-319.91270618213673
311.0296292644472
-56.008168942077646
-1018.811506460914
1227.3154991202816
-1018.811506460914
169.26051700217033
215.33448961102158
-281.6006624242036
-297.86770831725255
-158.65083164247744
-190.12326059056102
172.09098270013828
78.19668961464549
-67.87992737565412
-20.610955822771984
39.587207881135214
-523.1239201327858
-136.88350296830583
411.81593248451566
27.258558264120893
-11.334640048112988
-18.273192983519948
-138.4015281788453
-237.20917361626277
-307.82406603839473
-260.58378445966486
-641.6436299250968
-199.97326369366056
697.0831063812425
200.30706307761818
80.28837083267217
801.371611441059
-208.50399265936767
877.7732636936607
135.3228124710696
-89.13414413098269
544.9995256276602
-215.24586527111774
7.223700113442874
-152.41265605739807
-171.26103988535198
11.516082347252564
-57.40322013621221
-184.40134908596144
31.59398323664618
-225.92397117408836
425.12357954409936
-15.001044139176543
-27.603916712985892
-132.1023404067679
-50.36937734430967
-34.00393381456183
-69.88887363341576
-82.47164665180605
-71.45137224065252
-47.87248263346248
-92.41038495689884
-64.64969063175795
-60.547962629092126
-33.34999724196689
-25.932332694191473
-100.41411656123302
-100.41411656123302
-97.18741987863149
-59.54876374010075
45.223790239854225
56.89628722082011
29.28951072404834
5.710621116858306
-24.417958306387277
25.85366857442068
25.675980135206228
2.804133658092951
-30.992196992872778
-32.73031330096842
-7.235582555081237
22.954839078136047
10.38143118800133
5.337825335053481
-42.243691043772856
-37.41236205152963
-39.29080700443774
-45.8050537848128
-56.611746846894675
-66.00194519755541
-125.30285082084038
-33.48407789373425
-4.969901169413788
193.5311085419139
-193.5311085419139
53.754894848981394
-557.2259199508674
-247.28600339089508
-231.3233296592348
-231.3233296592348
-41.08571463941928
-23.953507845937224
-6.348259228683673
60.631777085238355
-155.25366411308028
-79.15352743572919
-62.86444175284373
84.85697023114403
141.93495829877543
2.9698615368951096
-157.7693755190337
-167.23062448096618
-157.76937551903364
0.0
128.2481267915565
55.5765332021017
211.98385970104164
-224.89990130881438
-151.184609425929
-86.81264012849635
-173.2371562811794
53.377752870131076
-39.627862290549615
-137.9670830528546
-63.72765265268425
-90.71545201873755
-215.3806343442243
-215.3806343442243
-252.4736537061582
-414.53563593916215
-208.46992584049445
-298.160496070416
-259.12204682506047
-771.6978618405738
-868.3973860836464
97.37761341085297
6.5239664771993375
-123.6498647032372
117.87533173137011
222.27244096701816
-19.021874100692116
359.42081797659375
114.80551109897972
-19.021874100692116
201.91061101090418
176.31059771478726
146.6537517550139
265.52771741285744
-63.51247543070008
61.987332028749506
178.0131314777193
-53.98750546481904
-118.68296429949129
-194.15984826049294
43.56403961669673
-258.7186681057657
72.1286689267123
73.63658214689735
-163.22086180031988
-25.059848260492913
18.512813099500363
105.81514077151735
-82.79144941489642
-102.25323096004195
-94.85327126244795
-88.26876713229666
-115.72226004827633
-104.60609105115145
-127.59509376282824
3.992084661737522
-297.4245306825533
143.22776588152158
-298.61779314688323
134.01828933887327
13.948795434809881
97.18038316827983
0.0
32.67447660461937
-481.5481001627951
-71.15189983720484
107.95844628476914
103.75321346574356
51.506427680274214
-24.73
141.16326463837504
-96.61643160491832
139.8443930715789
1.8799007929662217
0.0
1.7218489941844917
0.0
1.7942809511031586
5.684341886080802e-14
0.0
0.0
0.0
0.0
0.0
0.0
0.0
0.0
0.0
0.0
0.0
0.0
-0.0
-0.0
-0.0
-0.0
0.0
-0.0
-0.0
-0.0
-0.0
-0.0
0.0
0.0
-0.0
-0.0
-0.0
1.482090608944346
0.0
1.4521609730538563
5.229594535194337e-12
0.0
0.0
0.0
0.0
0.0
0.0
0.0
0.0
0.0
0.0
-0.0
-0.0
-0.0
0.0
0.0
-0.0
-0.0
-0.0
0.0
0.0
0.0
-0.0
-0.0
-0.0
-0.0
1.6169792316447191
0.0
1.6040882676855306
0.0
0.0
0.0
0.0
0.0
0.0
0.0
0.0
0.0
0.0
-0.0
-0.0
-0.0
0.0
-0.0
-0.0
1.1302751220600218
0.0
0.8333083626265638
0.0
636.0
0.0
337.6615064609139
0.0
0.0
0.0
0.0
0.0
0.0
0.0
0.0
0.0
0.0
0.0
0.0
0.0
-0.0
-0.0
-0.0
-0.0
-0.0
-0.0
-0.0
-0.0
0.0
0.0
0.5197893575348629
0.0
1.5943648859766606
0.0
3.0
0.0
1.3
1.3
0.0
0.0
0.0
1.35
0.71
0.71
0.71
0.0
0.65
0.65
0.65
0.65
0.45
0.45
0.45
0.45
1.0
1.0
1.0
0.57
1.9
0.57
1.9
0.57
0.57
1.9
1.38
3.0
3.0
4.6
3.0
0.0
111.08000000000003
320.0
0.0
0.0
943.5
113.60000000000007
0.0
3.0
0.0
0.0
3.0
1.35
1.35
0.0
0.0
0.0
0.0
1.57
0.0
0.0
0.0
0.0
0.0
0.0
0.0
0.0
0.0
0.0
0.0
0.0
0.0
0.0
0.0
0.0
0.0
0.0
0.0
0.0
0.0
0.0
0.0
0.0
0.0
0.0
0.0
0.0
0.0
0.0
1.5373978651021387
0.0
1.7171959387186462
0.0
1.5896803984649939
8.526512829121202e-14
30.384305252500003
0.0
1.5411252582600996
0.0
1.5655807045993688
0.0
1.308481081127681
1.1368683772161603e-12
0.0
0.0
0.0
20.0
40.466229548125
0.0
0.0
0.0
0.0
0.0
-0.0
-0.0
-0.0
-0.0
0.0
-0.0
1.5124615777719423
0.0
61.97
64.39281753499999
0.0
0.0
1.5325350861190534
1.7053025658242404e-13
1.5247786265070822
5.684341886080802e-14
1.4112242914452642
0.0
1.1856017132207537
0.0
0.7034410636503878
1.8189894035458565e-12
62.6
4.6
0.0
2.5632497912500014
15.054858371281249
7.0179363720625005
3.7316977046562507
0.77897376046875
0.0
0.0
30.1
0.0
0.0
0.0
0.0
0.0
0.5774747466211401
0.0
154.4
0.0
634.8
0.0
0.0
0.0
712.0
0.0
0.0
0.0
0.0
0.0
0.0
0.0
0.0
0.0
-0.0
0.0
-0.0
-0.0
-0.0
0.0
-0.0
0.19962426868298033
0.0
0.0
677.8
0.0
0.0
0.0
0.0
0.0
0.0
0.0
0.0
0.0
0.0
0.0
0.0
0.0
0.0
0.0
0.0
-0.0
-0.0
-0.0
-0.0
-0.0
-0.0
-0.0
0.0
-0.0
-0.0
0.0
0.2706305948969976
2.2737367544323206e-13
3.43561394078125
5.832296578093749
12.372634885812499
11.545376243843751
11.6837452470625
7.022341056
0.0
0.0
0.0
0.0
0.0
0.0
1.3170684397409396
0.0
1.4858408009116655
2.842170943040401e-14
1.5587578500696129
0.0
1.0133957688807653
0.0
31.218046855937498
10.70329064628125
0.0
0.0
1.5282494373868616
0.0
0.8
121.5218268753125
0.0
0.0
1.3181393175970868
0.0
1.357102251579664
0.0
3.0
0.0
0.0
2.25
0.0
0.0
0.0
0.15
0.0
0.0
0.0
0.0
0.0
0.0
3.0
3.0
0.0
0.0
0.0
0.0
0.0
0.0
0.0
0.0
0.0
0.0
0.0
-0.0
-0.0
1.1228535405462008
0.0
1.1298158188431868
0.0
0.0
0.0
2.16
0.0
0.0
0.0
0.0
-0.0
-0.0
1.1309217113014256
1.4210854715202004e-14
1.101622913317592
0.0
0.9438695815376619
2.2737367544323206e-13
1.0861374508738484
0.0
0.0
0.0
-0.0
0.0
-0.0
1.0559026320425868
0.0
1.0395330807361294
0.0
0.0
0.0
0.0
0.0
0.0
-0.0
-0.0
0.9287284149423654
0.0
1.0442729679952443
8.526512829121202e-14
0.8716987403291636
0.0
0.7894543209184297
0.0
0.0
0.0
0.0
0.0
0.705525196057482
0.0
0.6262757998332109
0.0
0.6371650968171787
5.3290705182007514e-14
0.0
98.2
0.0
27.4
0.0
0.0
0.0
0.0
0.0
-0.0
-0.0
0.6056700707277733
0.0
0.6361376193729953
9.237055564881302e-14
0.6758769778616864
0.0
0.6920996412247851
0.0
0.6986596577447157
3.907985046680551e-14
0.0
0.0
53.2011396871875
0.0
0.0
0.0
-0.0
-0.0
-0.0
-0.0
0.0
0.0
0.6668001719718912
1.7763568394002505e-12
0.0
0.0
22.0
1.3094151046562499
0.0
0.0
0.0
0.0
0.0
0.0
-0.0
-0.0
-0.0
-0.0
0.6660485004493033
4.263256414560601e-14
75.0
37.650000000000006
0.0
0.0
0.0
0.0
-0.0
0.0
-0.0
0.6630334563642886
0.0
0.6605897886508068
0.0
0.6768755857136042
0.0
97.98
97.98
23.3
0.0
0.0
0.0
0.5790655462708569
6.821210263296962e-13
0.5052036328403124
0.0
74.28
26.879999999999995
14.170000000000002
0.0
0.0
0.0
0.4890566176988491
1.5631940186722204e-13
0.0
74.28
0.0
0.0
0.0
-0.0
-0.0
0.48641006790550234
0.0
0.5096708295747181
0.0
0.4737150178168581
0.0
636.0
6.91
0.0
0.0
0.0
0.0
0.0
0.0
-0.0
-0.0
0.0
0.0
-0.0
-0.0
0.40213381980232477
0.0
596.4
38.3
0.0
0.0
0.3945766982655412
0.0
0.4571694905626522
0.0
0.3824351106935291
0.0
59.8
59.8
71.80999999999999
55.90999999999999
50.06546385625
0.0
0.0
0.0
0.0
0.0
0.42079584209208587
0.0
320.0
0.0
0.5991157422915498
2.8421709430404007e-13
0.542294951644477
0.0
325.0
0.0
0.2541895343481806
1.1368683772161603e-13
0.542294951644477
0.0
100.0
0.0
0.770352640350707
0.0
0.6798509137919457
3.410605131648481e-13
38.3
25.699999999999996
12.77551207946875
0.0
0.0
0.0
0.5593963196214831
0.0
49.099999999999994
41.55
0.0
0.0
0.0
0.0
0.0
0.0
0.0
0.0
-0.0
-0.0
-0.0
-0.0
0.3372554180038918
0.0
0.3438966912887471
0.0
0.3342731428145824
0.0
140.0
27.07
80.67
0.0
0.0
0.0
0.0
0.0
0.2705435684458539
0.0
0.3429209646547591
0.0
32.59406213281251
113.58460440312498
2.3260622047187502
0.0
0.0
0.0
0.12748889523244067
0.0
-0.021704520357770374
5.684341886080801e-13
-0.2926515688471967
0.0
0.0
0.0
0.0
0.0
0.0
0.0
0.0
0.0
0.0
0.0
0.0
0.0
-0.0
-0.0
-0.0
-0.0
-0.0
-0.0
-0.0
-0.0
-0.4566945738800645
4.405364961712621e-13
-1.3815526473812652
0.0
351.0999999999999
497.5210250925885
0.0
0.0
-3.141592653589793
0.0
-0.3636533576603376
0.0
336.5
595.0
0.0
0.0
-0.45608561293232075
8.526512829121202e-14
0.0
0.0
0.0
0.0
0.0
0.0
0.0
0.0
-0.0
0.0
-0.0
-0.0
0.0
-0.0
-0.23545237047574963
2.842170943040401e-14
0.0
0.0
0.0
0.0
0.0
0.0
0.0
0.0
0.0
-0.0
-0.0
-0.0
-0.0
-0.0
0.0
-0.25261597624776533
0.0
84.45
110.25
0.0
0.0
208.895703753125
0.0
0.0
0.0
0.0
0.0
-0.2787309362309398
0.0
-0.10359808434977413
0.0
0.007128067107956326
0.0
0.12148268235896431
0.0
0.1598175979198908
0.0
0.22261756149159329
0.0
0.14790940860070556
5.684341886080802e-14
110.0
12.0
29.549999999999997
0.0
0.0
0.0
0.0
0.0
-0.10862879907925604
5.684341886080802e-14
0.0
0.0
0.0
0.0
0.0
0.0
0.0
0.0
49.74421229812499
242.22923271562502
0.0
0.0
0.0
0.0
0.0
0.0
0.0
0.0
0.0
0.0
0.0
0.0
0.0
0.0
0.0
0.0
0.0
-0.0
-0.0
-0.0
-0.0
-0.0
-0.0
-0.0
-0.0
-0.0
-0.0
0.0
-0.0
-0.0
-0.0
-0.13506288927386434
0.0
-0.118198897184143
5.684341886080802e-14
-0.2166983372972351
0.0
0.0
1.2
0.0
1.6
0.0
0.0
0.95
0.0
0.0
0.95
0.0
1.88
0.0
2.29
0.0
0.0
0.0
0.0
1.6
0.9
0.0
3.0
0.0
0.0
1.2
0.0
1.6
0.0
1.6
1.6
0.0
0.95
0.95
0.0
1.88
0.0
3.75
0.0
2.29
1.2
3.0
3.0
0.0
0.0
0.9
0.0
1.88
0.0
-0.18316412257437875
0.0
237.844766275
0.0
-0.319274195016396
8.526512829121202e-14
79.7
150.23533614062498
0.0
0.0
-0.36212841339529644
0.0
-0.35697892970553324
0.0
0.0
0.0
695.4200000000002
0.0
0.0
0.0
0.0
0.0
0.0
0.0
0.0
0.0
0.0
0.0
0.0
0.0
0.0
0.0
0.0
-0.0
-0.0
-0.0
0.0
0.0
-0.0
0.0
0.0
0.0
-0.0
-0.0
-0.0
-0.0
-0.0
-0.0
-0.0
-0.0
-0.8794535399237402
0.0
-0.2658480354462105
5.684341886080802e-14
-0.2290570295070551
2.1316282072803006e-14
104.8804619521875
0.0
-0.15978591207430215
7.105427357601002e-14
0.0
0.0
0.0
0.0
0.0
0.0
0.0
0.0
0.0
0.0
0.0
0.0
0.0
0.0
0.0
0.0
0.0
0.0
0.0
0.0
0.0
0.0
0.0
0.0
0.0
0.0
0.0
-0.0
-0.0
-0.0
-0.0
-0.0
-0.0
-0.0
-0.0
-0.0
-0.0
-0.0
-0.0
-0.0
-0.0
0.0
-0.0
-0.0
-0.0
-0.15978591207430215
0.0
0.0
0.0
0.0
0.0
0.0
1.35
0.0
0.0
84.68439609624998
0.0
0.0
0.0
0.0
0.0
0.0
4.65
0.0
0.0
0.0
-0.0
-0.0
-0.0
-0.0
-0.0
-0.0
-0.0
-0.0
0.0
-0.0
0.0
0.0
0.0
-0.0
-0.14116877215868495
0.0
619.0
0.0
1.1474684509914157
0.0
1.386080173020165
2.842170943040401e-14
1.3917521568104156
0.0
4.109999999999999
27.07
0.0
0.0
0.38117232069328916
0.0
1.7351109642452265
0.0
0.6343599762676817
2.842170943040401e-14
-158.210008790362
-201.93358929644575
-375.05809384178684
-316.77775744418847
305.21899741490495
-61.97578826929612
-973.6615064609139
1205.564984976343
-973.6615064609139
163.18935614117595
208.51013627546808
-290.64806566773495
-299.4336510382487
-160.55192875063722
-196.14824291978942
168.03153588799478
73.94983502518119
-72.04201328402314
-24.900071898949932
33.79237348699644
-532.3665379555787
-142.75381648725238
403.9217755735833
40.7170554723607
-6.629452659798403
-21.802467363148935
-133.75068917198155
-232.60059609611278
-303.245691548837
-256.02909962733963
-629.7709937092591
-185.8804351066774
685.5485711840633
197.39457442229786
77.32454841319566
760.5291553850711
-231.90347851542924
863.6804351066776
140.60675384134117
-92.17043105797222
533.1294483256979
-213.30976620084425
1.418381266143797
-147.9284619617058
-165.86297391812514
10.842082924325837
-56.72616807060774
-179.9150269418824
30.10511476167426
-225.85773642486856
420.6755514657316
-14.608926833486976
-27.21445313814229
-128.75219879382547
-49.974907159609074
-33.61304169132427
-69.49410770100849
-82.07753021308861
-70.32364615393885
-46.746325132809716
-91.28126457148221
-61.89463484954206
-62.40109938894034
-36.16936467737321
-32.96916656869996
-100.01806321793072
-100.01806321793072
-98.80873666124796
-62.36638830208824
40.515357239689706
51.245917616046086
27.58956354091856
4.012242519789311
-26.114332599161003
21.1522841647228
21.006907645014152
-1.0631846146926591
-39.44204825286943
-19.9671793700777
-2.5296767211253837
18.247887520353515
14.329326443436912
1.3888843557912196
-38.2619388146951
-33.45335063466598
-35.13301677205129
-40.30720768605215
-50.939250640736304
-60.005952384339025
-119.60751955981709
-33.500115742763114
-7.03869625867469
179.7790587892987
-179.7790587892987
57.24477568548127
-549.4277502595569
-237.02383447477996
-229.698990746012
-229.698990746012
-42.12539891463314
-24.991946446855763
-20.42465280436477
61.66777566362725
-123.11693192997313
-73.96686743662599
-57.05994710818243
103.67765243993608
140.4093702352368
5.259051194965423
-160.05856517741364
-164.9414348225863
-160.0585651774138
0.0
129.4307619469006
57.25898688326333
212.34022269248726
-222.9106565312859
-150.095203801073
-82.71329117634696
-171.38343962667045
53.55865552281148
-39.44077243762547
-137.55020526742737
-63.53509481844962
-90.5249635629757
-195.61458436990938
-195.61458436990938
-245.91620498353223
-407.0761679845569
-205.2629155288613
-293.9121983364553
-255.91732446287347
-751.9171329450996
-848.6210250925884
91.21687865025729
0.35200054784024815
-129.82058324509035
117.35810768590997
221.29713384022034
-20.53062891726131
351.19737964181513
112.17879613480453
-20.53062891726131
206.5245894792024
180.92341983329698
151.26523427846178
263.48989684165986
-60.838445349411245
60.99755224596254
175.7071700651187
-51.31264129958754
-113.55014800158767
-184.064256078678
48.701032859987095
-245.15682134306383
70.08211254668254
70.9604108264815
-158.08508261797317
-32.51425607867793
13.362909737592076
110.9706600102669
-87.94592867662493
-91.62139677433674
-90.29965967193232
-85.92807603483982
-110.13187127716424
-96.9065678724437
-113.37094811364307
9.414046965349826
-282.6913259554309
136.95644092512612
-285.50525146879954
127.74654839166942
12.894765856721733
90.90697825784241
0.0
29.089281118152257
-534.9256814815963
-84.07431851840374
111.01446963844683
100.7877423102899
54.53830567330033
-31.18
141.2236422478867
-94.57575368860398
137.8008394143401
2.123285869474387
0.0
1.9671906994494561
0.0
2.0367703020804413
5.684341886080802e-14
0.0
0.0
0.0
0.0
0.0
0.0
0.0
0.0
0.0
0.0
0.0
0.0
-0.0
-0.0
-0.0
0.0
-0.0
-0.0
-0.0
-0.0
-0.0
-0.0
0.0
0.0
0.0
-0.0
-0.0
1.7200861011391666
0.0
1.6895269843870642
0.0
0.0
0.0
0.0
0.0
0.0
0.0
0.0
0.0
0.0
0.0
-0.0
-0.0
-0.0
-0.0
-0.0
-0.0
-0.0
-0.0
0.0
0.0
0.0
0.0
0.0
-0.0
-0.0
1.8589364955432366
0.0
1.8477813606583222
2.842170943040401e-14
0.0
0.0
0.0
0.0
0.0
0.0
0.0
-0.0
-0.0
-0.0
0.0
0.0
-0.0
-0.0
-0.0
1.3596515246835832
0.0
1.048959765251841
0.0
636.0
0.0
382.6615064609139
0.0
0.0
0.0
0.0
0.0
0.0
0.0
0.0
0.0
0.0
0.0
-0.0
-0.0
-0.0
-0.0
0.0
0.0
-0.0
-0.0
-0.0
-0.0
0.0
0.0
0.7209507601596183
0.0
1.837725161858872
2.8421709430404007e-13
0.9
3.0
0.26
0.26
0.6
1.35
0.27
0.27
0.14
0.14
0.14
0.31
0.13
0.13
0.13
0.65
0.45
0.09
0.09
0.09
1.0
0.2
0.2
0.57
0.57
1.9
0.57
0.57
0.57
0.57
1.38
0.9
0.9
1.38
3.0
0.0
95.18000000000005
320.0
0.0
0.0
943.5
114.34999999999987
0.0
0.0
0.0
0.0
0.0
0.0
0.0
0.0
0.0
0.0
0.0
0.0
0.0
0.0
0.0
0.0
0.0
0.0
0.0
0.0
0.0
0.0
0.0
0.0
0.0
0.0
0.0
0.0
0.0
0.0
0.0
0.0
0.0
0.0
0.0
0.0
0.0
0.0
0.0
0.0
0.0
0.0
1.7839088675639054
0.0
1.9607758241411037
0.0
1.8355620133524297
0.0
30.819522608750002
0.0
1.7851885286374172
0.0
1.8108847471842582
5.684341886080802e-14
1.5510427892412109
3.154809746774845e-12
0.0
0.0
0.0
0.0
42.000016505625
0.0
0.0
0.0
20.0
0.0
-0.0
-0.0
-0.0
-0.0
0.0
0.0
1.7611968846069423
0.0
62.6
65.33270479625
0.0
0.0
1.778104150781438
0.0
1.7710074802050029
0.0
1.657885773359614
0.0
1.4327164881480225
4.263256414560601e-14
0.9512508424502713
2.1458390619955026e-12
0.0
0.0
30.1
2.5880763855
15.05314728165625
7.0179387034375
3.7321666542812504
0.77908145896875
62.6
4.6
0.0
0.0
0.0
0.0
0.0
0.0
0.8411306601192301
0.0
154.4
0.0
672.3
0.0
0.0
0.0
712.0
0.0
0.0
0.0
0.0
0.0
0.0
0.0
-0.0
0.0
0.0
0.0
-0.0
-0.0
-0.0
-0.0
-0.0
0.4277318470552389
0.0
0.0
677.8
0.0
0.0
0.0
0.0
0.0
0.0
0.0
0.0
0.0
0.0
0.0
0.0
0.0
0.0
0.0
0.0
-0.0
-0.0
-0.0
-0.0
-0.0
-0.0
0.0
-0.0
0.0
0.0
0.0
0.5014654797017792
2.2737367544323206e-13
3.460067128406248
5.858910398968749
12.3788291908125
11.53571548121875
11.6852724240625
7.0116603755
1.7763568394002505e-15
0.0
0.0
0.0
0.0
0.0
1.5545203253578315
9.663381206337363e-13
1.7244234332070798
0.0
1.7985392022484143
2.842170943040401e-14
1.2503706629295408
0.0
31.0090388771875
10.730570758281251
0.0
0.0
1.7684275633909934
5.684341886080802e-14
0.65
126.7728468478125
0.0
0.0
1.5576891638544508
0.0
1.5999750888603135
0.0
3.0
0.6
0.6
7.5
0.0
0.0
0.0
0.0
0.0
0.0
0.0
0.05
0.0
0.0
0.0
0.0
0.0
0.0
0.0
0.0
0.0
0.0
0.0
0.0
0.0
0.0
-0.0
0.0
-0.0
1.3641483276714883
0.0
1.371536188997637
4.973799150320701e-14
0.0
0.0
0.0
0.0
0.0
0.0
-0.0
-0.0
-0.0
1.3726841298184782
2.842170943040401e-14
1.3431399179275143
0.0
1.1850656081662159
0.0
1.3286420737555655
2.1316282072803006e-14
0.0
0.0
0.0
-0.0
0.0
1.2989723662032961
5.684341886080802e-14
1.283054291070913
2.1316282072803006e-14
0.0
0.0
0.0
0.0
-0.0
-0.0
-0.0
1.173505503431448
2.1316282072803006e-14
1.286435272195388
7.105427357601002e-15
1.1151313345900524
2.1316282072803006e-14
1.0333545656336263
4.263256414560601e-14
0.0
7.43
0.0
0.0
0.9472986922739723
0.0
0.8723059404233702
0.0
0.8836869400932343
0.0
0.0
98.2
0.0
41.05
0.0
0.0
0.0
0.0
-0.0
-0.0
-0.0
0.8534615323902695
0.0
0.8850542471865275
0.0
0.9260661420048244
6.394884621840902e-14
0.9425576122228687
7.105427357601002e-15
0.9498676410133484
0.0
0.0
0.0
55.922706342187496
0.0
0.0
0.0
-0.0
-0.0
-0.0
-0.0
0.0
0.0
0.9185702426753188
1.7621459846850485e-12
0.0
0.0
20.950000000000003
1.43222335628125
0.0
0.0
0.0
0.0
-0.0
-0.0
-0.0
-0.0
-0.0
-0.0
0.9182705262310868
0.0
75.0
25.200000000000003
0.0
0.0
0.0
0.0
-0.0
-0.0
0.0
0.9154048205859242
6.252776074688882e-13
0.9115133519194369
0.0
0.9279954771828809
0.0
97.98
97.98
15.5
0.0
0.0
0.0
0.8285438035588601
6.821210263296962e-13
0.7491269653127404
5.684341886080802e-14
97.98
3.1799999999999926
20.62
0.0
0.0
0.0
0.7330397802882076
0.0
0.0
97.98
0.0
0.0
-0.0
0.0
-0.0
0.7279394049790295
3.979039320256561e-13
0.7572516875288846
0.0
0.7203127673079464
0.0
636.0
6.91
0.0
0.0
0.0
0.0
0.0
0.0
-0.0
-0.0
-0.0
-0.0
0.0
0.0
0.6501933637396418
0.0
558.9
25.4
0.0
0.0
0.6501987907663516
0.0
0.7062437366528171
0.0
0.6291125793377796
7.105427357601002e-15
74.05
45.55
87.71
40.00999999999999
51.68375088375
0.0
0.0
0.0
0.0
0.0
0.6683164842792255
0.0
320.0
0.0
0.8527542753572348
2.8421709430404007e-13
0.7967976815641205
5.684341886080802e-14
325.0
0.0
0.5130741074699432
0.0
0.7967976815641205
0.0
100.0
0.0
1.023882127048176
0.0
0.9332684200311636
0.0
25.4
13.999999999999993
13.01543827771875
0.0
0.0
0.0
0.8229581036047535
1.4210854715202004e-14
37.39999999999999
29.549999999999997
0.0
0.0
0.0
0.0
0.0
0.0
-0.0
-0.0
0.0
0.0
-0.0
-0.0
0.5794224075274497
0.0
0.5854353988554681
4.263256414560601e-14
0.5745770633044716
0.0
140.0
20.62
80.67
25.049999999999997
0.0
0.0
0.0
0.0
0.5072872171979483
0.0
0.5860903360643444
0.0
32.5585247253125
113.560900753125
2.3087744650937503
0.0
0.0
0.0
0.34605736450865177
0.0
0.18391410191331037
8.242295734817162e-13
-0.10709524014799277
0.0
0.0
0.0
0.0
0.0
0.0
0.0
0.0
0.0
-0.0
0.0
-0.0
-0.0
-0.0
-0.0
-0.0
-0.0
-0.0
-0.0
-0.0
-0.0
-0.28088208310802676
4.263256414560601e-14
-1.2711875600662854
1.1368683772161603e-13
422.42224857210635
479.41241552942085
0.0
0.0
-3.141592653589793
0.0
-0.17873339272368893
8.526512829121202e-14
336.5
595.0
0.0
0.0
-0.26481538232483626
0.0
0.0
0.0
0.0
0.0
0.0
0.0
0.0
0.0
-0.0
-0.0
-0.0
0.0
0.0
-0.0
-0.04275821680675218
0.0
0.0
0.0
0.0
0.0
0.0
0.0
-0.0
-0.0
-0.0
-0.0
-0.0
-0.0
-0.0
-0.0
-0.0
-0.05810821260268595
0.0
110.25
110.25
0.0
0.0
214.987444640625
0.0
0.0
0.0
0.0
0.0
-0.08146370860261598
0.0
0.10528245921229695
9.947598300641403e-14
0.22603148559682706
2.8421709430404007e-13
0.34201752614091774
0.0
0.3824038605303066
2.842170943040401e-14
0.45209123820624697
3.907985046680551e-14
0.3821681421354235
0.0
110.0
24.0
17.549999999999997
0.0
0.0
0.0
0.0
0.0
0.12338385600901525
5.684341886080802e-14
0.0
0.0
0.0
0.0
0.0
0.0
0.0
0.0
51.09875897687499
242.237236090625
0.0
0.0
0.0
0.0
0.0
0.0
0.0
0.0
7.105427357601002e-15
0.0
-0.0
-0.0
-0.0
0.0
-0.0
-0.0
-0.0
-0.0
-0.0
-0.0
-0.0
-0.0
-0.0
-0.0
-0.0
-0.0
-0.0
-0.0
-0.0
0.0
0.0
0.09508263093623137
0.0
0.09784190499921541
0.0
-0.013180317957144805
0.0
0.36
0.36
0.48
0.48
0.48
0.48
0.28
0.19
0.19
0.19
0.56
0.56
3.75
0.69
0.69
0.36
0.9
0.9
0.32
0.27
0.18
0.9
0.56
0.0
0.0
0.0
0.0
0.0
0.0
0.0
0.0
0.0
0.0
0.0
0.0
0.0
0.0
0.0
0.0
0.0
0.0
0.0
0.0
0.0
0.0
0.0
0.0
0.0
0.05633614145336985
0.0
245.18251306250002
0.0
-0.0711332045682429
5.684341886080802e-14
53.150000000000006
152.761091653125
0.0
0.0
-0.10582029599804965
1.4210854715202004e-13
-0.0997539296697294
0.0
0.0
0.0
667.94
0.0
0.0
0.0
0.0
0.0
0.0
0.0
0.0
0.0
0.0
0.0
0.0
0.0
0.0
0.0
-0.0
-0.0
-0.0
-0.0
-0.0
-0.0
0.0
0.0
0.0
0.0
0.0
0.0
-0.0
-0.0
-0.0
-0.0
-0.0
-0.0
-0.5975375232449922
0.0
-0.014988752844986575
0.0
0.019569893713137887
0.0
108.63081277593751
0.0
0.08293329234395008
7.105427357601002e-14
0.0
0.0
0.0
0.0
0.0
0.0
0.0
0.0
0.0
0.0
0.0
0.0
0.0
0.0
0.0
0.0
0.0
0.0
-0.0
-0.0
-0.0
-0.0
-0.0
-0.0
-0.0
0.0
0.0
-0.0
-0.0
-0.0
-0.0
-0.0
-0.0
-0.0
-0.0
-0.0
-0.0
-0.0
-0.0
-0.0
-0.0
-0.0
-0.0
-0.0
-0.0
0.08293329234395008
0.0
0.0
0.0
0.0
0.0
0.0
1.35
0.0
0.0
86.92479146874999
0.0
0.0
0.0
0.0
0.0
0.0
4.65
0.0
0.0
-0.0
-0.0
-0.0
-0.0
0.0
0.0
-0.0
-0.0
-0.0
0.0
-0.0
0.0
0.0
0.0
-0.0
0.10011990714822838
0.0
619.0
0.0
1.3896412400064069
0.0
1.624778028604597
1.4210854715202004e-14
1.6303027185486094
0.0
4.109999999999999
20.62
0.0
0.0
0.6281110143375893
0.0
1.9817064953603074
0.0
0.8925371362794392
1.4210854715202004e-14
-156.25142144622117
-204.04614951076104
-382.9463251898082
-321.5215904478276
313.72131698097223
-53.630456180905185
-1018.6615064609139
1235.4886131018836
-1018.6615064609139
170.9870068490934
217.29938048327222
-274.57293005879
-297.53544130361956
-158.03839657283493
-187.8602738334083
168.33195933564446
73.05961214776926
-71.84422893259887
-25.83255626307573
32.34517939048715
-535.8026072084194
-144.27648970856933
416.1467235381118
34.29465755606134
-6.06553040720371
-17.98065445687189
-133.2411153008378
-232.1332837116828
-302.8085821949992
-223.82150878054597
-654.3987442437899
-193.0199807412264
691.2812750149833
198.71708515710066
78.59572538384214
774.9281607086787
-216.82710664096976
870.8199807412266
139.08174929281745
-90.97171859483876
525.9655866239164
-213.94761365924307
4.197137080796438
-148.8854017500242
-167.5934506538125
11.254321773378592
-57.13535427698264
-180.86983868181403
31.85000801472279
-223.49372063141163
421.531492749486
-13.677211482751318
-26.290209357971207
-120.93528660842395
-49.040838929862275
-32.68598589255964
-68.56112719375437
-81.1472500988441
-69.80600554240152
-46.23025310733317
-90.76222966124192
-63.46303344731473
-59.04941090574982
-33.657011735806805
-30.151052852961357
-99.08482074944146
-99.08482074944146
-96.71668453905204
-59.852292487103114
42.01158882346738
52.996065412136545
28.046718056105192
4.470965621036839
-25.65360519361832
22.528965493583087
22.37412724677305
-0.423927078121892
-33.14578104558859
-18.978183079710107
-4.028435471111493
19.745600546512946
13.033805996324418
2.683359079077036
-39.26142133342694
-34.605982879135325
-36.34352176508435
-41.578648137412074
-54.77023327209076
-63.66934885028513
-119.16433350850207
-37.767487219596546
-13.564827949508299
184.69460110469117
-184.69460110469117
47.488854409279384
-542.4667793579101
-232.18345551397056
-221.17817372800164
-221.17817372800164
-35.660832205296856
-18.54330626170156
0.014667639757135476
55.21669545594341
-131.75490251163865
-73.43032978473104
-57.143533366006295
105.95649985339992
145.22660714745825
2.8246938605893774
-157.62420784270847
-167.37579215729158
-157.62420784270842
0.0
129.34833838815985
57.10223026873814
217.17371781686188
-223.18647046784224
-164.55114600410212
-88.01393737790772
-177.01151202111924
48.49186554834364
-44.50137521184956
-148.7323511874115
-68.70018126756575
-95.58216773436203
-212.98140236503855
-212.98140236503855
-273.581527675549
-442.4099933680722
-220.4616227807693
-314.05147637707427
-271.11831966422756
-805.1264040496226
-901.8346641015272
100.14577489041108
9.287110279607305
-120.90167078619379
118.11551356966928
222.72534152467142
-18.36123899336212
363.0726212684267
115.97196313064562
-18.36123899336212
220.21953751406227
194.61721151707798
164.9576863684715
267.2489412950531
-68.61722894444028
68.57829438665306
179.94519552073825
-59.09633727432674
-115.85099542501979
-186.36085494459303
59.846216784451144
-225.77388734133945
73.83242119124361
78.74279964603625
-160.38296715696237
-34.81085494459296
2.1864295268146634
122.15275609788557
-99.12698478722268
-73.80283711943775
-81.4783507322727
-80.47307198166743
-99.78857689567599
-85.08146751207369
-91.76479215959847
11.090249229714573
-268.6979383707229
129.20560906562855
-272.0128926483012
119.99530054136335
14.670243181735714
83.15406644430277
0.0
26.854085631685052
-536.2177715098836
-82.78222849011627
109.62232801609855
102.2704361308621
53.12201869030048
-24.73
141.28401985739845
-84.68042360017478
127.90263358498646
2.0183731288024997
0.0
1.8604301771985927
0.0
1.9325546131624645
5.684341886080802e-14
0.0
0.0
0.0
0.0
0.0
0.0
0.0
0.0
0.0
0.0
0.0
0.0
-0.0
-0.0
-0.0
0.0
0.0
-0.0
-0.0
-0.0
-0.0
-0.0
0.0
0.0
0.0
-0.0
-0.0
1.6194723636331592
0.0
1.5894373426273773
0.0
0.0
0.0
0.0
0.0
0.0
0.0
0.0
0.0
0.0
0.0
-0.0
-0.0
-0.0
0.0
0.0
-0.0
-0.0
-0.0
0.0
0.0
0.0
0.0
0.0
-0.0
-0.0
1.755015742053219
0.0
1.742341308859947
0.0
0.0
0.0
0.0
0.0
0.0
0.0
0.0
-0.0
-0.0
-0.0
-0.0
-0.0
-0.0
0.0
0.0
1.2662365055143523
0.0
0.9693154960808887
0.0
636.0
0.0
337.51150646091395
0.0
0.0
0.0
0.0
0.0
0.0
0.0
0.0
0.0
0.0
0.0
-0.0
-0.0
-0.0
-0.0
-0.0
-0.0
-0.0
-0.0
0.0
0.0
0.0
0.0
0.6558447909891896
0.0
1.7325096727369749
0.0
0.9
3.0
1.3
0.26
0.6
0.27
0.27
0.27
0.14
0.14
0.71
0.31
0.13
0.13
0.13
0.13
0.45
0.09
0.09
0.09
0.2
0.2
0.2
0.57
0.57
0.57
0.57
1.9
0.57
0.57
1.38
0.9
0.9
1.38
3.0
0.0
110.47999999999996
320.0
0.0
0.0
943.5
127.39999999999986
0.0
0.0
0.0
0.0
0.0
0.0
0.0
0.0
0.0
0.0
0.0
0.0
0.0
0.0
0.0
0.0
0.0
0.0
0.0
0.0
0.0
0.0
0.0
0.0
0.0
0.0
0.0
0.0
0.0
0.0
0.0
0.0
0.0
0.0
0.0
0.0
0.0
0.0
0.0
0.0
0.0
0.0
1.6759592992342425
0.0
1.8551675194729453
0.0
1.7278261082151767
2.842170943040401e-14
31.312988876249996
0.0
1.6779318709759083
0.0
1.7040972688680336
0.0
1.4465832579577782
0.0
0.0
0.0
0.0
0.0
43.6277993009375
0.0
0.0
0.0
20.0
0.0
-0.0
0.0
-0.0
-0.0
0.0
-0.0
1.6548586997575834
5.684341886080802e-14
62.6
66.44292254687501
0.0
0.0
1.670615186360152
0.0
1.6685229548864573
2.842170943040401e-14
1.55897104888773
2.842170943040401e-14
1.337825584934782
0.0
0.8628915497499321
0.0
0.0
4.6
0.0
2.62330857396875
15.1170842688125
7.0179420963125
3.732742672656249
0.77922377171875
62.6
0.0
30.1
0.0
0.0
0.0
1.3322676295501878e-15
0.0
0.7521757673416571
0.0
154.4
0.0
634.8
0.0
0.0
0.0
712.0
0.0
0.0
0.0
0.0
0.0
0.0
0.0
0.0
0.0
-0.0
-0.0
0.0
-0.0
0.0
-0.0
0.0
0.3480047683566503
0.0
0.0
677.8
0.0
0.0
0.0
0.0
0.0
0.0
0.0
0.0
81.0
0.0
0.0
0.0
0.0
1.0
0.0
0.0
-0.0
-0.0
1.0
-0.0
-0.0
-0.0
-0.0
-0.0
-0.0
-0.0
0.0
0.41440466138633747
2.2737367544323206e-13
3.489921512125
5.9206919606875
12.38673449015625
11.531093570156248
11.68907175521875
7.02520275159375
0.0
0.0
0.0
0.0
0.0
0.0
1.4625495648208018
0.0
1.630557402494528
0.0
1.7025181807938425
5.684341886080802e-14
1.146799331345938
0.0
30.765481621250004
10.77588846159375
0.0
0.0
1.6716180895885246
0.0
0.0
132.38686371593752
0.8
0.0
1.4629883842492868
3.410605131648481e-13
1.4851185338465562
2.842170943040401e-14
0.6
0.6
0.6
2.25
0.0
0.1
0.4
0.0
0.0
0.0
0.05
0.05
0.0
0.0
0.0
0.0
0.0
0.0
0.0
0.0
0.0
0.0
0.0
0.0
0.0
0.0
-0.0
0.0
-0.0
1.2411665943555992
0.0
1.2483199311538495
1.4210854715202004e-14
0.0
0.0
0.0
0.0
0.0
0.0
-0.0
-0.0
0.0
1.2495323462618053
2.1316282072803006e-14
1.2196107835165755
0.0
1.0614816010317751
0.0
1.198503598508231
2.1316282072803006e-14
0.0
0.0
0.0
-0.0
-0.0
1.1650627771768036
2.842170943040401e-14
1.1461279941286806
0.0
0.0
0.0
0.0
0.0
0.0
-0.0
0.0
1.0282203345293626
0.0
1.151838083568851
0.0
0.9635806191580496
5.3290705182007514e-14
0.8755803246652736
2.842170943040401e-14
0.0
7.43
0.0
0.0
0.7856641464652152
0.0
0.7090129860427195
1.4210854715202004e-14
0.7191437895803401
0.0
0.0
98.2
0.0
54.699999999999996
0.0
0.0
0.0
0.0
-0.0
-0.0
0.0
0.6881419561605782
0.0
0.7201861135998806
0.0
0.7617177085579527
0.0
0.7783239927134962
0.0
0.7859554341484669
0.0
0.0
0.0
58.53305910562501
0.0
0.0
0.0
-0.0
-0.0
-0.0
-0.0
0.0
0.0
0.7548999257240832
1.7337242752546445e-12
0.0
0.0
22.0
1.56521033253125
0.0
0.0
0.0
0.0
-0.0
-0.0
-0.0
-0.0
0.0
0.0
0.7548158648764258
0.0
62.55
37.650000000000006
0.0
0.0
0.0
0.0
0.0
-0.0
0.0
0.751924758378145
1.2789769243681803e-13
0.7474513223221257
8.171241461241152e-14
0.7640172201845559
8.171241461241152e-14
97.98
74.28
23.3
0.0
0.0
0.0
0.6686732709282031
5.400124791776761e-13
0.5854362893443277
0.0
97.98
26.879999999999995
27.07
0.0
0.0
0.0
0.5683495679362998
0.0
0.0
74.28
0.0
0.0
0.0
-0.0
0.0
0.5669275687051689
6.110667527536862e-13
0.5959276067529444
0.0
0.5582355527780107
0.0
636.0
6.91
0.0
0.0
0.0
0.0
0.0
0.0
0.0
0.0
-0.0
-0.0
0.0
0.0
0.48992341478723844
6.224354365258478e-12
596.4
38.3
0.0
0.0
0.47921800075326404
0.0
0.5398927169020133
0.0
0.4684787431286219
0.0
74.05
31.299999999999997
87.71
55.90999999999999
53.40846803468751
0.0
0.0
0.0
0.0
0.0
0.5104107841566639
0.0
320.0
0.0
0.7090479118437312
1.1368683772161603e-13
0.6578147134611112
0.0
325.0
0.0
0.3980407498932701
2.8421709430404007e-13
0.6578147134611112
0.0
100.0
0.0
0.8709012568304155
0.0
0.7773365407896353
2.8421709430404007e-13
38.3
25.699999999999996
13.291458017875
0.0
0.0
0.0
0.6520499536752586
2.842170943040401e-14
49.099999999999994
17.549999999999997
0.0
0.0
0.0
0.0
0.0
0.0
-0.0
-0.0
0.0
0.0
-0.0
-0.0
0.4237155599320017
0.0
0.42955166730039007
0.0
0.41834654101741364
0.0
140.0
27.07
80.67
50.099999999999994
0.0
0.0
0.0
0.0
0.35005813312200296
0.0
0.42665887735678165
0.0
32.52583104312501
113.534155959375
2.2919022586562505
0.0
0.0
0.0
0.20594348040562904
1.1368683772161603e-12
0.052391834449954544
0.0
-0.2253102545510366
4.973799150320701e-14
0.0
0.0
0.0
0.0
0.0
0.0
0.0
0.0
0.0
0.0
0.0
0.0
-0.0
-0.0
-0.0
-0.0
-0.0
0.0
0.0
0.0
-0.3926366001590291
0.0
-1.3413349036114703
0.0
351.09999999999997
516.9124155294209
0.0
0.0
-3.141592653589793
0.0
-0.2957850522621701
0.0
336.5
595.0
0.0
0.0
-0.3855723393755115
0.0
0.0
0.0
0.0
0.0
0.0
0.0
0.0
0.0
-0.0
-0.0
-0.0
-0.0
0.0
0.0
-0.16433343438033354
1.7053025658242404e-13
0.0
0.0
0.0
0.0
0.0
0.0
0.0
0.0
-0.0
-0.0
-0.0
-0.0
-0.0
-0.0
0.0
-0.1807480808658064
0.0
84.44999999999999
110.25
0.0
0.0
221.634013159375
0.0
0.0
0.0
0.0
0.0
-0.2057234760013089
0.0
-0.026384163306525377
0.0
0.08796923479583718
0.0
0.20181876124782905
2.842170943040401e-14
0.23950713462295603
0.0
0.3022208746840209
0.0
0.2306235788842339
0.0
91.7
12.0
29.549999999999997
0.0
0.0
0.0
0.0
0.0
-0.012342890908255022
0.0
0.0
0.0
0.0
0.0
0.0
0.0
0.0
0.0
52.65779360656251
242.25135982187504
0.0
0.0
0.0
0.0
0.0
0.0
0.0
0.0
0.0
0.0
0.0
0.0
0.0
0.0
0.0
0.0
0.0
-0.0
-0.0
-0.0
-0.0
-0.0
-0.0
-0.0
-0.0
-0.0
-0.0
-0.0
-0.0
-0.0
-0.0
-0.04703589942349273
0.0
-0.03660949400922364
0.0
-0.1408328299732453
0.0
0.36
0.36
0.48
0.48
0.48
0.48
0.28
0.19
0.19
0.95
0.56
0.56
3.75
0.69
0.69
0.36
0.9
0.9
0.32
0.27
0.18
0.9
0.56
0.0
0.0
0.0
0.0
0.0
0.0
0.0
0.0
0.0
0.0
0.0
0.0
0.0
0.0
0.0
0.0
0.0
0.0
0.0
0.0
0.0
0.0
0.0
0.0
0.0
-0.09257670445935995
0.0
252.69528528125005
0.0
-0.22441710108116242
0.0
79.7
155.2598941
0.0
0.0
-0.2593795625847175
1.5631940186722204e-13
-0.24585524107415768
0.0
0.0
0.0
640.1
0.0
0.0
0.0
0.0
0.0
0.0
0.0
0.0
0.0
0.0
0.0
0.0
0.0
0.0
0.0
-0.0
0.0
0.0
0.0
-0.0
-0.0
-0.0
-0.0
-0.0
-0.0
-0.0
-0.0
0.0
0.0
0.0
0.0
0.0
0.0
-0.7218885283185563
0.0
-0.1714591999504802
0.0
-0.1380933144676617
5.684341886080802e-14
112.3921652103125
0.0
-0.0778871335071849
0.0
0.0
0.0
0.0
0.0
0.0
0.0
0.0
0.0
0.0
0.0
0.0
0.0
0.0
0.0
0.0
0.0
0.0
0.0
-0.0
-0.0
-0.0
-0.0
-0.0
0.0
-0.0
-0.0
-0.0
-0.0
-0.0
-0.0
-0.0
-0.0
-0.0
-0.0
-0.0
-0.0
0.0
0.0
0.0
0.0
0.0
0.0
0.0
0.0
0.0
-0.0778871335071849
0.0
0.0
0.0
0.0
0.0
0.0
1.35
4.65
0.0
89.239046875625
0.0
0.0
0.0
0.0
0.0
0.0
0.0
0.0
0.0
-0.0
0.0
-0.0
-0.0
0.0
-0.0
-0.0
-0.0
-0.0
-0.0
0.0
0.0
0.0
0.0
-0.0
-0.06515404463306318
0.0
619.0
0.0
1.286441847828561
0.0
1.5312630203568682
1.4210854715202004e-14
1.5369858601622797
2.842170943040401e-14
13.26
27.07
0.0
0.0
0.46684537812831156
0.0
1.8738698207875721
0.0
0.7295767498774661
0.0
-158.10105265640584
-202.4021595251475
-376.37870932156153
-317.70117641248123
306.62666562794095
-60.93477497155129
-973.511506460914
1210.4900266211728
-973.511506460914
164.29841438456526
209.7834752591889
-288.52231377098724
-299.46571091161144
-160.37207120513858
-195.24120480881805
167.79459196733262
73.3618231695649
-72.51867778424446
-25.586788326806527
33.738572691523586
-529.401860349094
-142.98390390457735
412.42661746659996
31.96041907336121
-1.788232028797097
-18.570265522297632
-129.03640287671226
-227.9850143730837
-298.70065105487436
-225.0320780430971
-643.6084767416025
-173.8217094938036
683.7698137645939
196.50039489385267
76.31047539243582
772.63898622425
-236.97852016025877
851.6217094938038
143.97621984994112
-93.35374985716663
520.4655979816396
-211.80680736839793
0.5812177859597796
-154.99464399459418
-173.86582672457735
11.886422627471006
-57.764884593302895
-186.97728896140916
31.2154921908309
-229.31713653490624
421.67782001217756
-19.91243868679885
-32.4690513906437
-157.99579689071896
-55.2740848458883
-38.88045799774841
-74.77729105983826
-87.33900710580315
-76.71453317281771
-53.14010159647535
-97.66958319502771
-66.30986592532133
-60.35524442692065
-35.19595602370828
-33.39364781142626
-105.28742363684808
-105.28742363684808
-100.77331639997112
-61.389769154182886
42.6119114870711
53.704928757261655
28.241979854558508
4.667548278216145
-25.455334772608808
23.099643444530557
22.94088301259209
-0.11889794576688928
-31.15358477873906
-19.14640065002368
-4.630886184697488
20.347170687794915
12.518076399670463
3.198208103426964
-37.60429777449792
-33.16792328666378
-34.833258343842544
-39.91779145329008
-57.404814884283155
-66.88246866461304
-126.56830671917282
-32.99237190033227
-3.781912848631009
188.4602698746669
-188.4602698746669
37.73886253515502
-579.6736169028968
-226.1991324098219
-227.3383628295146
-227.3383628295146
-40.233746764273405
-23.106710942845098
-28.93355144635734
59.778045468152754
-134.02919786635516
-71.4910733923507
-54.85529999967207
113.32984062880246
156.40718715454545
-10.480645319974201
-144.31886866034597
-180.68113133965414
-144.31886866034614
0.0
122.33812923920141
48.43165173768648
218.79160378482766
-230.4549655997094
-154.279995778025
-85.83685566789666
-176.8989399120161
47.0653820029446
-45.9226487036625
-151.87098310580518
-70.14993029663955
-97.00057936584949
-207.0290384951577
-207.0290384951577
-255.3013828943822
-418.9676560193895
-210.3803704620284
-300.6948882601385
-261.0395406470874
-771.2994337189111
-868.0124155294209
94.95249794170559
4.083387736272016
-126.10574032570912
117.68026861069058
221.90461883375883
-19.63474460306827
356.13636315284657
113.75639681326697
-19.63474460306827
211.48503855178535
185.88146252835213
156.22048925899367
262.3260977658082
-60.74230687307511
63.32764947235421
174.38193302872696
-51.21762147483912
-110.58755021706031
-175.9228271977471
53.79239883240666
-232.7674727872926
68.90013414478938
70.86298313083114
-155.11702699391662
-42.6728271977471
8.261810945899128
116.08344551100618
-93.05654997234296
-86.74439055535231
-86.95156943446932
-83.23257362314394
-102.64791269509374
-86.82067320842134
-92.4932844183275
24.72453658373638
-252.73713973060842
125.06452724561518
-260.12747935343646
115.8537690301498
8.102355736910681
79.01073616828876
0.0
19.895451365815006
-532.0312628537165
-86.9687371462835
111.55986291374495
100.45383984343505
55.02730581906087
-40.33
141.36465825520565
-99.2927045990051
142.51249300964332
1.8775552083232245
0.0
1.7197269731665568
0.0
1.7916227197241419
0.0
0.0
0.0
0.0
0.0
0.0
0.0
0.0
0.0
0.0
0.0
0.0
0.0
-0.0
-0.0
0.0
0.0
-0.0
-0.0
-0.0
-0.0
-0.0
-0.0
0.0
0.0
0.0
0.0
0.0
1.4779673086645566
0.0
1.4479109736631859
2.5011104298755527e-12
0.0
0.0
0.0
0.0
0.0
0.0
0.0
0.0
0.0
0.0
-0.0
0.0
0.0
0.0
0.0
-0.0
-0.0
-0.0
0.0
0.0
0.0
0.0
0.0
-0.0
-0.0
1.6139669559138357
0.0
1.6014438271540277
0.0
0.0
0.0
0.0
0.0
0.0
0.0
-0.0
-0.0
-0.0
0.0
-0.0
-0.0
-0.0
0.0
0.0
1.1241998293990871
0.0
0.8315387494064912
0.0
636.0
0.0
323.54452468583145
0.0
0.0
0.0
0.0
0.0
0.0
0.0
0.0
0.0
0.0
0.0
-0.0
-0.0
0.0
0.0
-0.0
-0.0
-0.0
-0.0
0.0
0.0
0.0
0.0
0.5225654124465304
0.0
1.5911260580494426
0.0
0.0
3.0
1.3
0.0
3.0
0.0
0.0
1.35
0.71
0.71
0.71
0.0
0.65
0.65
0.65
0.65
0.45
0.45
0.45
0.45
0.0
1.0
1.0
0.57
0.57
1.9
0.57
0.57
1.9
0.0
1.38
3.0
3.0
4.6
3.0
0.0
94.57999999999996
320.0
0.0
0.0
943.5
114.19999999999986
3.0
0.0
0.0
1.3
0.0
1.35
1.35
0.0
0.0
0.0
0.0
1.57
0.0
0.0
0.0
0.0
0.0
0.0
0.0
0.0
1.0
0.0
0.0
0.0
0.0
0.0
0.0
0.0
0.0
1.9
0.0
0.0
0.0
0.0
0.0
0.0
0.0
0.0
-0.0
0.0
0.0
0.0
1.5352896386623227
0.0
1.7112487019452516
8.526512829121202e-14
1.5839916564475596
2.842170943040401e-14
31.748206232499996
0.0
1.5252860944126603
2.2737367544323206e-13
1.5593035929195587
5.684341886080802e-14
1.2927479466353278
2.3874235921539366e-12
0.0
0.0
0.0
0.0
45.161586258437495
0.0
0.0
0.0
20.0
0.0
-0.0
-0.0
-0.0
-0.0
0.0
0.0
1.5000629129281284
0.0
62.6
67.382809808125
0.0
0.0
1.5155486056847254
0.0
1.504315015237335
5.684341886080802e-14
1.3880836223639967
0.0
1.1592657133304458
0.0
0.6717071731849513
0.0
62.6
4.6
30.1
2.648135168218751
15.115373179187499
7.0179444276875
3.7332116222812504
0.77933147021875
0.0
0.0
0.0
0.0
0.0
0.0
0.0
0.0
0.5296287216686091
0.0
154.4
0.0
597.3
0.0
0.0
0.0
712.0
0.0
0.0
0.0
0.0
0.0
0.0
0.0
0.0
0.0
-0.0
-0.0
-0.0
-0.0
-0.0
-0.0
0.0
0.18843177577133607
0.0
0.0
677.8
0.0
0.0
0.0
0.0
0.0
0.0
0.0
0.0
81.0
0.0
0.0
0.0
0.0
1.0
0.0
0.0
0.0
-0.0
-0.0
-0.0
-0.0
-0.0
-0.0
-0.0
-0.0
-0.0
0.0
0.2577639282475257
0.0
3.51437469975
5.9473057815625
12.39292879515625
11.521432807531248
11.69059893221875
7.01452207109375
0.0
0.0
0.0
0.0
0.0
0.0
1.2937477699797473
6.252776074688882e-13
1.4629804520045635
5.684341886080802e-14
1.5362437327664615
0.0
0.9967600199955289
0.0
30.556473642500002
10.80316857359375
0.0
0.0
1.505776843842165
0.0
0.65
137.6378836884375
0.0
0.0
1.2905632732528494
0.0
1.3336425244672956
2.4868995751603507e-14
0.0
0.0
3.0
2.25
0.0
0.0
0.0
0.15
0.0
0.3
0.0
0.0
0.0
3.0
3.0
0.0
0.0
0.0
0.0
0.0
0.0
0.0
0.0
0.0
0.0
0.0
-0.0
-0.0
0.0
1.0908515709661257
0.0
1.0980794843393094
7.105427357601002e-15
0.0
0.0
0.0
0.0
0.0
0.0
0.0
-0.0
0.0
1.0992711286161825
1.4210854715202004e-14
1.0694730607580585
0.0
0.9122962091880833
1.1368683772161603e-13
1.048629361804963
0.0
0.0
0.0
0.0
-0.0
-0.0
1.0153403498742248
5.684341886080802e-14
0.9965264695383969
1.0658141036401503e-13
0.0
0.0
0.0
0.0
0.0
-0.0
-0.0
0.8789583140207835
0.0
1.0030228829833332
0.0
0.8169587771991274
0.0
0.7297650430131983
0.0
0.0
0.0
0.0
0.0
0.6429856724224372
2.1316282072803006e-14
0.5628973224435332
0.0
0.5719145138888808
1.0658141036401503e-14
0.0
98.2
0.0
68.35
0.0
0.0
0.0
0.0
0.0
-0.0
0.0
0.5396976056824427
0.0
0.5730305903250343
0.0
0.6160875951487359
0.0
0.6330545732158361
0.0
0.6416915291961001
0.0
0.0
0.0
61.254625760625004
0.0
0.0
0.0
-0.0
-0.0
-0.0
-0.0
0.0
0.0
0.6113887582219251
1.0231815394945443e-12
0.0
0.0
22.0
1.68801858415625
0.0
0.0
0.0
0.0
-0.0
-0.0
-0.0
-0.0
0.0
0.0
0.6118683525434463
0.0
75.0
25.200000000000006
0.0
0.0
0.0
0.0
-0.0
-0.0
0.0
0.6087258363871229
4.689582056016661e-13
0.6025943645688869
0.0
0.6194240802576898
6.572520305780927e-14
97.98
50.58
15.5
0.0
0.0
0.0
0.5313160837143442
3.979039320256561e-13
0.4399234600350299
1.7053025658242404e-13
74.28
50.58
20.62
0.0
0.0
0.0
0.4232543851832684
0.0
0.0
97.98
0.0
0.0
0.0
-0.0
-0.0
0.4165276093567192
0.0
0.4544608056672872
0.0
0.4146394180801294
0.0
636.0
6.91
0.0
0.0
0.0
0.0
0.0
0.0
-0.0
-0.0
-0.0
-0.0
0.0
0.0
0.34480121212851067
0.0
596.4
51.199999999999996
0.0
0.0
0.32978699744797746
0.0
0.39001027742622174
2.1316282072803006e-14
0.32507063383189116
6.394884621840902e-14
74.05
17.049999999999997
87.71
40.00999999999999
55.026755062187505
0.0
0.0
0.0
0.0
0.0
0.36713538504149
0.0
320.0
0.0
0.5461239901710826
1.1368683772161603e-13
0.48974712009384946
1.7053025658242404e-13
325.0
0.0
0.20389256765817532
0.0
0.48974712009384946
0.0
100.0
0.0
0.715925848304328
0.0
0.624721842026907
4.547473508864641e-13
51.199999999999996
13.999999999999995
13.531384216125
0.0
0.0
0.0
0.5013765461704578
0.0
60.8
29.549999999999997
0.0
0.0
0.0
0.0
0.0
0.0
0.0
-0.0
-0.0
-0.0
-0.0
0.0
0.2779870457723477
0.0
0.2841702915782056
2.842170943040401e-14
0.2736497538328697
0.0
140.0
27.07
80.67
25.049999999999997
0.0
0.0
0.0
0.0
0.20733894482715254
0.0
0.2834940583439347
0.0
32.490293635625
113.510452309375
2.2746145190312506
0.0
0.0
0.0
0.07402684808929072
0.0
-0.0696902891555089
0.0
-0.3321596261360127
0.0
0.0
0.0
0.0
0.0
0.0
0.0
0.0
0.0
0.0
0.0
0.0
0.0
-0.0
-0.0
-0.0
-0.0
0.0
-0.0
-0.0
-0.0
-0.4920903216161543
0.0
-1.4037610161113439
2.2737367544323206e-13
358.5006207840074
479.41241552942085
0.0
0.0
-3.1415926535897927
0.0
-0.39690932974689197
0.0
299.0
595.0
0.0
0.0
-0.48786983893181546
2.5579538487363607e-13
0.0
0.0
0.0
0.0
0.0
0.0
0.0
0.0
-0.0
-0.0
-0.0
-0.0
0.0
0.0
-0.26986091976487625
5.684341886080802e-14
0.0
0.0
0.0
0.0
0.0
0.0
0.0
0.0
-0.0
-0.0
-0.0
-0.0
-0.0
-0.0
0.0
-0.2904338353954765
0.0
58.64999999999999
110.25
0.0
0.0
227.725754046875
0.0
0.0
0.0
0.0
0.0
-0.3217361663605889
0.0
-0.15524910471368614
0.0
-0.051991693742010625
0.0
0.06290305495750648
0.0
0.10190401521215131
1.1368683772161603e-13
0.16212803485300054
0.0
0.08120454733937965
0.0
110.0
24.0
17.549999999999997
0.0
0.0
0.0
0.0
0.0
-0.17849202267910913
5.684341886080802e-14
0.0
0.0
0.0
0.0
0.0
0.0
0.0
0.0
54.012340285312504
242.25936319687503
0.0
0.0
0.0
0.0
0.0
0.0
0.0
0.0
0.0
0.0
0.0
0.0
0.0
-0.0
-0.0
-0.0
-0.0
-0.0
-0.0
-0.0
0.0
-0.0
-0.0
-0.0
-0.0
-0.0
-0.0
-0.0
0.0
0.0
0.0
-0.20755399723545276
0.0
-0.17802651948689618
2.842170943040401e-14
-0.26530315715264763
2.842170943040401e-14
0.0
0.0
0.0
1.6
0.0
0.0
0.95
0.95
0.0
0.0
0.0
1.88
0.0
2.29
0.0
1.2
0.0
0.0
1.6
0.0
0.9
3.0
0.0
0.0
1.2
1.2
1.6
0.0
1.6
1.6
0.0
0.0
0.95
0.95
1.88
0.0
3.75
0.0
2.29
0.0
3.0
3.0
0.0
0.9
0.0
0.0
1.88
0.0
-0.26930125072382793
0.0
260.03303206875006
0.0
-0.4175022355791067
0.0
106.25
157.78564961249998
0.0
0.0
-0.4596327280516057
1.7053025658242404e-13
-0.4447339801915442
2.842170943040401e-14
0.0
0.0
667.85
0.0
0.0
0.0
0.0
0.0
0.0
0.0
0.0
0.0
0.0
0.0
0.0
0.0
0.0
0.0
0.0
0.0
0.0
0.0
0.0
0.0
-0.0
-0.0
-0.0
-0.0
-0.0
-0.0
0.0
-0.0
-0.0
-0.0
0.0
0.0
-0.9468404726514028
0.0
-0.36706479690138494
1.4210854715202004e-14
-0.33179504867344267
4.263256414560601e-14
116.1425160340625
0.0
-0.26655283214011316
0.0
0.0
0.0
0.0
0.0
0.0
0.0
0.0
0.0
0.0
0.0
0.0
0.0
0.0
0.0
0.0
0.0
0.0
0.0
-0.0
-0.0
-0.0
-0.0
-0.0
-0.0
-0.0
-0.0
-0.0
-0.0
-0.0
-0.0
-0.0
-0.0
-0.0
-0.0
-0.0
-0.0
0.0
0.0
0.0
0.0
0.0
-0.0
0.0
0.0
0.0
-0.26655283214011316
0.0
0.0
0.0
0.0
0.0
0.0
0.0
0.0
0.0
91.479442248125
-0.0
0.0
0.0
0.0
0.0
1.35
3.9000000000000004
0.0
0.0
0.0
0.0
-0.0
-0.0
0.0
-0.0
-0.0
-0.0
-0.0
-0.0
0.0
-0.0
0.0
0.0
-0.0
-0.2514102683773305
0.0
619.0
0.0
1.1302060518635528
0.0
1.3603890905466383
7.105427357601002e-15
1.3663730186517986
0.0
4.109999999999999
27.07
0.0
0.0
0.32380784383165123
0.0
1.7332846888689675
0.0
0.5778723034241611
2.842170943040401e-14
-157.9862213778881
-202.67096367383976
-376.6458019980935
-318.25161671419676
307.51107826654504
-60.20734981062344
-959.5445246858314
1212.4012893592476
-959.5445246858314
164.47492642099337
209.9927923804148
-284.87969073237855
-299.41125724260536
-160.2081756636369
-194.57114264990008
164.32646222725202
68.88545655613586
-76.08944662055035
-30.10541642694932
28.793710131298553
-532.1239078524545
-148.00424558961004
410.52468576937133
31.41114149530472
-9.601359356734179
-24.714438395872094
-136.90387858610018
-235.89475156918542
-306.6405912815683
-288.7773404514921
-604.0942467670188
-181.49778134293274
678.1079718900482
197.93296138601852
77.69170812044558
762.85548114026
-252.85676467341614
859.2977813429325
136.29487984762045
-92.04498163667006
536.7355594453986
-218.49093452323064
-4.217876458645833
-154.05431667627704
-171.94211932133442
11.682787028614257
-57.5581963517684
-186.03483359470528
31.416259891788968
-227.43095961025756
419.1382709056602
-19.66386693656807
-32.22185171450565
-156.4144644707468
-55.02316021664649
-38.63219780827478
-74.52570264783128
-87.08752260084952
-75.82074400144836
-52.247881011166896
-96.77439972495552
-63.99658597759901
-63.061692896522345
-37.60378758385457
-37.11954681774489
-105.03427502062789
-105.03427502062789
-102.18679426343846
-63.795857840910344
44.32577744883645
55.75911639881019
28.855404874173928
5.282541883892463
-24.83833686263722
24.806627173016977
24.636134894450784
0.6783512327029939
-27.883998274221085
-20.81136527274907
-6.347279312671276
22.062518091942138
11.074786611528793
4.640452167741955
-34.92048604821184
-30.840538913303526
-32.38901785154508
-37.327279349657715
-63.02939563964571
-72.04113235765249
-123.47462852477611
-41.70383364425538
-17.890361240250513
199.10693793578776
-199.10693793578776
32.14539964217829
-575.5527353764069
-231.25233757796605
-228.41197852843425
-228.41197852843425
-39.789271515145174
-22.664386265359553
-40.57895860049962
59.333280768137456
-123.31611435387367
-70.46865997119085
-53.25994464077803
113.68851679520571
140.93590955029663
4.008570716911208
-158.80808469919043
-166.19191530080957
-158.80808469919026
0.0
128.3460756839504
55.74315734801246
211.1364401397352
-224.64040953277612
-150.93885162577845
-88.26568244460731
-173.4541252028664
49.86488553091465
-43.11695797544871
-145.6661875085831
-67.28390566343636
-94.19149003479788
-205.82463114907932
-205.82463114907932
-239.10925880463958
-392.1340715465344
-198.840406809775
-285.4054273485486
-249.50186494428016
-741.195686598503
-837.9130363134283
93.31469791458767
2.439585366750407
-127.7535241340845
115.96219104253338
218.66491389095313
-24.608750758342467
328.97756948087067
105.08138681830897
-24.608750758342467
196.3290821276405
170.7243497572282
141.06203688999847
264.7344439578037
-57.9312800134561
52.59842853843304
177.09517713304388
-48.40568521691432
-116.79110878170479
-187.2965861665898
38.705820037000194
-268.21086808677796
71.29974452795261
68.04973971772188
-161.31762267411813
-35.746586166589736
23.397367469901155
100.9535048638453
-77.92556934816116
-117.6138161830354
-102.91580310304755
-93.56122781072975
-117.12706297386825
-103.57204495723118
-111.4563293132789
27.237199014406883
-266.23374020302657
131.67557776767887
-274.3751324758121
122.46440356140522
1.5159506803632894
85.6197067363106
0.0
23.660255879347915
-540.0062948882813
-78.99370511171855
114.09447269496673
98.0097822604373
57.53777023963107
-31.18
141.42503586471742
-97.40028815530019
140.61720082501392
2.50137916991586
0.0
2.346271390449159
0.0
2.414273887969051
0.0
0.0
0.0
0.0
0.0
0.0
0.0
0.0
0.0
0.0
0.0
0.0
0.0
0.0
0.0
-0.0
-0.0
-0.0
-0.0
-0.0
-0.0
-0.0
-0.0
0.0
0.0
-0.0
0.0
0.0
2.0946261558528887
0.0
2.0637862003110765
1.2732925824820995e-11
0.0
0.0
0.0
0.0
0.0
0.0
0.0
0.0
0.0
0.0
0.0
-0.0
-0.0
0.0
0.0
-0.0
-0.0
-0.0
0.0
0.0
0.0
-0.0
-0.0
-0.0
-0.0
2.235979562741517
0.0
2.225811376047555
2.842170943040401e-14
0.0
0.0
0.0
0.0
0.0
0.0
-0.0
-0.0
-0.0
-0.0
-0.0
-0.0
0.0
0.0
0.0
1.729798460889116
0.0
1.4234123808982355
0.0
636.0
0.0
368.54452468583145
0.0
0.0
0.0
0.0
0.0
0.0
0.0
0.0
0.0
0.0
0.0
-0.0
-0.0
0.0
0.0
-0.0
-0.0
-0.0
-0.0
0.0
0.0
-0.0
-0.0
1.099949043937753
0.0
2.214523591465243
0.0
3.0
3.0
1.3
1.3
3.0
1.35
1.35
1.35
0.71
0.71
0.71
1.57
0.65
0.65
0.65
0.65
0.45
0.45
0.45
0.45
1.0
1.0
1.0
0.57
1.9
1.9
0.57
0.57
1.9
1.9
1.38
3.0
3.0
4.6
3.0
0.0
78.67999999999998
282.5
0.0
0.0
943.5
100.99999999999993
0.0
0.0
0.0
0.0
0.0
0.0
0.0
0.0
0.0
0.0
0.0
0.0
0.0
0.0
0.0
0.0
0.0
0.0
0.0
0.0
0.0
0.0
0.0
0.0
0.0
0.0
0.0
0.0
0.0
0.0
0.0
0.0
0.0
0.0
0.0
0.0
0.0
0.0
-0.0
0.0
0.0
0.0
2.1635011852307713
0.0
2.3318715649822135
0.0
2.207703019293671
5.684341886080802e-14
31.99582364125
0.0
2.1365624215493053
0.0
2.1829762481103385
0.0
1.9065811661515761
1.6626700016786344e-12
0.0
0.0
0.0
20.0
46.5366246796875
0.0
0.0
0.0
0.0
0.0
0.0
0.0
-0.0
-0.0
0.0
0.0
2.1064021749787347
0.0
61.97
67.90567014437501
0.0
0.0
2.1250850310113005
0.0
2.129769850871277
0.0
2.0250766705583345
5.684341886080802e-14
1.809430000670952
0.0
1.3434480674268565
8.526512829121202e-14
0.0
4.6
0.0
2.65105285734375
14.9589425750625
7.0179445085625
3.7334434717812526
0.7791153740937501
62.6
0.0
30.1
0.0
0.0
0.0
0.0
0.0
1.225764310601039
2.842170943040401e-14
154.4
0.0
559.8
0.0
0.0
0.0
712.0
0.0
0.0
0.0
0.0
0.0
0.0
0.0
0.0
-0.0
-0.0
-0.0
0.0
-0.0
0.0
-0.0
0.0
0.8496269624528994
0.0
0.0
677.8
0.0
0.0
0.0
0.0
0.0
0.0
0.0
0.0
81.0
0.0
0.0
0.0
-0.0
1.0
-0.0
-0.0
0.0
-0.0
-0.0
-0.0
-0.0
-0.0
0.0
0.0
0.0
0.0
-0.0
0.9028686499791485
0.0
3.5302677586249995
5.8932397404375
12.392032685281249
11.494813575281249
11.68322534559375
6.9490927174687505
4.440892098500626e-16
0.0
0.0
0.0
0.0
0.0
1.9409893441748167
9.663381206337363e-13
2.105877484774968
0.0
2.174335597108321
0.0
1.6056401347835978
0.0
30.42755900625
10.796185391468747
0.0
3.552713678800501e-15
2.142175384325453
5.684341886080802e-14
0.0
142.17252199468751
0.5
0.0
1.9359739539818825
0.0
1.9306573560588633
0.0
0.0
0.0
3.0
7.5
0.0
0.0
0.0
0.0
0.0
0.0
0.0
0.0
0.0
3.0
3.0
0.0
0.0
0.0
0.0
0.0
0.0
0.0
0.0
0.0
0.0
0.0
-0.0
-0.0
0.0
1.6715351923823043
0.0
1.6787855100530749
0.0
0.0
0.0
0.0
0.0
0.0
0.0
-0.0
-0.0
0.0
1.6799707592236786
5.684341886080802e-14
1.6502118135320263
0.0
1.495053019231987
2.2737367544323206e-13
1.620747852562495
2.1316282072803006e-14
0.0
0.0
-0.0
-0.0
0.0
1.5825402552924537
4.973799150320701e-14
1.5597917796681884
0.0
0.0
7.43
0.0
0.0
-0.0
-0.0
0.0
1.431321129796837
0.0
1.5710621886404272
6.750155989720952e-14
1.3665433122601574
0.0
1.2725751017067308
5.684341886080802e-14
0.0
7.43
0.0
0.0
1.1789448610632842
4.973799150320701e-14
1.1006751906058616
0.0
1.109665846545468
0.0
0.0
98.2
0.0
82.0
0.0
0.0
0.0
0.0
0.0
-0.0
-0.0
1.0779287004599087
0.0
1.1103650491845007
0.0
1.1523109917274663
3.907985046680551e-14
1.1689877002054798
0.0
1.1768201772041884
2.842170943040401e-14
0.0
0.0
64.192173978125
0.0
0.0
0.0
0.0
0.0
-0.0
-0.0
0.0
0.0
1.1459196471349165
3.637978807091713e-12
0.0
0.0
20.950000000000003
1.80340423515625
0.0
0.0
0.0
0.0
-0.0
-0.0
-0.0
-0.0
0.0
0.0
1.1464557148778924
0.0
62.55
37.650000000000006
0.0
0.0
0.0
0.0
-0.0
-0.0
0.0
1.1433153413255948
0.0
1.138333144338815
7.815970093361102e-14
1.1549498400034741
0.0
97.98
74.28
23.3
0.0
0.0
0.0
1.0640405367388812
1.1368683772161603e-13
0.983266438450336
0.0
74.28
26.879999999999995
14.170000000000002
0.0
0.0
0.0
0.9675199047798699
2.7000623958883807e-13
0.0
97.98
0.0
0.0
-0.0
-0.0
-0.0
0.9601491249637579
4.831690603168681e-13
0.9923319097732675
0.0
0.9551771807773974
0.0
636.0
6.91
0.0
0.0
0.0
0.0
0.0
0.0
-0.0
-0.0
-0.0
-0.0
0.0
0.0
0.8851649480160608
1.9042545318370685e-12
596.4
38.3
0.0
0.0
0.8720900924292696
0.0
0.9329244501572651
0.0
0.8576243276400777
9.947598300641403e-14
59.8
31.299999999999997
71.80999999999999
55.90999999999999
56.5029836684375
0.0
0.0
0.0
0.0
0.0
0.9068854330433131
0.0
238.7
0.0
1.153229940399231
1.1368683772161603e-13
1.1045336345370123
0.0
325.0
0.0
0.8576227879709357
1.7053025658242404e-13
1.1045336345370123
0.0
100.0
0.0
1.2804987021466285
0.0
1.1762203639334698
1.7053025658242404e-13
64.1
25.699999999999996
13.688345083375
0.0
0.0
0.0
1.0163077434919536
4.263256414560601e-14
49.099999999999994
41.55
0.0
0.0
0.0
0.0
0.0
0.0
-0.0
-0.0
-0.0
-0.0
0.0
0.0
0.7767700142058569
0.0
0.7825207085941783
1.4210854715202004e-14
0.7711505801463225
0.0
140.0
20.62
55.620000000000005
50.099999999999994
0.0
0.0
0.0
0.0
0.7023909636131371
0.0
0.8028041536302095
0.0
32.44508390562501
113.490367346875
2.2558909157812503
0.0
0.0
0.0
0.5192383280776598
0.0
0.34830423083118944
6.252776074688882e-13
0.04367204778992795
0.0
0.0
0.0
0.0
0.0
0.0
0.0
0.0
0.0
-0.0
-0.0
0.0
0.0
-0.0
-0.0
-0.0
-0.0
0.0
0.0
0.0
0.0
-0.13673423448212407
0.0
-1.1806930600904697
0.0
428.55508365757174
516.9124155294209
0.0
0.0
-3.141592653589793
0.0
-0.024588089991507633
0.0
336.5
595.0
0.0
0.0
-0.10371136220330568
0.0
0.0
0.0
0.0
0.0
0.0
0.0
0.0
0.0
0.0
-0.0
-0.0
-0.0
0.0
0.0
0.11991903339920196
0.0
0.0
0.0
0.0
0.0
0.0
0.0
0.0
0.0
-0.0
-0.0
-0.0
-0.0
-0.0
-0.0
0.0
0.10654983598254653
0.0
32.849999999999994
110.25
0.0
0.0
232.61397994687502
0.0
0.0
0.0
0.0
0.0
0.08620818632100757
0.0
0.26682820084951864
2.1316282072803006e-14
0.38228397134563785
3.979039320256561e-13
0.5046833771627979
0.0
0.5531395404586847
3.979039320256561e-13
0.634681031844889
4.263256414560601e-14
0.5526237625947221
2.842170943040401e-14
91.7
12.0
29.549999999999997
0.0
0.0
0.0
0.0
0.0
0.28220136810149654
0.0
0.0
0.0
0.0
0.0
0.0
0.0
0.0
0.0
54.883892757812504
242.255435859375
0.0
0.0
0.0
0.0
0.0
0.0
0.0
0.0
0.0
0.0
-0.0
-0.0
-0.0
-0.0
-0.0
-0.0
-0.0
-0.0
-0.0
-0.0
-0.0
-0.0
-0.0
-0.0
0.0
0.0
0.0
0.0
0.0
0.0
0.0
0.2247015107422361
0.0
0.24379947875370167
4.263256414560601e-14
0.14726317733562366
0.0
0.0
0.0
0.0
1.6
0.0
0.0
0.95
0.95
0.0
0.0
1.88
0.0
0.0
2.29
0.0
1.2
0.0
0.0
0.0
0.0
0.9
3.0
0.0
0.0
1.2
1.2
1.6
0.0
1.6
1.6
0.0
0.0
0.95
0.95
0.0
1.88
3.75
0.0
2.29
0.0
3.0
3.0
1.6
0.9
0.0
0.0
1.88
0.0
0.1519051373517275
0.0
267.08939110625005
0.0
-0.006598487242709172
0.0
106.25
160.3424925
0.0
0.0
-0.052478761489751946
8.526512829121202e-14
-0.03872464507502382
0.0
0.0
0.0
695.6
0.0
0.0
0.0
0.0
0.0
0.0
0.0
0.0
0.0
0.0
0.0
0.0
0.0
0.0
0.0
-0.0
-0.0
-0.0
-0.0
-0.0
-0.0
-0.0
-0.0
-0.0
-0.0
-0.0
-0.0
-0.0
-0.0
-0.0
-0.0
-0.0
-0.0
-0.5656462958666122
0.0
0.040273883152013745
0.0
0.07561921744202671
0.0
119.9559799965625
0.0
0.14106051154066002
0.0
0.0
0.0
0.0
0.0
0.0
0.0
0.0
0.0
0.0
0.0
0.0
0.0
0.0
0.0
0.0
0.0
0.0
0.0
-0.0
-0.0
-0.0
-0.0
-0.0
-0.0
-0.0
-0.0
-0.0
-0.0
-0.0
-0.0
-0.0
-0.0
-0.0
-0.0
-0.0
-0.0
0.0
0.0
0.0
0.0
0.0
0.0
0.0
0.0
0.0
0.14106051154066002
0.0
0.0
0.0
0.0
0.0
0.0
1.35
0.0
0.0
93.561823708125
-0.0
0.0
0.0
0.0
0.0
0.0
3.9000000000000004
0.0
0.0
-0.0
-0.0
0.0
0.0
-0.0
-0.0
-0.0
-0.0
-0.0
0.0
-0.0
-0.0
0.0
0.0
-0.0
0.15400874108350138
0.0
619.0
0.0
1.748116841446267
1.1368683772161603e-13
2.006576957776396
0.0
2.012692258068033
5.684341886080802e-14
13.26
20.62
0.0
0.0
0.8562521876398169
0.0
2.3615197556595557
0.0
1.1122101813133103
0.0
-155.26304250905457
-205.43698572031866
-386.4656082686441
-324.5256367112596
318.8765971189175
-48.88551295486866
-1004.5445246858314
1250.8904098000621
-1004.5445246858314
174.26952849517613
221.0225677012536
-260.3183991388087
-296.7048785324438
-156.73293921142454
-183.26526713384487
160.53074351499208
62.52027448777301
-79.91372481233407
-36.48235781616381
23.35139433248969
-526.2728955433031
-153.46756356593892
395.6851660339421
37.89625970238467
4.00411953843809
-29.13043283769366
-123.31352220802216
-222.31615451195898
-293.07039826203777
-239.19462767083212
-617.2763812174467
-139.37614535026228
669.5474734322906
192.85162638760494
72.5960894266351
775.6212149776138
-246.34588511423067
817.1761453502622
150.73206536682085
-97.16076368630314
513.8992944742727
-209.34155356665224
-6.642900916498547
-165.5185413909649
-183.62341645118988
11.620089908317027
-57.49234713605824
-197.49686093083739
31.47599568029409
-226.84445580411557
413.7567848518229
-27.796189593452254
-40.28068942573873
-204.7909547415877
-63.153053339542794
-46.7114489125222
-82.63340190538042
-95.16344434391499
-83.3410254177495
-59.769782116848546
-104.29324141738135
-69.04885002795231
-61.62966177725184
-36.65556323690362
-36.394384233524534
-109.40942084034407
-109.40942084034407
-104.6486028204535
-62.84583383907386
43.133442451534165
54.29364326104485
28.361749110453502
4.790505809552428
-25.328303333999656
23.52627912319474
23.364586487355044
0.7582287736566968
-27.270217902607328
-20.797175842112438
-5.157553814696371
20.871712801267677
12.043994486246447
3.6701645003249723
-35.70829062233997
-31.583587484588488
-33.169374300813615
-38.19053667592334
-55.706274680641286
-64.34708797589144
-116.64099014518365
-41.20733241130347
-19.60313780818342
185.77364497934855
-185.77364497934855
46.054940312891404
-618.5477395934104
-231.82858529223995
-223.98107515033962
-223.98107515033962
-40.39405161865898
-23.268952826038685
-35.33744753575547
59.935327812241894
-172.12887734989295
-69.75873202321623
-52.791131917224334
133.1381227260988
193.97205303538
-17.626821431671146
-137.17269254768274
-187.8273074523172
-137.17269254768297
0.0
96.19709882453924
16.305264918911007
220.76633678240614
-256.8431975493233
-161.84981709102692
-128.82714736368894
-199.8250874224771
46.37656764756741
-46.598887084358125
-153.35886719381574
-70.83719104210206
-97.66990981702008
-271.38700007599164
-271.38700007599164
-301.9128795144218
-466.39589964289473
-230.78195685682545
-327.72869279106413
-281.4450580572278
-848.7470127092333
-945.4674991869927
109.94720048517456
19.088365479715662
-111.12819130692742
118.95233808263384
224.30330550089639
-15.991862941205682
376.0783139471391
120.12621664211883
-15.991862941205682
212.9953001481383
187.38973735586183
157.7264624749721
282.0262806311159
-82.00627646587111
63.964551668068
196.6117020537224
-72.49457365725289
-138.67333427242772
-203.97553180013568
46.946889627742166
-271.693897586638
88.58530767559716
92.137278416772
-183.19678875191659
-70.72553180013574
15.133096680244648
109.2218086340979
-86.19312627027853
-138.6597588563966
-113.38235194614816
-100.06541956511353
-125.77470698251625
-115.03325581344177
-121.37638691975656
25.144636957010107
-280.4194176760092
131.93832811132847
-287.9353282847143
122.72685516580077
-5.981591732053971
85.88096338368996
0.0
20.231608660689744
-526.4595504822843
-92.54044951771584
115.3643852777692
96.76506596000775
58.80096434031043
-33.88
141.44183602338921
-133.07730274448204
176.2912459838583
3.141592653589793
0.0
2.985168066828084
0.0
3.0550280913139325
0.0
0.0
0.0
0.0
0.0
0.0
0.0
0.0
0.0
0.0
0.0
0.0
0.0
0.0
0.0
-0.0
0.0
-0.0
-0.0
-0.0
-0.0
-0.0
-0.0
0.0
0.0
0.0
0.0
0.0
2.738119787284826
0.0
2.7076912188179474
0.0
0.0
0.0
0.0
0.0
0.0
0.0
0.0
0.0
0.0
0.0
0.0
-0.0
-0.0
0.0
0.0
-0.0
-0.0
-0.0
-0.0
-0.0
0.0
0.0
0.0
0.0
0.0
2.877005263679024
0.0
2.865718920658585
0.0
0.0
0.0
0.0
0.0
0.0
0.0
0.0
-0.0
-0.0
-0.0
-0.0
-0.0
0.0
0.0
0.0
2.3788389388965747
0.0
2.086223608903973
0.0
636.0
0.0
323.39452468583147
0.0
0.0
0.0
0.0
0.0
0.0
0.0
0.0
0.0
0.0
0.0
-0.0
-0.0
-0.0
-0.0
-0.0
-0.0
-0.0
-0.0
0.0
0.0
0.0
0.0
1.777298571944014
0.0
2.8544530865760667
1.9326762412674725e-12
3.0
3.0
1.3
1.3
3.0
1.35
1.35
1.35
0.71
0.71
0.71
1.57
0.65
0.65
0.65
0.65
0.45
0.45
0.45
0.45
1.0
1.0
1.0
1.9
1.9
1.9
1.9
1.9
1.9
1.9
4.6
3.0
3.0
4.6
3.0
0.0
62.78
320.0
0.0
0.0
943.5
87.8
0.0
0.0
0.0
0.0
0.0
0.0
0.0
0.0
0.0
0.0
0.0
0.0
0.0
0.0
0.0
0.0
0.0
0.0
0.0
0.0
0.0
0.0
0.0
0.0
0.0
0.0
0.0
0.0
0.0
0.0
0.0
0.0
0.0
0.0
0.0
0.0
0.0
0.0
-0.0
0.0
0.0
0.0
2.8015755474527815
0.0
2.9706289127873324
1.1368683772161603e-13
2.8449038627444327
7.105427357601002e-14
32.24344105
0.0
2.7713310534135145
0.0
2.820152180183033
0.0
2.541779138172757
0.0
0.0
0.0
0.0
0.0
47.911663100937496
0.0
0.0
0.0
20.0
0.0
0.0
0.0
-0.0
-0.0
0.0
-0.0
2.7459743313821345
5.684341886080802e-14
62.6
68.428530480625
0.0
0.0
2.7597204772881696
0.0
2.7576512793731034
0.0
2.6480442676596283
0.0
2.426772037567119
0.0
1.951555462804274
0.0
62.6
4.6
30.1
2.65397054646875
14.802511970937498
7.0179445894375
3.7336753212812503
0.7788992779687494
0.0
0.0
0.0
0.0
0.0
0.0
0.0
6.661338147750939e-16
1.808688067690424
0.0
154.4
0.0
522.3
0.0
0.0
0.0
712.0
0.0
0.0
0.0
0.0
0.0
0.0
0.0
0.0
0.0
0.0
-0.0
-0.0
-0.0
0.0
0.0
0.0
1.4841944364387345
0.0
0.0
677.8
0.0
0.0
0.0
0.0
0.0
0.0
0.0
0.0
81.0
0.0
0.0
0.0
-0.0
1.0
-0.0
-0.0
-0.0
-0.0
-0.0
-0.0
-0.0
0.0
0.0
0.0
0.0
0.0
-0.0
1.5378701968703536
0.0
3.5461608174999997
5.839173699312498
12.39113657540625
11.468194343031248
11.675851758968749
6.88366336384375
0.0
1.7763568394002505e-15
0.0
0.0
0.0
0.0
2.5664920324200517
1.1368683772161603e-12
2.73198220600609
2.842170943040401e-14
2.8010908454294086
2.842170943040401e-14
2.2416189138698197
1.1937117960769683e-12
30.29864437
10.789202209343753
0.0
0.0
2.769152298413287
0.0
0.0
146.70716030093752
0.35
0.0
2.5582601686779967
0.0
2.5612564025952054
0.0
0.0
3.0
3.0
2.25
0.0
0.0
0.0
0.15
0.0
0.3
0.0
0.0
0.0
3.0
0.0
0.0
0.0
0.0
0.0
0.0
0.0
0.0
0.0
0.0
0.0
0.0
0.0
-0.0
0.0
2.2976147500217765
0.0
2.3047628512575677
0.0
0.0
0.0
0.0
0.0
0.0
0.0
-0.0
-0.0
0.0
2.3059760602265573
0.0
2.276054485839749
1.9826984498649836e-10
2.1187374220631217
0.0
2.246384990598308
0.0
0.0
0.0
-0.0
-0.0
0.0
2.208061553541139
4.263256414560601e-14
2.185219888406121
0.0
0.0
0.0
0.0
0.0
-0.0
-0.0
0.0
2.05649540495984
0.0
2.193004547777358
3.907985046680551e-14
1.9824499762010026
0.0
1.8862670231592285
0.0
0.0
7.43
0.0
0.0
1.790127780261808
0.0
1.7087762320876632
0.0
1.721942883411355
0.0
0.0
98.2
0.0
68.35
0.0
0.0
0.0
0.0
-0.0
-0.0
0.0
1.690498989761017
0.0
1.7245048846575601
0.0
1.768206159005894
0.0
1.7852425568335573
0.0
1.794077838634344
4.973799150320701e-14
0.0
0.0
67.12972219562499
0.0
0.0
0.0
-0.0
-0.0
0.0
0.0
-0.0
-0.0
1.763928103730609
4.064304448547773e-12
0.0
0.0
22.0
1.91878988615625
0.0
0.0
0.0
0.0
-0.0
-0.0
-0.0
-0.0
0.0
0.0
1.7646967246726009
0.0
50.099999999999994
25.200000000000003
0.0
0.0
0.0
0.0
-0.0
-0.0
0.0
1.7622727440215051
1.9824142327706795e-12
1.7552718273187473
0.0
1.7721512371279022
0.0
74.28
97.98
15.5
0.0
0.0
0.0
1.6752802614071411
0.0
1.590480667257629
5.684341886080802e-14
97.98
24.844462873570407
7.7200000000000015
0.0
0.0
0.0
1.5734723293431667
0.0
0.0
74.28
0.0
0.0
-0.0
-0.0
0.0
1.5710533384046181
0.0
1.598177600637408
0.0
1.558228035473741
0.0
636.0
6.91
0.0
0.0
0.0
0.0
0.0
0.0
-0.0
-0.0
-0.0
-0.0
0.0
0.0
1.4807259206213939
8.171241461241152e-14
596.4
25.4
0.0
0.0
1.4786896173199153
0.0
1.5415222665016879
5.684341886080802e-14
1.4398800829841925
0.0
74.05
17.049999999999997
87.71
40.00999999999999
57.979212274687505
0.0
0.0
0.0
0.0
0.0
1.4883887566957972
0.0
320.0
0.0
1.7351062791344534
3.410605131648481e-13
1.7000189753445865
3.410605131648481e-13
245.05
0.0
1.5221115195513395
0.0
1.7000189753445865
0.0
0.0
100.0
1.9050211544591669
5.684341886080802e-14
1.7732081360433494
1.2505552149377763e-12
77.0
13.999999999999995
13.845305950625
0.0
0.0
0.0
1.5926166347754371
0.0
60.8
29.549999999999997
0.0
0.0
0.0
0.0
0.0
0.0
-0.0
-0.0
-0.0
-0.0
0.0
0.0
1.3252400392964319
0.0
1.3305624559780664
0.0
1.3183511463877498
5.684341886080802e-14
140.0
27.07
80.67
25.049999999999997
0.0
0.0
0.0
0.0
1.247166985975798
0.0
1.3718240592150543
0.0
32.399874175624994
113.470282384375
2.2371673125312626
0.0
0.0
0.0
1.0152545254542389
0.0
0.8159713632147829
2.984279490192421e-13
0.4674226002006945
0.0
0.0
0.0
0.0
0.0
0.0
0.0
0.0
0.0
-0.0
0.0
0.0
0.0
-0.0
-0.0
-0.0
-0.0
0.0
0.0
0.0
0.0
0.26568910732004225
0.0
-0.9280798600665725
1.8474111129762605e-13
512.8550836575718
554.4124155294209
0.0
0.0
-3.141592653589793
0.0
0.4004869701321825
5.684341886080802e-14
336.5
595.0
0.0
0.0
0.3371703807550186
0.0
0.0
0.0
0.0
0.0
0.0
0.0
0.0
0.0
-0.0
-0.0
-0.0
-0.0
-0.0
0.0
0.564331731304347
8.526512829121202e-14
0.0
0.0
0.0
0.0
0.0
0.0
-0.0
-0.0
-0.0
-0.0
-0.0
-0.0
0.0
0.0
0.0
0.5554837024585648
0.0
58.64999999999999
110.25
0.0
0.0
237.502205846875
0.0
0.0
0.0
0.0
0.0
0.5420211513893531
0.0
0.7416169946798474
5.684341886080802e-14
0.8734515317090024
0.0
1.001694102816339
2.842170943040401e-14
1.0575113769198223
0.0
1.1587101463955491
0.0
1.0807360336988099
0.0
110.0
0.0
17.549999999999997
0.0
0.0
0.0
0.0
0.0
0.7985526889900836
1.4210854715202004e-14
0.0
0.0
0.0
0.0
0.0
0.0
0.0
0.0
55.75544523031252
242.25150852187502
0.0
0.0
0.0
0.0
0.0
0.0
0.0
0.0
0.0
0.0
-0.0
-0.0
-0.0
-0.0
-0.0
-0.0
-0.0
-0.0
-0.0
-0.0
-0.0
-0.0
-0.0
-0.0
0.0
0.0
0.0
0.0
0.0
0.0
0.0
0.7252006334262107
0.0
0.7251260611227415
0.0
0.6115708295131883
0.0
0.0
0.0
0.0
1.6
0.0
0.0
0.95
0.95
0.0
0.0
1.88
0.0
0.0
2.29
0.0
1.2
0.0
0.0
0.0
0.0
0.9
3.0
0.0
0.0
1.2
1.2
1.6
0.0
1.6
1.6
0.0
0.0
0.95
0.95
0.0
1.88
3.75
0.0
2.29
0.0
3.0
3.0
1.6
0.9
0.0
0.0
1.88
0.0
0.6547416208408983
0.0
274.14575014375004
0.0
0.4986327176276131
0.0
106.25
162.8993353875
0.0
0.0
0.4568658961460028
1.1368683772161603e-13
0.47458595972934736
0.0
0.0
0.0
667.7600000000001
0.0
0.0
0.0
0.0
0.0
0.0
0.0
0.0
0.0
0.0
0.0
0.0
0.0
0.0
0.0
-0.0
0.0
0.0
0.0
-0.0
-0.0
-0.0
-0.0
-0.0
-0.0
-0.0
-0.0
0.0
0.0
0.0
0.0
0.0
0.0
-0.028841288697996514
0.0
0.5462324547571038
9.947598300641403e-14
0.5801905155605533
0.0
123.7694439590625
0.0
0.6419604046689633
0.0
0.0
0.0
0.0
0.0
0.0
0.0
0.0
0.0
0.0
0.0
0.0
0.0
0.0
0.0
0.0
0.0
0.0
0.0
-0.0
-0.0
-0.0
-0.0
-0.0
0.0
-0.0
-0.0
-0.0
-0.0
-0.0
-0.0
-0.0
-0.0
-0.0
-0.0
-0.0
-0.0
0.0
0.0
0.0
0.0
0.0
0.0
0.0
0.0
0.0
0.6419604046689633
0.0
0.0
0.0
0.0
0.0
0.0
1.35
0.0
0.0
95.644205168125
-0.0
0.0
0.0
0.0
0.0
0.0
4.65
0.0
0.0
-0.0
0.0
0.0
0.0
0.0
-0.0
-0.0
-0.0
-0.0
-0.0
0.0
0.0
-0.0
-0.0
-0.0
0.6535782999918638
0.0
619.0
0.0
2.3816475294885553
0.0
2.6302223596669716
3.552713678800501e-14
2.6365679342237565
0.0
22.41
27.07
0.0
0.0
1.4378761429838116
0.0
2.9996176381037056
0.0
1.6994932522815462
2.1316282072803006e-14
-156.58116792948164
-204.16170347753695
-381.3103817660501
-321.6082152650547
313.54452754559475
-54.26126452480912
-959.3945246858315
1231.65647908657
-959.3945246858315
169.08909779621433
215.1933545098691
-269.78336285664227
-298.0398041115428
-158.4078399132195
-188.65698004348496
158.92725882876948
61.28474581557032
-81.5457689780801
-37.72964580921814
22.274139957159605
-525.2904237884113
-154.56582011878885
404.34691728672897
27.882648897680838
-1.768545226550259
-29.468467323327786
-129.10130949010454
-228.11570111489306
-298.8783489026677
-290.38088434870565
-584.2012829569239
-140.51246185641367
663.9862551866622
193.5557585346761
73.28593787830948
773.6088256344328
-272.26195440073855
818.3124618564134
145.47227142366398
-96.49107859045137
526.1966225905526
-214.10368492694636
-10.903130782052813
-168.87029808538944
-187.08733897649324
11.894205578771789
-57.76331071109996
-200.8464202467062
31.198918678047335
-229.3645125242947
419.51217012344614
-27.990089849968513
-40.47198350848794
-227.55831817875668
-63.34452406207129
-46.90280314401264
-82.82303200683486
-95.35146921422324
-85.800558912425
-62.230935300904434
-106.75133518818154
-70.89914667531639
-64.05633714474038
-36.07666500020446
-29.243587722633265
-113.31158364563436
-113.31158364563436
-105.25163085883241
-62.26513594748917
45.220604914168575
56.720561492667116
28.973465691450656
5.403842079929973
-24.712897460644513
25.407997909999835
25.233372499327604
1.0871583337925586
-17.33360952192379
-16.052851993305467
-7.247325776658045
22.96040497053002
10.22618333629407
5.486895857577906
-38.660201624309025
-34.65835960714312
-36.39852828696189
-41.43487640117701
-58.48247872263187
-67.87195471271025
-125.98768824834951
-34.629819696588015
-6.43348653848534
199.74782581833597
-199.74782581833597
56.88169354900401
-647.0704883022031
-256.62951936734
-230.47809844893118
-230.47809844893118
-42.36867939385638
-25.24023239564167
-5.503522437034917
61.90408786527007
-255.28648523250808
-79.33314448867168
-62.379701561592924
131.10452355929738
194.26576569895246
-17.88135809121195
-98.83747544860012
-146.21252455139995
-98.83747544859978
0.0
128.43150062081008
27.022593554083414
233.458507648387
-324.6626069101884
-180.65986181664204
-161.5333835635663
-224.09609643845397
42.922715174297196
-50.04635078319052
-160.9753676633618
-74.35528887828151
-101.11386418916516
-336.91100879180567
-336.91100879180567
-363.40622972998585
-543.746690880138
-264.0520932009408
-371.81233507739915
-314.7168374672404
-970.5438759463996
-1067.2674991869926
132.1547674679041
41.31865516608957
-88.92779406762747
120.83050560747844
227.844885186488
-10.58376656367625
405.6450904055837
129.57037989891177
-10.58376656367625
235.3724567067227
209.76606349177064
180.1018265980323
295.4897951220521
-104.20637861156297
79.72990843280581
211.80649617982328
-94.70753706246148
-154.10273358548926
-217.77393057384734
62.094739664817666
-255.60499703418395
102.04254864086568
114.34889208069228
-198.6231286520537
-90.22393057384733
-0.05909057326891798
124.41802886820744
-101.38859965625306
-134.20764303641795
-111.06270381573387
-98.5536005113878
-121.7696767383647
-109.43872213650769
-110.49423674460968
32.39499741191821
-265.41376219444163
127.1217050225473
-275.0968570481668
117.90993333776566
-7.049760712040552
81.06284659863866
0.0
18.15296144203171
-531.9986999134652
-87.00130008653468
117.5852793862258
94.56936813392406
61.01513996664403
-49.480000000000004
141.45863618206124
-153.2533965940304
196.4643704030691
