3.141592653589793
0.0
2.9867426285233254
2.842170943040401e-14
3.0689887360249184
0.0
0.0
0.0
0.0
0.0
0.0
0.0
0.0
0.0
0.0
0.0
0.0
0.0
2.811424321726623
5.684341886080802e-14
2.7877856592494474
0.0
0.0
0.0
0.0
0.0
0.0
0.0
0.0
0.0
0.0
0.0
2.9110098255944408
0.0
2.8892873055467447
0.0
0.0
0.0
0.0
0.0
0.0
0.0
2.5408992540282718
0.0
2.346919254052519
0.0
636.0
0.0
0.0
0.0
0.0
0.0
0.0
0.0
0.0
0.0
0.0
0.0
0.0
0.0
2.1421272540451466
0.0
2.8831826079382505
0.0
2.99999999999352
3.0
1.3
1.3
3.0
1.35
1.35
1.35
0.71
0.71
0.71
1.57
0.65
0.65
0.65
0.65
0.45
0.45
0.45
0.45
1.0
1.0
1.0
1.9
1.9
1.9
1.9
1.9
1.9
1.9
4.6
3.0
3.0
4.6
3.0
0.0
126.98
320.0
0.0
0.0
943.5
140.0
0.0
0.0
0.0
0.0
0.0
0.0
0.0
0.0
0.0
0.0
0.0
0.0
0.0
0.0
0.0
0.0
0.0
0.0
0.0
0.0
0.0
0.0
0.0
0.0
0.0
0.0
0.0
0.0
0.0
0.0
0.0
0.0
0.0
0.0
0.0
0.0
0.0
0.0
0.0
0.0
0.0
0.0
2.8124551164741565
0.0
2.9981324424002587
8.526512829121202e-14
2.8691594912825433
0.0
27.437333435000003
0.0
2.850946013779607
3.865352482534945e-12
2.8540437420133227
2.842170943040401e-14
2.6558253815702333
0.0
0.0
0.0
0.0
20.0
16.816500849375
0.0
0.0
0.0
0.0
0.0
2.843095194142009
0.0
62.6
22.402949749999998
0.0
0.0
2.8548582058046046
9.237055564881302e-12
2.898273643222277
0.0
2.832011581854884
0.0
2.6694476919316745
2.1316282072803006e-14
2.3012253121311623
0.0
62.6
4.6
30.4
2.7166105326875
2.303399904875
7.018249167812501
3.7352806829999996
0.0938954659375
0.0
0.0
0.0
0.0
0.0
0.0
4.440892098500626e-16
0.0
2.1897304467744334
0.0
154.4
0.0
672.3
0.0
0.0
0.0
70.21438532220304
0.0
0.0
0.0
0.0
0.0
0.0
0.0
1.9343032917669518
0.0
0.0
677.8
0.0
0.0
0.0
0.0
0.0
0.0
0.0
0.0
0.0
0.0
0.0
0.0
1.8968412091893523
0.0
9.835396564500002
2.0427215225
2.355043964375
0.802768538875
1.083960228625
0.4376792648125001
0.0
0.0
0.0
0.0
0.0
0.0
2.808521418132857
0.0
2.9262260649006446
2.842170943040401e-14
2.9534780903616067
0.0
2.395410489114534
1.0970779840135947e-11
68.00610223250001
26.024231515624997
0.0
0.0
2.9122222800205195
0.0
0.8
152.535755575
0.0
0.0
2.7726979388771404
1.9326762412674725e-12
2.6254494121753273
2.4868995751603507e-14
3.0
3.0
3.0
7.5
0.0
0.1
0.4
0.48
0.24
0.49
0.05
0.05
0.0
0.0
0.0
0.0
0.0
0.0
0.0
0.0
0.0
0.0
0.0
0.0
0.0
0.0
2.345616717479599
0.0
2.3520456663769753
1.4210854715202004e-14
0.0
0.0
2.16
0.0
0.0
0.0
2.3530708704347187
0.0
2.325876437870644
0.0
2.19015170113369
2.2737367544323206e-13
2.272709964030877
4.973799150320701e-14
0.0
0.0
2.222498378720328
5.684341886080802e-14
2.189592048439623
0.0
0.0
7.43
0.0
0.0
2.0376242577887105
0.0
2.208040222686706
1.4210854715202004e-14
1.9534779862579112
0.0
1.8424813303144338
0.0
0.0
7.43
0.0
0.0
1.7414759127450097
0.0
1.6646042634344864
0.0
1.6647751524648884
0.0
0.0
98.19999999999901
0.0
82.0
0.0
0.0
0.0
0.0
1.6319974489379412
0.0
1.652891474469497
1.0658141036401503e-14
1.6814666408481216
7.105427357601002e-15
1.6947923404387613
0.0
1.6960532801167298
2.1316282072803006e-14
0.0
0.0
12.0555284853125
0.0
0.0
0.0
1.662867692208045
5.5990767577895895e-12
0.0
0.0
22.0
9.5421869806875
0.0
0.0
0.0
0.0
1.6568866192846912
0.0
75.0
75.0
0.0
0.0
0.0
0.0
1.655187298286851
0.0
1.6624178930450846
3.375077994860476e-14
1.6762688489055941
3.197442310920451e-14
97.98
97.98
46.7
0.0
0.0
0.0
1.5656373175986031
6.821210263296962e-13
1.4884863073171175
0.0
97.98
97.98
27.07
0.0
0.0
0.0
1.4726572792686774
0.0
0.0
97.98
0.0
0.0
1.4711969286620725
9.094947017729282e-13
1.5128072921520417
0.0
1.4854342219738452
0.0
636.0
6.91
0.0
0.0
0.0
0.0
0.0
0.0
1.4584987841281816
2.355449169044732e-12
596.4
77.0
0.0
0.0
1.4207934701529847
0.0
1.4627155496608637
9.237055564881302e-14
1.4446723144409557
0.0
74.05
74.05
87.71
87.71
26.996305044375003
0.0
0.0
0.0
0.0
0.0
1.5265136845622314
0.0
25.6
0.0
1.9849431400320956
5.115907697472721e-13
1.99821378253528
2.2737367544323206e-13
26.0
0.0
2.0655015473240077
0.0
1.99821378253528
0.0
100.0
0.0
1.9795385188979084
5.684341886080802e-14
1.8521176985149301
2.2737367544323206e-13
77.0
60.8
9.55173157075
0.0
0.0
0.0
1.633938216004263
0.0
60.8
41.55
0.0
0.0
0.0
0.0
0.0
0.0
1.3867167939355491
0.0
1.390883906175163
0.0
1.3780143201784565
2.1316282072803006e-14
140.0
27.07
80.67
80.67
0.0
0.0
0.0
0.0
1.3074905109601591
0.0
1.396226992232389
0.0
37.12383018812501
64.91725758687501
0.9156648248750001
0.0
0.0
0.0
1.1266301952499251
5.684341886080802e-14
0.9311228314614697
0.0
0.5924400465600232
0.0
0.0
0.0
0.0
0.0
0.0
0.0
0.0
0.0
0.3987718999772687
0.0
-0.8520701666059818
1.8474111129762605e-13
672.2738986432325
431.6424402030657
0.0
0.0
-3.1415926535897927
0.0
0.5708141612766355
0.0
336.49999999999994
595.0
0.0
0.0
0.5493663934941115
6.252776074688882e-13
0.0
0.0
0.0
0.0
0.0
0.0
0.0
0.0
0.7689919922019035
0.0
0.0
0.0
0.0
0.0
0.0
0.0
0.780755633312054
0.0
0.0
0.0
0.0
27.65
85.35564263187501
0.0
0.0
0.0
0.0
0.0
0.7986543791192364
0.0
0.9576608900740231
0.0
1.0585375531119556
6.110667527536862e-13
1.156044227713931
2.842170943040401e-14
1.1837916880968127
2.842170943040401e-14
1.2522649690688246
1.4210854715202004e-14
1.2000267644514206
0.0
110.0
41.55
41.55
7.43
0.0
0.0
0.0
0.0
0.9327586871727345
0.0
0.0
0.0
0.0
0.0
0.0
0.0
0.0
0.0
13.273183253125001
164.46455488124997
0.0
0.0
0.0
0.0
0.0
0.0
0.0
0.0
0.0
0.0
0.9478978428360261
0.0
0.9544678306450596
0.0
0.8582519244199389
0.0
1.2
1.2
1.6
1.6
1.6
1.6
0.95
0.95
0.95
0.95
1.88
1.88
3.75
2.29
2.29
1.2
3.0
3.0
1.6
0.9
0.9
3.0
1.88
0.0
0.0
0.0
0.0
0.0
0.0
0.0
0.0
0.0
0.0
0.0
0.0
0.0
0.0
0.0
0.0
0.0
0.0
0.0
0.0
0.0
0.0
0.0
0.0
0.0
0.9070657621642244
0.0
209.08447866875
0.0
0.7968689384030241
0.0
0.0
70.995489343125
0.0
0.0
0.762132586748077
0.0
0.7388331427188377
2.842170943040401e-14
0.0
0.0
751.1
0.0
0.0
0.0
0.0
0.0
0.0
0.0
0.0
0.0
0.0
0.0
0.0
0.0
0.0
0.0
0.167920299153129
0.0
0.8526967508555652
0.0
0.8874129229457859
0.0
118.29037608125
0.0
0.9540195295259721
0.0
0.0
0.0
0.0
0.0
0.0
0.0
0.0
0.0
0.0
0.0
0.0
0.0
0.0
0.0
0.0
0.0
0.0
0.0
0.9540195295259721
0.0
0.0
0.0
0.0
0.0
0.0
1.35
4.65
0.0
27.457188294375
0.0
0.0
0.0
0.0
0.0
0.0
0.0
0.0
0.0
0.99887097952156
0.0
619.0
0.0
2.508657243313717
0.0
2.849697836948989
0.0
2.857462182777292
2.842170943040401e-14
40.71
27.07
0.0
0.0
1.4419272244404342
0.0
2.991556056173634
0.0
1.7599785943327966
4.973799150320701e-14
-155.00503009640977
-171.23565463140005
-296.2238405471334
-260.373219229255
228.19290065713108
-104.43519254368277
-636.0
924.6681843341803
-636.0
104.29983460325002
139.87822390065958
-360.8545482630998
-282.93427274145205
-160.33351221922612
-225.97702671572097
157.25011553304012
80.20420764969037
-60.22357963461968
-9.340244872927315
49.86645746495833
-446.50030245065227
-110.06016682950451
370.8313120604005
23.86006422523849
37.10721146805929
9.929421383281806
-78.04718656509476
-167.59163908771245
-231.58640238655357
-226.61557997068985
-458.6525254552639
98.06827899444079
536.33013886138
137.66625349722437
28.89928468648452
671.1724033329901
-288.6681843341803
579.7317210055589
164.041521717377
-124.63991038556424
408.9094767780912
-141.6490772476792
-47.44831688573504
-181.26736463359316
-206.17064304903488
10.051020174340238
-52.65438332280587
-210.96688330935962
27.814003566994643
-210.00297451715232
361.93263134378685
-50.15705079143072
-61.534559014107344
-380.10886666160053
-82.99435588603524
-67.5694666840044
-101.02410979283877
-112.56873380930062
-103.73359267417726
-81.84205519819216
-123.19273684852556
-74.4877710644871
-60.528857724579325
-40.58241284658459
-52.170903194471634
-125.58105536371778
-125.58105536371778
-113.16337708368292
-64.90634362420656
27.78460841873209
36.10889920454724
22.6627544043979
0.7712169284127413
-27.20130156291816
10.681745074750324
10.60833102115265
-8.459791970788842
-80.42297300846258
-11.253781442159493
7.4850877387630135
7.1092675935653915
21.823551357345764
-7.229196025017359
-42.40312891871724
-35.677283142549605
-37.46861116295872
-42.28419911702417
-53.207593296511845
-61.98669222304977
-117.25205961162715
-30.81885677749699
-3.88391118765594
136.86535089098447
-136.86535089098447
-47.675159352978426
-742.0414980053872
-89.19019153800605
-229.81934583060638
-229.81934583060638
-23.12085252557847
-7.249041881367361
-101.9062539982283
41.302541388044006
-86.41543554516261
-49.70863170294865
-32.5567173989989
221.19289224399677
360.9680751716778
-49.76605266409388
37.382091552283555
-63.382091552283555
37.38209155228378
0.0
-4.0851255737566134
-94.20244079815666
266.8885360113227
-313.84438515526966
-167.0415014037934
-138.41276299657716
-232.8168607374888
33.605743867719184
-52.744204907910444
-163.3531607658324
-75.45360283521386
-100.17586533484342
-239.8283277891594
-239.8283277891594
-304.90808767197746
-533.4443758722355
-256.57786735779104
-359.6965753401118
-302.13439394878
-1016.9447696032685
-1103.9163388462982
168.66888363323983
87.04884018601877
-30.123269356995934
116.82212696849162
220.28645806419513
14.071341043157418
493.63957554466106
157.67741025167567
14.071341043157418
187.50767800972017
164.48302151306302
137.8096490013686
224.66975710472218
-67.96638619476857
107.85187330572171
144.13594357199713
-59.12798920114187
-99.50346898678617
-181.90865232253714
50.59100464267624
-190.75812116158068
50.726618618662314
77.37093896341798
-140.85414615962713
18.621347677462836
5.206012526696895
106.61457122050888
-85.90705913369572
-77.77539176553455
-74.03377667810582
-69.56870186799745
-89.1896464121661
-91.29462887058236
-91.8951102155479
-42.59496166457211
-324.70616806583786
128.8252690291647
-311.97423143857696
120.54226419443944
25.898382436874385
87.4102448555384
0.0
70.08039061810541
-488.9306918508234
-130.06930814917655
125.81682690673267
66.04691583392082
74.65717142300969
-67.78
127.92924264504245
-191.55738915185407
231.6918719126228
3.141592653589793
0.0
2.9870969195338235
0.0
3.0687909246090124
0.0
0.0
0.0
0.0
0.0
0.0
0.0
0.0
0.0
0.0
0.0
0.0
0.0
2.810236208407602
0.0
2.786489695421553
1.7053025658242404e-12
0.0
0.0
0.0
0.0
0.0
0.0
0.0
0.0
0.0
0.0
2.9106659981997547
0.0
2.889286498071229
4.263256414560601e-14
0.0
0.0
0.0
0.0
0.0
0.0
2.5381116495406335
0.0
2.344131649564881
0.0
636.0
0.0
0.0
0.0
0.0
0.0
0.0
0.0
0.0
0.0
0.0
0.0
0.0
0.0
2.1393396495575083
0.0
2.882879046586215
7.389644451905042e-13
2.999999999999716
3.0
1.3
1.3
3.0
1.35
1.35
1.35
0.71
0.71
0.71
1.57
0.65
0.65
0.65
0.65
0.45
0.45
0.45
0.45
1.0
1.0
1.0
1.9
1.9
1.9
1.9
1.9
1.9
1.9
4.6
3.0
3.0
4.6
3.0
0.0
126.98
308.5362761868606
0.0
0.0
943.5
140.0
0.0
0.0
0.0
0.0
0.0
0.0
0.0
0.0
0.0
0.0
0.0
0.0
0.0
0.0
0.0
0.0
0.0
0.0
0.0
0.0
0.0
0.0
0.0
0.0
0.0
0.0
0.0
0.0
0.0
0.0
0.0
0.0
0.0
0.0
0.0
0.0
0.0
0.0
0.0
0.0
0.0
0.0
2.8130008416750325
0.0
2.996552665476816
0.0
2.867971706554462
1.4210854715202004e-14
29.022038780000003
0.0
2.8449170916528175
0.0
2.8525522057568953
0.0
2.6498356505280514
3.126388037344441e-12
0.0
0.0
0.0
20.0
17.436874194375
0.0
0.0
0.0
0.0
0.0
2.8366612513677234
5.684341886080802e-14
62.599999999999945
23.076852979999998
0.0
0.0
2.8482315584732856
0.0
2.891669933177342
0.0
2.825390985231806
5.684341886080802e-14
2.6627780123333764
0.0
2.29444027918324
4.547473508864641e-13
62.6
4.6
30.4
2.6392996894375
2.7949417153750016
7.017047492562501
3.7337114525
0.0730408469375
0.0
0.0
0.0
0.0
0.0
0.0
0.0
0.0
2.180812392717595
7.105427357601002e-14
154.4
0.0
672.3
0.0
0.0
0.0
56.96
0.0
0.0
0.0
0.0
0.0
0.0
0.0
1.9327304203883697
0.0
0.0
677.8
0.0
0.0
0.0
0.0
0.0
0.0
0.0
0.0
0.0
0.0
0.0
0.0
1.8940287095629564
0.0
9.692526827250001
1.954144197
2.042639585875
0.660558169125
0.868121222875
0.5492337483125009
0.0
0.0
0.0
0.0
0.0
0.0
2.801253191080254
1.5347723092418164e-12
2.9188163313640363
0.0
2.945877108461291
5.684341886080802e-14
2.3898072033814026
0.0
67.81601605750001
25.908850793124998
0.0
0.0
2.9045367382943006
0.0
0.8
162.45677262499999
0.0
0.0
2.763298250132692
0.0
2.6175688832824573
0.0
3.0
3.0
3.0
7.5
0.0
0.1
0.4
0.48
0.24
0.49
0.05
0.05
0.0
0.0
0.0
0.0
0.0
0.0
0.0
0.0
0.0
0.0
0.0
0.0
0.0
0.0
2.3356496973315224
0.0
2.342067922997215
6.394884621840902e-14
0.0
0.0
2.16
0.0
0.0
0.0
2.343095207382122
0.0
2.315894829096364
0.0
2.1803170962540603
2.2737367544323206e-13
2.261643306607805
0.0
0.0
0.0
2.2108183085785456
1.1013412404281553e-13
2.177419200479002
0.0
0.0
7.43
0.0
0.0
2.02410338542518
1.4210854715202004e-14
2.1961528779771635
0.0
1.9388031755916497
1.4210854715202004e-14
1.8267882784192802
0.0
0.0
7.43
0.0
0.0
1.7250370210744768
8.526512829121202e-14
1.6476393952891737
2.842170943040401e-14
1.648098519687574
0.0
0.0
98.2
0.0
82.0
0.0
0.0
0.0
0.0
1.615260930793501
0.0
1.6359888429492866
0.0
1.664361689076551
4.973799150320701e-14
1.677635084764466
0.0
1.6787611883442182
5.684341886080802e-14
0.0
0.0
12.3188732078125
0.0
0.0
0.0
1.645485096085836
4.092726157978177e-12
0.0
0.0
22.0
10.2545499041875
0.0
0.0
0.0
0.0
1.6394126365839314
2.842170943040401e-14
75.0
75.0
0.0
0.0
0.0
0.0
1.6377935780169404
0.0
1.645227467050745
1.4210854715202004e-14
1.659038896116316
1.4210854715202004e-14
97.98
97.98
46.7
0.0
0.0
0.0
1.5483235810181064
7.958078640513122e-13
1.471256042889343
0.0
97.98
97.98
27.07
0.0
0.0
0.0
1.4554308034979728
0.0
0.0
97.98
0.0
0.0
1.4539989771090909
3.836930773104541e-13
1.4955528661857151
0.0
1.468210526895688
0.0
636.0
6.91
0.0
0.0
0.0
0.0
0.0
0.0
1.4413246261581385
0.0
596.4
77.0
0.0
0.0
1.4037765367987873
0.0
1.4456090461810387
2.842170943040401e-14
1.4262654097433964
1.7053025658242404e-13
74.05
74.05
87.71
87.71
29.847677699375
0.0
0.0
0.0
0.0
0.0
1.5074173464531846
0.0
25.6
0.0
1.9679086531539696
3.979039320256561e-13
1.9818794982457302
0.0
26.0
0.0
2.052717586017935
6.821210263296962e-13
1.9818794982457302
0.0
100.0
0.0
1.961067529718461
5.684341886080802e-14
1.8331488207107114
6.252776074688882e-13
77.0
60.8
10.264807037
0.0
0.0
0.0
1.6135432491196031
0.0
60.8
41.55
0.0
0.0
0.0
0.0
0.0
0.0
1.3653625515825114
0.0
1.3694801518040762
2.842170943040401e-14
1.356519379089507
0.0
140.0
27.07
80.67
80.67
0.0
0.0
0.0
0.0
1.2857423634996925
0.0
1.3766401381675015
0.0
37.123830613125
68.547122186875
0.8665054028749992
0.0
0.0
8.881784197001252e-16
1.10317040708268
0.0
0.9084945962358448
1.1368683772161603e-12
0.5710797864752859
0.0
0.0
0.0
0.0
0.0
0.0
0.0
0.0
0.0
0.3780109297864209
0.0
-0.8650645056929833
0.0
666.0085471071804
431.6424402030657
0.0
0.0
-3.141592653589793
0.0
0.5479493104248108
5.684341886080802e-14
336.5
595.0
0.0
0.0
0.5249532356007114
0.0
0.0
0.0
0.0
0.0
0.0
0.0
0.0
0.0
0.7443182552349006
1.1368683772161603e-13
0.0
0.0
0.0
0.0
0.0
0.0
0.7555954239577249
0.0
0.0
0.0
0.0
27.65
88.12640401937502
0.0
0.0
0.0
0.0
0.0
0.7727539868979334
0.0
0.9317172988227815
4.263256414560601e-14
1.0325361833749032
1.2363443602225743e-12
1.1308902486108892
0.0
1.1596521465262617
7.105427357601002e-13
1.2292864597601412
0.0
1.175729635239649
0.0
110.0
41.55
41.55
7.43
0.0
0.0
0.0
0.0
0.9061693883958251
0.0
0.0
0.0
0.0
0.0
0.0
0.0
0.0
0.0
13.790678693124988
168.24285488124997
0.0
0.0
0.0
0.0
0.0
0.0
0.0
0.0
1.2434497875801753e-14
0.0
0.9193979343403633
0.0
0.9271231580065216
9.947598300641403e-14
0.8318750276913933
0.0
1.2
1.2
1.6
1.6
1.6
1.6
0.95
0.95
0.95
0.95
1.88
1.88
3.75
2.29
2.29
1.2
0.9
0.9
1.6
0.9
0.9
3.0
1.88
0.0
0.0
0.0
0.0
0.0
0.0
0.0
0.0
0.0
0.0
0.0
0.0
0.0
0.0
0.0
0.0
0.0
0.0
0.0
0.0
0.0
0.0
0.0
0.0
0.0
0.8772598196788346
0.0
216.24976006875
0.0
0.7631871715494492
0.0
0.0
71.90087331812501
0.0
0.0
0.7292407115980142
3.694822225952521e-13
0.7067491322263355
0.0
0.0
0.0
751.1
0.0
0.0
0.0
0.0
0.0
0.0
0.0
0.0
0.0
0.0
0.0
0.0
0.0
0.0
0.0
0.1354913203253707
0.0
0.8193084535450899
0.0
0.8538199114385021
2.842170943040401e-14
121.09894915625
0.0
0.9198706593994537
0.0
0.0
0.0
0.0
0.0
0.0
0.0
0.0
0.0
0.0
0.0
0.0
0.0
0.0
0.0
0.0
0.0
0.0
0.0
0.9198706593994537
0.0
0.0
0.0
0.0
0.0
0.0
1.35
4.65
0.0
27.922806254375
0.0
0.0
0.0
0.0
0.0
0.0
0.0
0.0
0.0
0.9644614340478403
0.0
619.0
0.0
2.50222718740308
0.0
2.841214697747306
0.0
2.8491329722861343
0.0
40.71
27.07
0.0
0.0
1.423520319742875
0.0
2.9921632075878204
0.0
1.740337463681131
2.1316282072803006e-14
-154.6503844402556
-171.7021909896605
-297.57535068333857
-261.39002701810614
229.95611627432527
-102.78605831679579
-636.0
930.254853471705
-636.0
105.58552060168995
141.33335949593675
-356.52145360566647
-282.6235029519496
-159.8688018337374
-224.36957766728477
155.50426659825735
77.75228412924355
-62.04401547894838
-11.822879436268181
47.42369792461409
-446.41062033486105
-112.55777637205722
369.95168486802936
23.469182770795896
37.12681598633549
8.412352336249569
-78.06707652757996
-167.64224009309163
-231.6589516630462
-230.95098872821472
-452.1373234935875
101.31337911945934
532.8360556258722
137.50074883760874
28.69647624142476
670.176410268281
-294.254853471705
576.4866208805406
162.95655007054654
-124.89537813751502
406.6417787760006
-143.38932802693023
-50.271444953855735
-182.75579450986254
-207.52302070765768
10.07141553867666
-52.66216077656952
-212.44651702863558
27.781753923255906
-210.15817266821978
361.5406209580019
-51.18068159216091
-62.54554792326985
-387.9446428594467
-84.00826120622798
-68.5813307882272
-102.03001264619502
-113.56727040399215
-104.86947937207884
-82.98442555000634
-124.3228602985784
-75.03780039733044
-60.943012429129226
-40.70820179197142
-51.80554319307498
-126.57661133297603
-126.57661133297603
-113.72438044351247
-65.02492850961676
27.563712972237226
35.839969549707234
22.573802188885793
0.6887483668133427
-27.27548545610796
10.458188681088473
10.386311097510587
-8.589051629276469
-80.53945623047912
-10.72224216503082
7.69553729931954
6.894495597951163
21.99308291073521
-7.403050013464508
-42.37309859088748
-35.645417130831255
-37.43514518412792
-42.20994234210366
-53.15002629463629
-61.92851834985265
-117.22399548518456
-30.761258070210488
-3.8080489064795984
136.71169645013697
-136.71169645013697
-47.685535071442246
-749.4852638174484
-89.02616137869472
-230.12447663561238
-230.12447663561238
-23.037816654581547
-7.170881135080435
-101.48132260400325
41.2142949588507
-94.12010259214048
-50.47589950845986
-33.28505689422718
219.32955869923126
362.59158007790757
-51.73845432147277
39.354493209928705
-65.35449320992939
39.354493209928705
0.0
-5.170917184711357
-95.57434925646362
266.9930116710116
-315.0707118171711
-167.6896605040717
-140.64831175300174
-234.01013965144455
33.206453399587076
-53.11792096474983
-164.16533624502608
-75.82875055658197
-100.53553347608761
-245.66966129137154
-245.66966129137154
-307.37648839296867
-531.1754728940982
-255.61728012981564
-358.4349097760281
-301.1994643174243
-1010.6304353723531
-1097.6509873102461
166.60625553416435
84.9377490284046
-32.29785789849893
116.68352107828156
220.0250949011238
13.489436273532988
490.69455707327097
156.7367180772288
13.489436273532988
187.45673575743513
164.4191116929694
137.73071664368024
226.62227008594073
-69.28033900262574
106.56931971446284
146.27843858487563
-60.445293107692805
-101.86363727496604
-184.25872577710243
49.70981268538981
-195.0659466073746
52.581166210154834
78.68283982448918
-143.2020675473717
16.271274222897546
6.121413364306591
105.76214813046374
-85.04297349973251
-80.2630755558016
-76.57390332397881
-72.01556068624552
-91.08868189816667
-92.85973891284397
-89.80544962385346
-41.118061010815154
-324.45321925585
128.119120863415
-312.1627387255913
119.83145101112245
23.50294523842581
86.68077160195253
0.0
69.67308538810289
-490.39356516785796
-128.60643483214199
127.31445687847759
64.61508933148241
76.13725517799026
-67.78
127.97311851169411
-192.95500421930848
233.07760028201085
3.141592653589793
0.0
2.9880028044486
0.0
3.068359003267764
0.0
0.0
0.0
0.0
0.0
0.0
0.0
0.0
0.0
0.0
0.0
0.0
0.0
2.807600733828574
0.0
2.7836033715211457
0.0
0.0
0.0
0.0
0.0
0.0
0.0
0.0
0.0
0.0
0.0
2.909963723425305
4.035882739117369e-12
2.889401757734647
0.0
0.0
0.0
0.0
0.0
0.0
0.0
2.531772175386597
0.0
2.3377921754108444
0.0
636.0
0.0
0.0
0.0
0.0
0.0
0.0
0.0
0.0
0.0
0.0
0.0
0.0
0.0
2.1330001754034718
0.0
2.8823609959416077
4.206412995699793e-12
3.0
3.0
1.3
1.3
3.0
1.35
1.35
1.35
0.71
0.71
0.71
1.57
0.65
0.65
0.65
0.65
0.45
0.45
0.45
0.45
1.0
1.0
1.0
1.9
1.9
1.9
1.9
1.9
1.9
1.9
4.6
3.0
3.0
4.6
3.0
0.0
126.98
282.3368381043772
0.0
0.0
943.5
140.0
0.0
0.0
0.0
0.0
0.0
0.0
0.0
0.0
0.0
0.0
0.0
0.0
0.0
0.0
0.0
0.0
0.0
0.0
0.0
0.0
0.0
0.0
0.0
0.0
0.0
0.0
0.0
0.0
0.0
0.0
0.0
0.0
0.0
0.0
0.0
0.0
0.0
0.0
0.0
0.0
0.0
0.0
2.8144382827472683
0.0
2.99341735564321
0.0
2.8658314114567798
7.105427357601002e-14
30.606744125
0.0
2.832849037982429
0.0
2.8494952714858997
0.0
2.636974451798931
2.4016344468691386e-12
0.0
0.0
0.0
20.0
18.057247539375
0.0
0.0
0.0
0.0
0.0
2.8234038126305006
0.0
62.6
23.75075621
0.0
0.0
2.834828246980879
2.8421709430404007e-13
2.876696274797796
0.0
2.8092442879127653
0.0
2.6452613041345057
0.0
2.2746429852963344
2.6503244043851737e-12
62.6
4.6
30.4
2.5619888461875
3.286483525875001
7.015845817312501
3.732142222
0.0521862279375
0.0
0.0
0.0
0.0
0.0
0.0
0.0
0.0
2.1593145940889737
0.0
154.3999999999999
0.0
672.3
0.0
0.0
0.0
56.96
0.0
0.0
0.0
0.0
0.0
0.0
0.0
1.9151409238052306
0.0
0.0
677.8
0.0
0.0
0.0
0.0
0.0
0.0
0.0
0.0
0.0
0.0
0.0
0.0
1.8778945395814688
0.0
9.549657090000002
1.8655668715
1.730235207375
0.5183477993750001
0.6522822171250001
0.6607882318125
0.0
0.0
0.0
0.0
0.0
0.0
2.7819521800360008
0.0
2.900145109676518
0.0
2.927865319085731
5.684341886080802e-14
2.3769494231303145
0.0
67.6259298825
25.793470070625
0.0
0.0
2.8867389843247047
0.0
0.8
172.37778967499997
0.0
0.0
2.7426326062082076
1.2505552149377763e-12
2.60282011288348
0.0
3.0
3.0
3.0
7.5
0.0
0.1
0.4
0.48
0.24
0.49
0.05
0.05
0.0
0.0
0.0
0.0
0.0
0.0
0.0
0.0
0.0
0.0
0.0
0.0
0.0
0.0
2.3178806287352884
0.0
2.32428275197892
0.0
0.0
0.0
2.16
0.0
0.0
0.0
2.3253135996029304
0.0
2.2980985671224223
0.0
2.162537442260552
0.0
2.2425131651877734
1.4210854715202004e-14
0.0
0.0
2.190932733088519
0.0
2.1569272534697284
2.842170943040401e-14
0.0
7.43
0.0
0.0
2.001948523878439
0.0
2.1760154917879895
0.0
1.915224322910822
2.842170943040401e-14
1.8019510645086685
0.0
0.0
7.43
0.0
0.0
1.6992709618329505
0.0
1.621208660467052
5.684341886080802e-14
1.6220460557045735
1.0658141036401503e-14
0.0
98.19999999999948
0.0
82.0
0.0
0.0
0.0
0.0
1.5891355787261698
0.0
1.6096837997235767
0.0
1.6378379704846768
0.0
1.6510550372553423
0.0
1.6520351127322055
9.237055564881302e-14
0.0
0.0
12.582217930312499
0.0
0.0
0.0
1.618660164903515
4.064304448547773e-12
0.0
0.0
22.0
10.966912827687501
0.0
0.0
0.0
0.0
1.6124924435184989
0.0
75.0
75.0
0.0
0.0
0.0
0.0
1.6109558099155992
8.881784197001252e-13
1.6186104348978523
0.0
1.632379388941752
0.0
97.98
97.98
46.7
0.0
0.0
0.0
1.5215208997423257
0.0
1.444520063073094
5.684341886080802e-14
97.98
97.98
27.07
0.0
0.0
0.0
1.4286963251791231
0.0
0.0
97.98
0.0
0.0
1.427298326063342
1.3358203432289883e-12
1.468789218582648
0.0
1.4414671039935065
0.0
636.0
6.91
0.0
0.0
0.0
0.0
0.0
0.0
1.4146016632103926
0.0
596.4
77.0
0.0
0.0
1.377278161254445
0.0
1.419011225837309
7.815970093361102e-14
1.3980049207402692
0.0
74.05
74.05
87.71
87.71
32.699050354375004
0.0
0.0
0.0
0.0
0.0
1.4782093558402298
0.0
25.6
0.0
1.9401031664713226
7.389644451905042e-13
1.954618174202091
0.0
26.0
0.0
2.0282153964812792
0.0
1.954618174202091
0.0
100.0
0.0
1.932039436562734
0.0
1.8036884789198382
7.389644451905042e-13
77.0
60.8
10.97788250325
0.0
0.0
0.0
1.5826789303993047
0.0
60.8
41.55
0.0
0.0
0.0
0.0
0.0
0.0
1.3335708851826196
0.0
1.3376266211734809
0.0
1.324550355774214
0.0
140.0
27.07
80.67
80.67
0.0
0.0
0.0
0.0
1.2534500051216595
0.0
1.3469558071823178
0.0
37.123831038125005
72.176986786875
0.8173459808750001
0.0
0.0
0.0
1.069399059922814
0.0
0.875957387061284
0.0
0.5404341934016079
0.0
0.0
0.0
0.0
0.0
0.0
0.0
0.0
0.0
0.3482674704365549
2.2737367544323206e-13
-0.8836973685440945
0.0
657.024524518295
431.6424402030657
0.0
0.0
-3.141592653589793
0.0
0.5152761393757315
0.0
336.5
595.0
0.0
0.0
0.4901552950598065
0.0
0.0
0.0
0.0
0.0
0.0
0.0
0.0
0.0
0.7091311612604381
8.526512829121202e-14
0.0
0.0
0.0
0.0
0.0
0.0
0.7197568714404428
0.0
0.0
0.0
0.0
27.65
90.897165406875
0.0
0.0
0.0
0.0
0.0
0.7359242199469014
0.0
0.8945964940201137
0.0
0.9951436637451234
9.663381206337363e-13
1.0945997738433597
0.0
1.1246970675004722
1.0231815394945443e-12
1.195624421784494
0.0
1.1401693732367608
0.0
110.0
41.55
41.55
7.43
0.0
0.0
0.0
0.0
0.8676660336882307
0.0
0.0
0.0
0.0
0.0
0.0
0.0
0.0
0.0
14.308174133124993
172.02115488124997
0.0
0.0
0.0
0.0
0.0
0.0
0.0
0.0
7.105427357601002e-15
0.0
0.8784433466151
0.0
0.8879783230642584
0.0
0.794278839464913
0.0
1.2
1.2
1.6
1.6
1.6
1.6
0.95
0.95
0.95
0.95
1.88
1.88
3.75
2.29
2.29
1.2
0.9
0.9
1.6
0.9
0.9
3.0
1.88
0.0
0.0
0.0
0.0
0.0
0.0
0.0
0.0
0.0
0.0
0.0
0.0
0.0
0.0
0.0
0.0
0.0
0.0
0.0
0.0
0.0
0.0
0.0
0.0
0.0
0.833284293677556
0.0
223.41504146875
0.0
0.7159746482047735
2.842170943040401e-14
0.0
72.806257293125
0.0
0.0
0.6827711365283675
0.0
0.6612806411525689
0.0
0.0
0.0
751.1
0.0
0.0
0.0
0.0
0.0
0.0
0.0
0.0
0.0
0.0
0.0
0.0
0.0
0.0
0.0
0.08958125124718874
0.0
0.7722257725886963
1.4210854715202004e-14
0.8064847141328189
5.684341886080802e-14
123.90752223125001
0.0
0.871853126946105
0.0
0.0
0.0
0.0
0.0
0.0
0.0
0.0
0.0
0.0
0.0
0.0
0.0
0.0
0.0
0.0
0.0
0.0
0.0
0.871853126946105
0.0
0.0
0.0
0.0
0.0
0.0
1.35
4.65
0.0
28.388424214375004
0.0
0.0
0.0
0.0
0.0
0.0
0.0
0.0
0.0
0.9161832262472895
0.0
619.0
0.0
2.488358207462559
0.0
2.8211435036863373
0.0
2.8291609710424837
0.0
40.71
27.07
0.0
0.0
1.3952598307397477
0.0
2.9936620748733684
0.0
1.7102152455741662
0.0
-153.74359273377314
-172.7208733982493
-300.7188258883795
-263.6626219802256
234.00065169308823
-98.855604288336
-636.0
943.188000488838
-636.0
108.66317166896579
144.80590092714465
-346.5444550509819
-281.76058711211886
-158.70045032530925
-220.48080881727583
151.92388467099147
72.69183692992863
-65.69898431576007
-16.914037678477143
42.034758665879735
-448.2255975856069
-118.00156563299998
369.1670511885392
23.173294829234123
35.784639159721905
5.023373092532893
-79.44874783495493
-169.05462244336076
-233.09328228442877
-234.4072991785108
-449.3775768638802
97.50362361792895
531.7860467540486
138.2373445763069
29.395768194678794
670.1675997578886
-307.18800048883804
580.2963763820708
159.7981653998106
-124.24874549115208
405.888656453762
-146.30089143177298
-52.07890572202132
-184.91071149425784
-209.29053370518
10.106349255384771
-52.684476582704974
-214.5926378560374
27.73496592714548
-210.44746392035813
361.4963330101732
-52.43905842807476
-63.78918692085995
-397.05922386465653
-85.25691256160428
-69.82644684396291
-103.27005967164973
-114.79905895019652
-106.27186995543991
-84.39329978728017
-125.71948763409074
-75.72278957937976
-61.46637902802138
-40.85973869222232
-51.31693078541082
-127.80586536403996
-127.80586536403996
-114.41692783959547
-65.16926134989092
27.324761963762512
35.54919106463922
22.47800471057701
0.5994345424172707
-27.35651461209443
10.216119783199929
10.145905903344568
-8.72379262377558
-80.67387423070977
-10.176381475713129
7.924042421855802
6.661668040357199
22.177618031556108
-7.591907569343107
-42.36339518637794
-35.63143831586702
-37.420464503978565
-42.155488315383764
-53.10402528806344
-61.88304971189564
-117.21287328222252
-30.69828343474603
-3.718082754617626
136.61057294570446
-136.61057294570446
-47.65215976049922
-758.5555568748299
-88.95841318520525
-230.53037813405717
-230.53037813405717
-22.94502972733767
-7.082991646175401
-100.87432962176445
41.116319787039174
-103.72964043827074
-51.475631614580834
-34.23648854408452
216.7687435372536
363.6959138812954
-53.2713068252674
40.887345713931154
-66.88734571393093
40.887345713931154
0.0
-6.095033944389797
-96.7480053616614
266.7861664432212
-316.1353636277964
-168.31624677409002
-143.20640659155083
-235.1763850787545
32.707548313272355
-53.59125163977194
-165.1976908390793
-76.30560005958279
-100.99481623551446
-252.71838397552438
-252.71838397552438
-309.69733336450895
-527.808111406765
-254.18423762910083
-356.5472409754907
-299.79207941332925
-1001.5974300886046
-1088.6669647213607
163.73398916227757
82.0160835999618
-35.28208471281346
116.47652457107674
219.63477049437756
12.710179643238689
486.6711384389537
155.45156538274009
12.710179643238689
187.1135307437188
164.06293911148623
137.35952152456048
229.1615439616129
-70.74337232570099
104.3358633634607
149.08331845091197
-61.911759486893516
-104.88947396456155
-187.27377253900136
48.31156835533761
-201.20744332360186
55.02247469610097
80.14390315821015
-146.21565733653188
13.256227460998616
7.555448849968911
104.39109039236621
-83.6602532177169
-86.01724370131251
-79.6415188234945
-74.05911961511526
-92.62348132489302
-94.83087574621806
-87.83997799642327
-39.28792573488204
-324.1474782769257
127.24699300156192
-312.4040381815419
118.95465813170222
21.27348773608037
85.78531865226341
0.0
69.26578015810037
-493.7416755045246
-125.25832449547534
128.285780184813
63.709569494453376
77.09103226756133
-67.78
128.01699437834588
-194.33104645650292
234.44175582113894
3.141592653589793
0.0
2.98890180233788
0.0
3.0679157899199474
0.0
0.0
0.0
0.0
0.0
0.0
0.0
0.0
0.0
0.0
0.0
0.0
0.0
2.8049072942547575
0.0
2.7806546646903643
6.821210263296962e-13
0.0
0.0
0.0
0.0
0.0
0.0
0.0
0.0
0.0
0.0
2.9092318873833714
0.0
2.889492988607561
0.0
0.0
0.0
0.0
0.0
0.0
0.0
2.525315348095628
0.0
2.3313353481198753
0.0
636.0
0.0
0.0
0.0
0.0
0.0
0.0
0.0
0.0
0.0
0.0
0.0
0.0
0.0
2.1265433481125027
0.0
2.8818095003454225
0.0
3.0
3.0
1.3
1.3
3.0
1.35
1.35
1.35
0.71
0.71
0.71
1.57
0.65
0.65
0.65
0.65
0.45
0.45
0.45
0.45
1.0
1.0
1.0
1.9
1.9
1.9
1.9
1.9
1.9
1.9
4.6
3.0
3.0
4.6
3.0
0.0
126.98
256.00067604168333
0.0
0.0
943.5
140.0
0.0
0.0
0.0
0.0
0.0
0.0
0.0
0.0
0.0
0.0
0.0
0.0
0.0
0.0
0.0
0.0
0.0
0.0
0.0
0.0
0.0
0.0
0.0
0.0
0.0
0.0
0.0
0.0
0.0
0.0
0.0
0.0
0.0
0.0
0.0
0.0
0.0
0.0
0.0
0.0
0.0
0.0
2.815856491831532
0.0
2.9902190241005027
2.842170943040401e-14
2.8636241607495316
8.526512829121202e-14
32.27869506312499
0.0
2.820564456700221
0.0
2.8463760350824305
0.0
2.6239283430663543
1.3216094885137863e-12
0.0
0.0
0.0
20.0
18.768391075625
0.0
0.0
0.0
0.0
0.0
2.8099114059927164
5.684341886080802e-14
62.6
24.5776572475
0.0
0.0
2.8211664050611898
0.0
2.8615054697675744
7.105427357601002e-14
2.7929004268115687
0.0
2.6275613370483164
0.0
2.2546747686063746
3.851141627819743e-12
62.6
4.6
30.4
2.4436388265625
3.775382634124999
7.014059630999999
3.7302375384375
0.019090739624999742
0.0
0.0
0.0
0.0
0.0
0.0
0.0
2.5673907444456745e-16
2.137562312842264
0.0
154.39999999999966
0.0
672.3
0.0
0.0
0.0
56.96
0.0
0.0
0.0
0.0
0.0
0.0
0.0
1.8974247785303628
0.0
0.0
677.8
0.0
0.0
0.0
0.0
0.0
0.0
0.0
0.0
0.0
0.0
0.0
0.0
1.8616046654005993
0.0
9.367757363062502
1.7020203281875
1.357653413375
0.30648409400000004
0.3176946941875
0.7799167391249999
0.0
0.0
0.0
0.0
0.0
0.0
2.762738709109371
2.4442670110147446e-12
2.881538581934871
7.105427357601002e-14
2.909882485777545
0.0
2.3638705257568757
0.0
67.41896379125
25.60428423500001
0.0
0.0
2.8689524195108085
0.0
0.8
182.4602646625
0.0
0.0
2.7219316921497043
0.0
2.5877588085744687
0.0
3.0
3.0
3.0
7.5
0.0
0.1
0.4
0.48
0.24
0.49
0.05
0.05
0.0
0.0
0.0
0.0
0.0
0.0
0.0
0.0
0.0
0.0
0.0
0.0
0.0
0.0
2.2996891337209684
0.0
2.306075170606162
5.684341886080802e-14
0.0
0.0
2.16
0.0
0.0
0.0
2.3071096962441278
0.0
2.279878482008961
0.0
2.1443340308642993
2.2737367544323206e-13
2.222908213492663
0.0
0.0
0.0
2.1705424453349096
0.0
2.1359069699715025
0.0
0.0
7.43
0.0
0.0
1.9791973888930867
0.0
2.155363132368592
5.3290705182007514e-14
1.890993227389898
1.4210854715202004e-14
1.776410501683733
0.0
0.0
7.43
0.0
0.0
1.6727633493260896
1.1368683772161603e-13
1.5940090454450342
4.263256414560601e-14
1.5952368622137927
0.0
0.0
98.2
0.0
82.0
0.0
0.0
0.0
0.0
1.5622489469602794
0.0
1.5826072777801947
2.842170943040401e-14
1.6105301550763658
2.842170943040401e-14
1.623687791103551
0.0
1.6245117706650962
2.842170943040401e-14
0.0
0.0
12.898810626875
0.0
0.0
0.0
1.5910290792216202
2.3732127374387346e-12
0.0
0.0
22.0
11.727326633625
0.0
0.0
0.0
0.0
1.584762197680842
0.0
75.0
75.0
0.0
0.0
0.0
0.0
1.5833127976842905
1.3713474800169934e-12
1.591202633429985
0.0
1.6049270037616088
0.0
97.98
97.98
46.7
0.0
0.0
0.0
1.4939245731977318
4.263256414560601e-13
1.4169951061142791
5.684341886080802e-14
97.98
97.98
27.07
0.0
0.0
0.0
1.4011722876278938
3.126388037344441e-13
0.0
97.98
0.0
0.0
1.3998107775821058
2.7000623958883807e-13
1.4412330871891506
0.0
1.4139317991031684
0.0
636.0
6.91
0.0
0.0
0.0
0.0
0.0
0.0
1.38708510956217
0.0
596.4
77.0
0.0
0.0
1.3499998435762022
0.0
1.3916309784870418
5.684341886080802e-14
1.3688840201588954
0.0
74.05
74.05
87.71
87.71
35.58757995125
0.0
0.0
0.0
0.0
0.0
1.4481342967320998
0.0
25.6
0.0
1.9115768036168719
5.684341886080801e-13
1.9266762096395258
0.0
26.0
0.0
2.00323657818672
0.0
1.9266762096395258
0.0
100.0
0.0
1.9022070826892907
0.0
1.7733811913433106
1.0231815394945443e-12
77.0
60.8
11.7390569171875
0.0
0.0
0.0
1.5508582128563742
2.842170943040401e-14
60.8
41.55
0.0
0.0
0.0
0.0
0.0
0.0
1.3007299092839668
0.0
1.3047197268016468
0.0
1.2915191416876244
2.842170943040401e-14
140.0
27.07
80.67
80.67
0.0
0.0
0.0
0.0
1.2200686417611166
0.0
1.3163303375775213
0.0
37.123831591875
75.94654344062499
0.7584631345624999
0.0
0.0
0.0
1.0344119914110754
0.0
0.8422252312876974
0.0
0.5086250658491784
0.0
0.0
0.0
0.0
0.0
0.0
0.0
0.0
0.0
0.3173751029717682
0.0
-0.9030499854730203
0.0
652.7294506134078
426.6064548374152
0.0
0.0
-3.141592653589793
0.0
0.4813035144393414
0.0
336.5
595.0
0.0
0.0
0.45394977205036824
0.0
0.0
0.0
0.0
0.0
0.0
0.0
0.0
0.0
0.672515601824804
8.526512829121202e-14
0.0
0.0
0.0
0.0
0.0
0.0
0.6824572528464055
0.0
0.0
0.0
0.0
27.65
94.01392237124999
0.0
0.0
0.0
0.0
0.0
0.6975837840685992
0.0
0.8560023826371062
0.0
0.9563093072024555
6.252776074688882e-13
1.0569387143142448
0.0
1.0884591629624882
1.7053025658242404e-13
1.1607741921808756
0.0
1.1033309949529464
0.0
110.0
41.55
41.55
7.43
0.0
0.0
0.0
0.0
0.8277111989723642
0.0
0.0
0.0
0.0
0.0
0.0
0.0
0.0
0.0
14.832742838749994
175.60200823125
0.0
0.0
0.0
0.0
0.0
0.0
0.0
0.0
5.329070518200751e-15
0.0
0.8358942244175007
0.0
0.847276458288686
2.842170943040401e-14
0.7551567130228767
0.0
1.2
1.2
1.6
1.6
1.6
1.6
0.95
0.95
0.95
0.95
1.88
1.88
3.75
2.29
2.29
1.2
0.9
0.9
1.6
0.9
0.9
3.0
1.88
0.0
0.0
0.0
0.0
0.0
0.0
0.0
0.0
0.0
0.0
0.0
0.0
0.0
0.0
0.0
0.0
0.0
0.0
0.0
0.0
0.0
0.0
0.0
0.0
0.0
0.7874502051865258
0.0
230.82156903125
0.0
0.6667486305878558
0.0
0.0
73.852192593125
0.0
0.0
0.6342633766693249
1.1368683772161603e-13
0.6138522890436082
5.684341886080802e-14
0.0
0.0
751.1
0.0
0.0
0.0
0.0
0.0
0.0
0.0
0.0
0.0
0.0
0.0
0.0
0.0
0.0
0.0
0.04167440915410836
0.0
0.722961578783301
0.0
0.7569092351011424
0.0
127.12369831250001
0.0
0.8214392775576891
0.0
0.0
0.0
0.0
0.0
0.0
0.0
0.0
0.0
0.0
0.0
0.0
0.0
0.0
0.0
0.0
0.0
0.0
0.0
0.8214392775576891
0.0
0.0
0.0
0.0
0.0
0.0
1.35
4.65
0.0
28.953516188125
0.0
0.0
0.0
0.0
0.0
0.0
0.0
0.0
0.0
0.8654464621729794
0.0
619.0
0.0
2.474323640384603
5.684341886080802e-14
2.801094991387842
0.0
2.809220952825971
0.0
40.71
27.07
0.0
0.0
1.366138930158374
0.0
2.9951601154166525
0.0
1.6791951318520368
0.0
-152.84369494670682
-173.76618789779866
-303.9176636947546
-265.982523353277
238.10596796906157
-94.8985518128585
-636.0
956.3270284294042
-636.0
111.7764623339283
148.3208734123118
-336.49494137586044
-280.91771179578274
-157.53706130525893
-216.57793172451983
148.30304206312246
67.56388814420256
-69.41676244173959
-22.081899511583515
36.594176548046676
-449.96822332981446
-123.51343255690438
368.28329296031825
22.82961271582394
34.47783308234523
1.5277877182024895
-80.80688219471267
-170.45266985049886
-234.51985436224925
-238.03344665121807
-446.5624875950148
93.76992965475415
530.867442059739
138.94721964629503
30.057162079543332
670.252106564245
-320.3270284294042
584.0300703452458
156.76524404267184
-123.65578931510152
405.25318605609436
-149.25962162818865
-54.049029075110866
-187.14280395953278
-211.12440135484997
10.142408215736054
-52.709635014706464
-216.8171313802576
27.688666134293044
-210.75161391115762
361.4518697642784
-53.745536335270685
-65.08097420657975
-406.5490646484054
-86.55498869136625
-71.1200726027107
-104.56014012607943
-116.0811711628117
-107.73019762513701
-85.85722864212426
-127.17283647260979
-76.43595306158352
-62.011262898220934
-41.019305350380705
-50.81615757560655
-129.0862049244961
-129.0862049244961
-115.14062081860015
-65.3226044689336
27.07224842987091
35.24175774900323
22.37693201759089
0.5039630345780779
-27.44482905043742
9.958523272505772
9.890079815358531
-8.864047440979789
-80.79875956491014
-9.598675473426738
8.167531824917319
6.414444514628144
22.37495452337589
-7.792978183830428
-42.34823638249611
-35.61283844068196
-37.40093074384879
-42.09343118235461
-53.054804884078976
-61.834857049650395
-117.20606285566578
-30.631601656542443
-3.6210373557028106
136.50644042991325
-136.50644042991325
-47.61011745038695
-768.0009344126836
-88.8963229795263
-230.95658696149394
-230.95658696149394
-22.849052294778062
-6.9912812778262605
-100.23044862174675
41.015896464844445
-113.75680877046352
-52.5107086794053
-35.22057105709405
214.18993670789746
364.91535975032957
-54.91749919629092
42.53353808517727
-68.53353808517716
42.53353808517727
0.0
-7.082177571727357
-98.01107254051726
266.5958152396281
-317.3051510737231
-169.00561052798128
-145.94493806731225
-236.44386297886206
32.175947723097806
-54.100758667488776
-166.31189179137482
-76.82025478520293
-101.49218736312974
-260.166745478361
-260.166745478361
-312.2132684335593
-524.3840657370483
-252.72739806757124
-354.62846509109715
-298.36187646894376
-992.2155190836243
-1079.335905450823
160.7141288958851
78.9448954237613
-38.41817751198846
116.25842008906457
219.22350025750416
11.891927061282558
482.4435882031571
154.1012093620467
11.891927061282558
186.81438510138287
163.75033109606738
137.03131775443103
231.8649933010829
-72.31290044531534
101.9757953892015
152.07118036604834
-63.48442141802252
-108.0904137082428
-190.46477805126898
46.88489502696211
-207.61221169404484
57.62422056668515
81.71189743457262
-149.40601706503378
10.06522194873105
9.019202750072054
102.99271729060274
-82.24977256270608
-92.27432235624883
-82.9145067739313
-76.20048901272696
-94.26881755140352
-96.96154382974589
-85.93982519745555
-37.31460260848121
-323.81910791303085
126.17098454278607
-312.665508118204
117.87380665162743
18.747419949524783
84.68509508699287
0.0
68.76122596139112
-497.02559027301123
-121.97440972698882
129.35179613246862
62.72907382682445
78.13424459426938
-67.78
128.07401684907597
-195.81301349517662
235.9134540210449
3.141592653589793
0.0
2.98980774268382
0.0
3.06748384505236
0.0
0.0
0.0
0.0
0.0
0.0
0.0
0.0
0.0
0.0
0.0
0.0
0.0
2.802271674019477
0.0
2.7777681809703765
4.547473508864641e-13
0.0
0.0
0.0
0.0
0.0
0.0
0.0
0.0
0.0
0.0
2.9085295765875774
0.0
2.88960825993488
0.0
0.0
0.0
0.0
0.0
0.0
0.0
2.518975518476994
0.0
2.3249955185012414
0.0
636.0
0.0
0.0
0.0
0.0
0.0
0.0
0.0
0.0
0.0
0.0
0.0
0.0
0.0
2.120203518493869
0.0
2.881291426154462
3.410605131648481e-12
2.9999999999997726
3.0
1.3
1.3
3.0
1.35
1.35
1.35
0.71
0.71
0.71
1.57
0.65
0.65
0.65
0.65
0.45
0.45
0.45
0.45
1.0
1.0
1.0
1.9
1.9
1.9
1.9
1.9
1.9
1.9
4.6
3.0
3.0
4.6
3.0
0.0
126.98
229.7997101368503
0.0
0.0
943.5
140.0
0.0
0.0
0.0
0.0
0.0
0.0
0.0
0.0
0.0
0.0
0.0
0.0
0.0
0.0
0.0
0.0
0.0
0.0
0.0
0.0
0.0
0.0
0.0
0.0
0.0
0.0
0.0
0.0
0.0
0.0
0.0
0.0
0.0
0.0
0.0
0.0
0.0
0.0
0.0
0.0
0.0
0.0
2.817294022514707
0.0
2.9870835444959205
0.0
2.861483756157474
4.263256414560601e-14
33.86340040812499
0.0
2.8084957443765326
0.0
2.8433189290335683
0.0
2.6110664080974537
1.2363443602225743e-12
0.0
0.0
0.0
20.0
19.388764420625
0.0
0.0
0.0
0.0
0.0
2.796653221683017
5.684341886080802e-14
62.6
25.2515604775
0.0
0.0
2.807762338885377
1.3926637620897964e-12
2.846530780759843
4.263256414560601e-14
2.7767524986274896
0.0
2.6100431692096793
0.0
2.2348756400778242
3.240074875066057e-12
62.6
4.6
30.4
2.3663279833125
4.266924444624999
7.012857955749997
3.7286683079375003
0.0
0.0
0.0
0.0
0.0
0.0
2.6645352591003757e-15
0.0
0.0
2.116062058431279
0.0
154.3999999999999
0.0
672.3
0.0
0.0
0.0
56.96
0.0
0.0
0.0
0.0
0.0
0.0
0.0
1.8798339056266986
0.0
0.0
677.8
0.0
0.0
0.0
0.0
0.0
0.0
0.0
0.0
0.0
0.0
0.0
0.0
1.8454693194943346
0.0
9.224887625812501
1.6134430026875
1.0452490348749999
0.16427372425000003
0.10185568843749998
0.8914712226249999
0.0
0.0
0.0
0.0
0.0
0.0
2.743436400482069
5.684341886080802e-14
2.8628661278777354
0.0
2.8918695359578273
0.0
2.351012020733741
0.0
67.22887761624999
25.488903512500002
0.0
0.0
2.8511535303434243
2.842170943040401e-14
0.8
192.3812817125
0.0
0.0
2.701264736733682
0.0
2.573009304410747
5.3290705182007514e-14
3.0
3.0
3.0
7.5
0.0
0.1
0.4
0.48
0.24
0.49
0.05
0.05
0.0
0.0
0.0
0.0
0.0
0.0
0.0
0.0
0.0
0.0
0.0
0.0
0.0
0.0
2.2819192453282184
0.0
2.2882891799166583
0.0
0.0
0.0
2.16
0.0
0.0
0.0
2.289327268759185
0.0
2.2620814005321295
0.0
2.1265535556543895
0.0
2.203777224701275
2.842170943040401e-14
0.0
0.0
2.150656006567469
0.0
2.1154141469625856
0.0
0.0
7.43
0.0
0.0
1.9570416160797475
0.0
2.1352248762488895
7.105427357601002e-14
1.8674134315906326
0.0
1.751572317783329
4.263256414560601e-14
0.0
7.43
0.0
0.0
1.646996298475429
0.0
1.5675773009918155
8.526512829121202e-14
1.5691834033085907
0.0
0.0
98.19999999999901
0.0
82.0
0.0
0.0
0.0
0.0
1.536122599085509
0.0
1.5563012382365464
0.0
1.5840054395516328
0.0
1.597106746510236
1.4210854715202004e-14
1.5977846975480938
0.0
0.0
0.0
13.162155349374999
0.0
0.0
0.0
1.5642031502203189
3.581135388230905e-12
0.0
0.0
22.0
12.439689557125
0.0
0.0
0.0
0.0
1.5578410066507251
7.105427357601002e-15
75.0
75.0
0.0
0.0
0.0
0.0
1.5564740316995715
4.334310688136611e-13
1.5645846040494895
7.815970093361102e-14
1.5782664992485937
7.815970093361102e-14
97.98
97.98
46.7
0.0
0.0
0.0
1.467120892350536
1.3642420526593924e-12
1.3902581260960698
0.0
97.98
97.98
27.07
0.0
0.0
0.0
1.3744368090210912
8.526512829121202e-14
0.0
97.98
0.0
0.0
1.3731091264477904
4.263256414560601e-13
1.4144684392522944
0.0
1.3871873754721857
0.0
636.0
6.91
0.0
0.0
0.0
0.0
0.0
0.0
1.3603611447923765
0.0
596.4
77.0
0.0
0.0
1.3235004687425258
0.0
1.365032158482709
0.0
1.3406224983520882
0.0
74.05
74.05
87.71
87.71
38.43895260625
0.0
0.0
0.0
0.0
0.0
1.4189251956233804
0.0
25.6
0.0
1.883769892778738
7.958078640513122e-13
1.8994133724422113
0.0
26.0
0.0
1.9787324242379727
1.1368683772161603e-13
1.8994133724422113
0.0
100.0
0.0
1.8731777165748227
0.0
1.7439196229926957
6.821210263296962e-13
77.0
60.8
12.452132383437501
0.0
0.0
0.0
1.519992740040026
8.526512829121202e-14
60.8
41.55
0.0
0.0
0.0
0.0
0.0
0.0
1.2689371934185223
0.0
1.2728651497141525
0.0
1.2595490778356861
4.973799150320701e-14
140.0
27.07
80.67
80.67
0.0
0.0
0.0
0.0
1.1877752599278253
0.0
1.286644977090024
0.0
37.123832016875
79.57640804062498
0.7093037125624999
0.0
0.0
0.0
1.000639694628548
0.0
0.8096871238909045
0.0
0.47797865417722374
0.0
0.0
0.0
0.0
0.0
0.0
0.0
0.0
0.0
0.2876308636895004
0.0
-0.9216833379063951
0.0
643.7451919675004
426.6064548374152
0.0
0.0
-3.141592653589793
0.0
0.4486295146228447
0.0
336.5
595.0
0.0
0.0
0.41915096865328927
0.0
0.0
0.0
0.0
0.0
0.0
0.0
0.0
0.0
0.6373276373910004
8.526512829121202e-14
0.0
0.0
0.0
0.0
0.0
0.0
0.6466178201134269
0.0
0.0
0.0
0.0
27.65
96.78468375874999
0.0
0.0
0.0
0.0
0.0
0.6607531220572715
0.0
0.8188806578833847
0.0
0.9189158461357314
4.263256414560601e-14
1.0206472890490987
2.842170943040401e-14
1.0535031220192934
1.0800249583553523e-12
1.127111162347747
0.0
1.0677697372465564
0.0
110.0
41.55
41.55
7.43
0.0
0.0
0.0
0.0
0.7892068736881424
0.0
0.0
0.0
0.0
0.0
0.0
0.0
0.0
0.0
15.350238278749998
179.38030823125
0.0
0.0
0.0
0.0
0.0
0.0
0.0
0.0
0.0
0.0
0.7949386869847008
0.0
0.8081306970883313
5.684341886080802e-14
0.7175596193492235
3.907985046680551e-14
1.2
1.2
1.6
1.6
1.6
1.6
0.95
0.95
0.95
0.95
1.88
1.88
3.75
2.29
2.29
1.2
0.9
0.9
1.6
0.9
0.9
3.0
1.88
0.0
0.0
0.0
0.0
0.0
0.0
0.0
0.0
0.0
0.0
0.0
0.0
0.0
0.0
0.0
0.0
0.0
0.0
0.0
0.0
0.0
0.0
0.0
0.0
0.0
0.7434737294777101
0.0
237.98685043125
0.0
0.6195351575356431
0.0
0.0
74.757576568125
0.0
0.0
0.5877928518921411
0.0
0.5683828482623046
0.0
0.0
0.0
751.1
0.0
0.0
0.0
0.0
0.0
0.0
0.0
0.0
0.0
0.0
0.0
0.0
0.0
0.0
0.0
-0.004236609631611099
0.0
0.6758779481193704
0.0
0.7095730880879225
2.842170943040401e-14
129.9322713875
0.0
0.7734207953968033
8.526512829121202e-14
0.0
0.0
0.0
0.0
0.0
0.0
0.0
0.0
0.0
0.0
0.0
0.0
0.0
0.0
0.0
0.0
0.0
0.0
0.7734207953968033
0.0
0.0
0.0
0.0
0.0
0.0
1.35
4.65
0.0
29.419134148125
0.0
0.0
0.0
0.0
0.0
0.0
0.0
0.0
0.0
0.817167304664892
0.0
619.0
0.0
2.4604538499225432
0.0
2.781022491677474
2.842170943040401e-14
2.7892476469257037
0.0
40.71
27.07
0.0
0.0
1.3378774083515668
0.0
2.996659072313138
0.0
1.6490717211902428
0.0
-151.93684775357485
-174.7849257930369
-307.0613163851143
-268.25524451284355
242.1507326438183
-90.96786852840893
-636.0
969.2609081994124
-636.0
114.8542908865229
151.79361465763668
-326.5173654880564
-280.0547404693025
-156.3686390860331
-212.6889336185211
144.72246010217282
62.50315932492606
-73.07193131223517
-27.173339373754175
31.20492387347997
-451.78337812399513
-128.95753523367955
367.49864080024054
22.533706293674754
33.13542040549373
-1.8614352567501555
-82.18878935232556
-171.8652880510059
-235.95442083386968
-241.49101958265027
-443.8021680639074
89.95964955702425
529.8174814931167
139.68389165801273
30.75653030581691
670.2432664978369
-333.26090819941237
587.8403504429757
153.60660412049128
-123.00908039571908
404.5005174633511
-152.1713640114566
-55.856508265116645
-189.29778132290335
-212.8919407139548
10.177341593775282
-52.73195048217303
-218.96331258663463
27.641878476851502
-211.04090203962187
361.4075863858152
-55.00393946218992
-66.32463926043408
-415.663824254274
-87.80366633774793
-72.36521478211807
-105.80021337513199
-117.31298583268784
-109.13261803242136
-87.26613270332132
-128.56949363204546
-77.12095818710065
-62.53464368763525
-41.17084400357726
-50.32752305008921
-130.31548512919477
-130.31548512919477
-115.83318209513857
-65.46693906215341
26.83329674254162
34.95097844246095
22.281134281913296
0.41464895281319514
-27.525858463792815
9.716453678582411
9.649673929941438
-8.998788641566648
-80.9331782394529
-9.052814245650893
8.396037626308157
6.18161627817949
22.559490208302122
-7.981836303814475
-42.338533742240315
-35.598860298242336
-37.386250769990966
-42.0389779001805
-53.00880431236544
-61.78938888938626
-117.1949412896879
-30.568626818953362
-3.5310706735613167
136.40531890054194
-136.40531890054194
-47.57674049448724
-777.0714106400894
-88.8285784060547
-231.36249224872472
-231.36249224872472
-22.75626500091289
-6.903391423139169
-99.62344879434067
40.917920927250975
-123.3665402518061
-53.51047709390161
-36.1720381045825
211.62891156731234
366.0194465775576
-56.4501010009659
44.066139890059276
-70.06613989005939
44.066139890059276
0.0
-8.006180048151919
-99.18458850688876
266.3888748774307
-318.36968860109437
-169.63212610171672
-148.50297247990875
-237.61001981478205
31.67706690011721
-54.57406507917676
-167.3441927559561
-77.29707951649527
-101.95144585922247
-267.21545181911847
-267.21545181911847
-314.53399635598953
-521.0165640029777
-251.2942952456782
-352.7407163649986
-296.95443124367046
-983.1822777428538
-1070.3516468049156
157.8418146465317
76.0231820625022
-41.4024522037696
116.05141953762225
218.8331682247133
11.112658760706154
478.4201057983023
152.8160362980947
11.112658760706154
186.47115073535724
163.3941291622749
136.66009328300197
234.40424629962854
-73.775899956383
99.74231584057134
154.87603666423524
-64.9508539666275
-111.11622470176798
-193.47979914392948
45.48663217242154
-213.75372266991508
60.065508175504874
83.17292693769787
-152.41958115812366
7.050200856070546
10.453256816911107
101.62164097132825
-80.86703369951363
-98.02849050175996
-85.98212227344698
-78.2440479415967
-95.80361697812992
-98.9326806631201
-83.97435357002541
-35.48446733254832
-323.51336693410633
125.29885668093311
-312.906807574155
116.9970137722072
16.517962447179343
83.78964213730376
0.0
68.3539207313886
-500.37394739292813
-118.62605260707187
130.32312898478222
61.82354444381724
79.08803122981863
-67.78
128.11789271572775
-197.18898503608824
237.2775388638902
