3.0849907259766223
0.0
2.959835325946365
0.0
3.028302263240226
0.0
0.0
0.0
0.0
0.0
0.0
0.0
0.0
0.0
0.0
0.0
0.0
0.0
2.8290159183896577
0.0
2.810559398985262
0.0
0.0
0.0
0.0
0.0
0.0
0.0
0.0
0.0
0.0
0.0
2.90339657786855
0.0
2.8842335992625285
2.842170943040401e-14
0.0
0.0
0.0
0.0
0.0
0.0
2.6205874473044446
1.1368683772161603e-13
2.441219997326866
0.0
326.09
0.0
262.0
0.0
0.0
0.0
0.0
0.0
0.0
0.0
0.0
0.0
0.0
0.0
2.251855017320049
0.0
2.883319433651333
7.958078640513122e-13
0.9
0.9
0.26
0.26
0.6
0.27
0.27
0.27
0.14
0.14
0.14
0.31
0.13
0.13
0.13
0.13
0.09
0.09
0.09
0.09
0.2
0.2
0.2
1.9
1.9
1.9
1.9
1.9
1.9
0.57
1.38
0.9
0.9
1.38
0.9
0.0
126.98
160.0
0.0
0.0
943.5
140.0
0.0
0.0
0.0
0.0
0.0
0.0
0.0
0.0
0.0
0.0
0.0
0.0
0.0
0.0
0.0
0.0
0.0
0.0
0.0
0.0
0.0
0.0
0.0
0.0
0.0
0.0
0.0
0.0
0.0
0.0
0.0
0.0
0.0
0.0
0.0
0.0
0.0
0.0
0.0
0.0
0.0
0.0
2.820105060470702
0.0
2.9949245663194315
0.0
2.8905237443051996
0.0
0.0
0.0
2.946135715263865
0.0
2.8917874088359596
0.0
2.817938100677213
0.0
0.0
0.0
0.0
19.999999999883954
0.0
0.0
0.0
0.0
0.0
0.0
2.95764759064007
0.0
62.6
0.0
0.0
0.0
2.953698631831382
4.632738637155853e-12
3.002769456529185
0.0
2.9607675370257915
0.0
2.8438288330727275
2.842170943040401e-14
2.571372196157764
0.0
62.6
4.6
30.4
0.5744624763125
22.423813520625
7.01793458
3.7343292611249983
0.12804056556249999
0.0
0.0
0.0
0.0
0.0
0.0
1.7763568394002505e-15
0.0
2.426388434247926
0.0
84.92
0.0
302.54
0.0
0.0
0.0
56.96
0.0
0.0
0.0
0.0
0.0
0.0
0.0
2.3322885141991208
0.0
0.0
677.8
0.0
0.0
0.0
0.0
0.0
0.0
0.0
0.0
0.0
0.0
0.0
0.0
2.2225448823331284
0.0
5.874834840999999
0.4576247445625001
2.131345868437501
1.9642145984375006
1.1797554381250002
3.7633776731875
0.0
0.0
0.0
0.0
0.0
0.0
3.037837913098638
0.0
3.125894248062239
5.684341886080802e-14
3.141592653589793
0.0
2.5583860670547702
0.0
22.737663733749997
25.123997069375
0.0
0.0
3.106759262315406
0.0
0.8
0.0
0.0
0.0
3.0171670787704477
1.0231815394945443e-12
2.7293086677746032
2.1316282072803006e-14
0.6
0.6
0.6
2.25
0.0
0.1
0.4
0.48
0.24
0.49
0.05
0.05
0.0
0.0
0.0
0.0
0.0
0.0
0.0
0.0
0.0
0.0
0.0
0.0
0.0
0.0
2.4679371899587093
0.0
2.4714715259575293
1.4210854715202004e-14
0.0
0.0
2.16
0.0
0.0
0.0
2.472495039889484
0.0
2.451036425898401
0.0
2.3413865423238036
0.0
2.3893598198601165
4.263256414560601e-14
0.0
0.0
2.339663405712651
2.5224267119483557e-13
2.3052073004036338
0.0
0.0
7.43
0.0
0.0
2.1653713237778653
0.0
2.327425287246845
0.0
2.0831054066391204
2.1316282072803006e-14
1.98061052484577
0.0
0.0
7.43
0.0
0.0
1.8918892722132545
2.842170943040401e-14
1.8289293582475459
0.0
1.829011654409321
0.0
0.0
42.69
0.0
82.0
0.0
0.0
0.0
0.0
1.8032491949573801
0.0
1.8076326361080683
0.0
1.8156599801919677
4.263256414560601e-14
1.8223660607954457
0.0
1.8148995518047721
7.105427357601002e-14
0.0
0.0
0.0
0.0
0.0
0.0
1.78443030839599
2.4584778657299466e-12
0.0
0.0
22.0
0.0
0.0
0.0
0.0
0.0
1.7769309821310202
0.0
75.0
75.0
0.0
0.0
0.0
0.0
1.7760044149026477
1.8189894035458565e-12
1.7952306447006636
6.039613253960852e-14
1.8031276712716409
0.0
97.98
97.98
46.7
0.0
0.0
0.0
1.6941252012769805
1.8900436771218665e-12
1.6428231199073693
8.526512829121202e-14
97.98
97.98
27.07
0.0
0.0
0.0
1.6307972344745831
6.536993168992922e-13
0.0
97.98
0.0
0.0
1.6341218695232467
0.0
1.6670434018709592
0.0
1.653011381454034
0.0
636.0
6.91
0.0
0.0
0.0
0.0
0.0
0.0
1.656855390283397
0.0
328.02
77.0
0.0
0.0
1.646614398751879
0.0
1.654314336242452
0.0
1.655105982319487
1.9895196601282805e-13
74.05
74.05
87.71
87.71
0.0
0.0
0.0
0.0
0.0
0.0
1.7215457849774767
0.0
25.6
0.0
2.1186114871845003
4.547473508864641e-13
2.140767019680272
0.0
26.0
0.0
2.2531049308994744
2.2737367544323206e-13
2.140767019680272
0.0
100.0
0.0
2.089017514096204
0.0
1.9884722896927167
7.958078640513122e-13
77.0
60.8
0.0
0.0
0.0
0.0
1.8025462551273002
1.4210854715202004e-14
60.8
41.55
0.0
0.0
0.0
0.0
0.0
0.0
1.6283960728238824
0.0
1.6330921778542304
2.1316282072803006e-14
1.626961151552818
0.0
140.0
27.07
80.67
80.67
0.0
0.0
0.0
0.0
1.5849096652761148
0.0
1.6303163738529607
0.0
28.303957808124977
119.91218621250002
74.87078358687499
2.842170943040401e-14
0.0
0.0
1.4163453732393751
8.554934538551606e-12
1.2521043446053177
1.5631940186722204e-13
0.9672163733362407
0.0
0.0
0.0
0.0
0.0
0.0
0.0
0.0
0.0
0.8040408158287775
1.4210854715202004e-14
-0.42120826078256446
0.0
688.3
381.79533658483115
0.0
0.0
-2.640585989069457
0.0
1.0200934139330045
1.4210854715202004e-13
185.07
595.0
0.0
0.0
1.0505454429378869
1.1368683772161603e-13
0.0
0.0
0.0
0.0
0.0
0.0
0.0
0.0
1.247211966245735
0.0
0.0
0.0
0.0
0.0
0.0
0.0
1.2699239797791266
0.0
8.82
0.0
24.48
27.65
0.0
0.0
0.0
0.0
0.0
0.0
1.3044810147308894
0.0
1.4414278944670844
0.0
1.5287059582118232
8.242295734817162e-13
1.5692955574051206
0.0
1.5395435000510203
0.0
1.5676637171203094
0.0
1.594884135042144
0.0
110.0
41.55
41.55
7.43
0.0
0.0
0.0
0.0
1.4482983878690856
0.0
0.0
0.0
0.0
0.0
0.0
0.0
0.0
0.0
0.0
244.091591125
0.0
0.0
0.0
0.0
0.0
0.0
0.0
0.0
0.0
0.0
1.5574142446125085
0.0
1.5089246901323188
0.0
1.379113930888611
0.0
0.36
0.36
0.48
0.48
0.48
0.48
0.28
0.19
0.19
0.19
0.56
0.56
3.75
0.69
0.69
0.36
0.9
0.9
0.32
0.27
0.18
0.9
0.56
0.0
0.0
0.0
0.0
0.0
0.0
0.0
0.0
0.0
0.0
0.0
0.0
0.0
0.0
0.0
0.0
0.0
0.0
0.0
0.0
0.0
0.0
0.0
0.0
0.0
1.6892723034749562
0.0
0.0
0.0
1.7368084865865239
0.0
0.0
0.0
0.0
0.0
1.7308058639328756
5.684341886080801e-13
1.6985450269440516
0.0
0.0
0.0
412.5
0.0
0.0
0.0
0.0
0.0
0.0
0.0
0.0
0.0
0.0
0.0
0.0
0.0
0.0
0.0
1.4262663610226438
0.0
1.8193107860129105
0.0
1.8535402895338855
2.842170943040401e-14
0.0
0.0
1.9226369406556527
1.1368683772161603e-13
0.0
0.0
0.0
0.0
0.0
0.0
0.0
0.0
0.0
0.0
0.0
0.0
0.0
0.0
0.0
0.0
0.0
0.0
1.9226369406556527
0.0
0.0
0.0
0.0
0.0
0.0
1.35
4.65
0.0
0.0
0.0
0.0
0.0
0.0
0.0
0.0
0.0
0.0
0.0
1.975145796570425
0.0
306.4
0.0
2.763347079824795
0.0
3.0750295284173284
5.684341886080802e-14
3.0806387038337366
1.4210854715202004e-14
40.71
27.07
0.0
0.0
1.6523608923189654
0.0
2.9622808925709645
0.0
1.9086980617902736
0.0
-125.28068071084317
-133.69920456482964
-231.28470430093694
-201.61376319339684
171.9207016494737
-92.12970484254458
-588.0899999999999
711.5054369954237
-588.0899999999999
78.92952799156865
106.68626785161541
-322.52231212543666
-226.83484649877607
-130.12325173095314
-188.6133494141319
152.67460008338753
99.60209877571106
-19.962705015415168
28.51895946484126
85.95005796423993
-293.3583857240201
-41.00461308441061
276.65245539965815
-8.010058435776273
41.94087581004669
19.195219714587438
-49.472225583169006
-120.55536489403875
-171.35637541547396
-294.68244287670655
-298.8546024483044
287.2869944003776
432.85239195207305
102.9898654303006
16.647301724950125
668.9485403603567
-123.41543699542365
390.5130055996224
184.78641179232545
-105.2368316358353
386.6391002541013
-90.95653148225114
-27.37858850882185
-174.2982696858321
-196.6645513678144
10.034450313676189
-41.116901535438274
-195.96636751492497
17.006902728676664
-179.7953623041576
292.3996895688085
-58.185477393676706
-66.2934643920371
-401.85097175616016
-82.14283330241847
-70.75175626931923
-95.24157482222716
-103.58220490227973
-99.55985354589086
-83.58828239561672
-113.75680549798574
-65.42865237998774
-49.57473540587125
-33.26858084860919
-41.08826126426595
-112.11211417873369
-112.11211417873369
-95.35555370305394
-51.01477119706249
5.829044083175745
9.058967324525383
11.404898984776992
-4.5666721654971525
-24.974789677880494
-6.511725452908536
-6.4669713272420095
-10.607250728376926
-88.22925125198162
-6.136206810142653
19.902929390406598
-9.255217468008823
28.07790513383395
-17.430193211436062
-39.382951208069244
-32.62120064751319
-34.25908519566667
-38.371538860846954
-35.380745771438114
-42.21864453704234
-89.08063283055321
-15.51025023650277
8.842114490843414
70.16010208462694
-70.16010208462694
-82.88860814156169
-694.2506613249686
12.728506056934748
-170.44047467927066
-170.44047467927066
5.73051799440691
17.258518563405232
-27.678355493635536
7.5861453110875345
-10.933799774439876
-38.654993977296954
-25.217101844943045
179.5670342305359
312.65015921687814
-74.7939117907539
62.40995068232746
-88.40995068232769
62.40995068232746
0.0
-22.36883831270427
-92.2973031913848
218.7922169670146
-247.6483359498635
-117.66904210114001
-92.22743777574397
-180.12817253416904
37.871814760720326
-25.12715697460908
-89.66269597029577
-41.415626236797614
-59.73222480574873
-122.72083400497559
-122.72083400497559
-248.59402070911386
-448.13377519175674
-215.82422066529847
-302.7456275626155
-254.56405219278184
-996.1374606825389
-1070.095336584831
211.8162726592518
142.48822376719295
42.76970365785837
104.60985281997631
197.2582981864782
27.167480307555024
502.84271647207197
160.61705994652488
27.167480307555024
161.49396195047643
141.9145211893291
119.2323275568582
93.52442208660216
-24.92646441163572
232.44929589194874
12.471279444647053
-18.46461259404873
9.23562015347261
-66.31615408055154
85.74007791396889
49.49704551743298
-54.39132971798233
31.774256580392716
-20.932899682219045
134.21384591944843
-38.42278484758981
133.51147794669123
-115.90246361601692
251.1582073884383
87.93835390320305
30.010216610213888
25.559114128588817
61.62916258914561
-15.879954113167855
-58.9777641510027
-166.41502890304162
125.89604850582509
-148.78615623257645
118.85244277355537
128.71739501507454
90.67801984447658
0.0
82.0450873668317
-181.36551777051488
-125.03448222948509
94.54648634506134
57.76085118088872
53.934379001761386
-67.78
101.5541657879329
-165.85078565979995
195.13199752974072
3.0825797510860866
0.0
2.957698735092432
0.0
3.0261431291935725
0.0
0.0
0.0
0.0
0.0
0.0
0.0
0.0
0.0
0.0
0.0
0.0
0.0
2.8278488343192834
0.0
2.809488059090933
9.094947017729282e-13
0.0
0.0
0.0
0.0
0.0
0.0
0.0
0.0
0.0
0.0
2.9016891525281743
5.684341886080802e-14
2.8824653741811836
0.0
0.0
0.0
0.0
0.0
0.0
0.0
2.6206429012234134
0.0
2.4412754512458346
0.0
326.09
0.0
262.0
0.0
0.0
0.0
0.0
0.0
0.0
0.0
0.0
0.0
0.0
0.0
2.2519104712390177
0.0
2.8816784552866066
3.296918293926865e-12
0.9
0.9
0.26
0.26
0.6
0.27
0.27
0.27
0.14
0.14
0.14
0.31
0.13
0.13
0.13
0.13
0.09
0.09
0.09
0.09
0.2
0.2
0.2
1.8999999999990052
1.9
1.9
1.9
1.9
1.9
0.57
1.38
0.9
0.9
1.38
0.9
0.0
126.98
160.0
0.0
0.0
943.5
140.0
0.0
0.0
0.0
0.0
0.0
0.0
0.0
0.0
0.0
0.0
0.0
0.0
0.0
0.0
0.0
0.0
0.0
0.0
0.0
0.0
0.0
0.0
0.0
0.0
0.0
0.0
0.0
0.0
0.0
0.0
0.0
0.0
0.0
0.0
0.0
0.0
0.0
0.0
0.0
0.0
0.0
0.0
2.8183474778454825
0.0
2.993475916606208
5.684341886080802e-14
2.889272316201896
7.105427357601002e-14
0.0
0.0
2.9467452360472173
3.0127011996228248e-12
2.89063677469462
0.0
2.8188650354912816
0.0
0.0
0.0
0.0
19.999999999883954
0.0
0.0
0.0
0.0
0.0
0.0
2.958305531242196
0.0
62.6
0.0
0.0
0.0
2.9545977388926516
1.6200374375330284e-12
3.0037673790345956
0.0
2.9620974684054424
7.105427357601002e-14
2.845769353073994
0.0
2.5745844939740223
0.0
62.6
4.6
30.4
0.5779554485625
22.524776573125
7.01793458
3.734254800125
0.1393347338125
0.0
0.0
0.0
0.0
0.0
0.0
0.0
0.0
2.4317259643305755
0.0
84.92
0.0
302.54
0.0
0.0
0.0
56.96
0.0
0.0
0.0
0.0
0.0
0.0
0.0
2.3345491032844405
0.0
0.0
677.8
0.0
0.0
0.0
0.0
0.0
0.0
0.0
0.0
0.0
0.0
0.0
0.0
2.224781433842045
0.0
5.870624159249999
0.4942519535624994
1.9281932804375002
1.7445877564374999
1.2181734101250001
4.0377800721875
0.0
6.661338147750939e-16
0.0
0.0
0.0
0.0
3.0382619643606867
2.8421709430404007e-13
3.125986790045877
0.0
3.141592653589793
5.684341886080802e-14
2.560568502554
1.4779288903810084e-12
22.82849952875
25.086206434375
0.0
0.0
3.106862092675767
0.0
0.8
0.0
0.0
0.0
3.0178302382054634
2.1600499167107046e-12
2.7322419449676634
0.0
0.6
0.6
0.6
2.25
0.0
0.1
0.4
0.48
0.24
0.49
0.05
0.05
0.0
0.0
0.0
0.0
0.0
0.0
0.0
0.0
0.0
0.0
0.0
0.0
0.0
0.0
2.4735444551656673
0.0
2.4770773771994365
0.0
0.0
0.0
2.16
0.0
0.0
0.0
2.4780931352465103
2.1316282072803006e-14
2.4567383941527297
2.4442670110147446e-11
2.3475612531531693
0.0
2.3960506430950854
2.842170943040401e-14
0.0
0.0
2.34697334754841
0.0
2.3129924512933338
0.0
0.0
7.43
0.0
0.0
2.1746411300579958
0.0
2.3349534217404306
0.0
2.093585696713574
0.0
1.9922230115531203
0.0
0.0
7.43
0.0
0.0
1.9044526588674238
0.0
1.842301778704151
0.0
1.8418737060284087
3.907985046680551e-14
0.0
42.69
0.0
82.0
0.0
0.0
0.0
0.0
1.816224885265644
0.0
1.8205300357089422
2.3092638912203256e-14
1.8284552981532718
0.0
1.8351197767834657
0.0
1.8276361842154598
3.907985046680551e-14
0.0
0.0
0.0
0.0
0.0
0.0
1.7972481990743088
7.347011887759436e-12
0.0
0.0
22.0
0.0
0.0
0.0
0.0
0.0
1.7897591786276834
7.815970093361102e-14
75.0
75.0
0.0
0.0
0.0
0.0
1.7888319051942299
0.0
1.808064853700083
3.907985046680551e-14
1.8159201461816883
4.085620730620576e-14
97.98
97.98
46.7
0.0
0.0
0.0
1.707450415629614
7.531752999057062e-13
1.6565305612966803
5.684341886080802e-14
97.98
97.98
27.07
0.0
0.0
0.0
1.6445741494080899
0.0
0.0
97.98
0.0
0.0
1.6478350886075868
1.9042545318370685e-12
1.6808400648338502
0.0
1.6670523183082375
0.0
636.0
6.91
0.0
0.0
0.0
0.0
0.0
0.0
1.67156269795254
0.0
328.02
77.0
0.0
0.0
1.6604830476062435
0.0
1.6680598002416662
0.0
1.671913597293197
0.0
74.05
74.05
87.71
87.71
0.0
0.0
0.0
0.0
0.0
0.0
1.7387677032333198
0.0
25.6
0.0
2.133074551362175
4.547473508864641e-13
2.1544428263599578
2.2737367544323206e-13
26.0
0.0
2.2627890094213043
0.0
2.1544428263599578
0.0
100.0
0.0
2.1052679729716974
5.684341886080802e-14
2.0057142043766296
5.400124791776761e-13
77.0
60.8
0.0
0.0
0.0
0.0
1.822078656650267
1.4210854715202004e-14
60.8
41.55
0.0
0.0
0.0
0.0
0.0
0.0
1.65164965721031
0.0
1.6563578688546388
0.0
1.6503087035141757
7.105427357601002e-14
140.0
27.07
80.67
80.67
0.0
0.0
0.0
0.0
1.608585388383446
0.0
1.649549439601147
0.0
28.095806565625004
119.91957138750001
76.361594924375
0.0
0.0
0.0
1.4484086546599677
2.3874235921539366e-12
1.2894541053840456
0.0
1.0129147678333803
0.0
0.0
0.0
0.0
0.0
0.0
0.0
0.0
0.0
0.8539232871785036
0.0
-0.3540954983983666
2.2737367544323206e-13
688.3
367.4
0.0
0.0
-2.543617298605495
0.0
1.07051888805994
2.842170943040401e-14
185.07
569.7076622825487
0.0
0.0
1.101979720135816
0.0
0.0
0.0
0.0
0.0
0.0
0.0
0.0
0.0
1.2961945541289852
0.0
0.0
0.0
0.0
0.0
0.0
0.0
1.3169621655062098
0.0
8.82
0.0
24.48
27.65
0.0
0.0
0.0
0.0
0.0
0.0
1.3485607321049926
0.0
1.480291710860718
2.842170943040401e-14
1.563229233457612
1.2931877790833823e-12
1.602118541509335
0.0
1.5706468355413685
0.0
1.595130452738708
0.0
1.6217855086741526
0.0
110.0
41.55
41.55
7.43
0.0
0.0
0.0
0.0
1.478266510157428
0.0
0.0
0.0
0.0
0.0
0.0
0.0
0.0
0.0
0.0
244.112955725
0.0
0.0
0.0
0.0
0.0
0.0
0.0
0.0
0.0
0.0
1.5898657263836817
0.0
1.546051738222916
5.684341886080802e-14
1.4208444961314388
0.0
0.36
0.36
0.48
0.48
0.48
0.48
0.28
0.19
0.19
0.19
0.56
0.56
3.75
0.69
0.69
0.36
0.9
0.9
0.32
0.27
0.18
0.9
0.56
0.0
0.0
0.0
0.0
0.0
0.0
0.0
0.0
0.0
0.0
0.0
0.0
0.0
0.0
0.0
0.0
0.0
0.0
0.0
0.0
0.0
0.0
0.0
0.0
0.0
1.7204656486387293
0.0
0.0
0.0
1.7672818512897663
0.0
0.0
0.0
0.0
0.0
1.761005569039976
2.4158453015843406e-13
1.7287196708968926
0.0
0.0
0.0
412.5
0.0
0.0
0.0
0.0
0.0
0.0
0.0
0.0
0.0
0.0
0.0
0.0
0.0
0.0
0.0
1.4559877120584002
0.0
1.8491892303437014
0.0
1.8832977360820156
0.0
0.0
0.0
1.9521865790441861
0.0
0.0
0.0
0.0
0.0
0.0
0.0
0.0
0.0
0.0
0.0
0.0
0.0
0.0
0.0
0.0
0.0
0.0
0.0
1.9521865790441861
0.0
0.0
0.0
0.0
0.0
0.0
1.35
4.65
0.0
0.0
0.0
0.0
0.0
0.0
0.0
0.0
0.0
0.0
0.0
2.004400600767216
4.263256414560601e-14
306.4
0.0
2.764239953553881
5.684341886080802e-14
3.075427302524629
0.0
3.0810055460056027
0.0
40.71
27.07
0.0
0.0
1.6691685072926756
0.0
2.9600464497813856
0.0
1.9269866065080503
0.0
-125.00602201554506
-133.10524031040381
-230.08490259618748
-200.60654638571674
170.74276563818012
-92.42201128952371
-588.0899999999999
707.2852354475572
-588.0899999999999
78.24072814517092
105.8510208274738
-323.1172318217905
-226.21957340035715
-129.87228209255636
-188.5820480725808
152.93770357379776
100.31801747714599
-19.12057306096915
29.473292227191223
86.67781393988037
-292.63203782778965
-39.85104897803399
276.1197935937787
-7.520876977047692
42.02533345461097
19.930210267680195
-49.081166838326
-119.92589208828076
-170.55651515448528
-290.3628650999218
-300.04423836197793
287.3499199930543
431.72568163107644
102.60213528020518
16.54916600529714
665.7127138517426
-119.19523544755737
390.4500800069454
184.25915366456684
-104.92616589458828
384.42822568243673
-90.3876694777478
-27.061888942038422
-172.43029829539216
-194.75841446670336
9.95841222658919
-40.92350714421241
-194.01658507744764
16.97268687071744
-178.7878830770278
291.13904270188436
-57.25259533648443
-65.33633726029461
-394.45786929235305
-81.11949677217547
-69.77596765769749
-94.17061064503696
-102.48246016868757
-98.35685616170463
-82.44558799551999
-112.50020546196077
-64.727398731932
-48.93770091576778
-33.11055705764784
-41.72302950161077
-110.96478166235727
-110.96478166235727
-94.622648541275
-50.789744089760916
5.724934099947518
8.927308677109522
11.334147329536108
-4.5771208366485325
-24.90818454048258
-6.566327400979617
-6.521198004202034
-10.592673899034935
-88.12873174134438
-6.140883664980379
19.90988457450021
-9.302374633272848
28.04165732687443
-17.434147385647066
-39.16170233134778
-32.422904208848074
-34.05083245047706
-38.141224747771275
-35.11714091856254
-41.917510816445656
-88.56601398468729
-15.499951314883901
8.672710636682496
68.93873262806505
-68.93873262806505
-83.87376456218408
-685.5969119942374
14.935031934119024
-169.4688114080609
-169.4688114080609
5.801816054046867
17.28607831970919
-29.94500093922852
7.464780921774377
2.1931208791068
-37.26928562625426
-23.906537663628455
180.6867728310183
310.4778331710854
-72.57628503651154
60.19232392778531
-86.19232392778531
60.19232392778554
0.0
-21.01782191226357
-90.32648722939143
218.80860748182545
-245.206326569711
-115.15472935546813
-86.2554911118043
-177.12083401342636
37.96944874443693
-24.791661232993874
-88.792306855074
-41.01358935973847
-59.26607260991227
-110.71365195191152
-110.71365195191152
-238.26612265811082
-433.7095477503117
-209.499498151147
-294.2775798792031
-248.0366312079833
-982.1290939875244
-1055.6999999999998
212.34862832320277
143.38522136734002
44.18656190361344
103.30576275901836
194.79923167245533
24.841640407451564
488.2792316709606
155.96521945106784
24.841640407451564
155.34313532266242
135.8661400955076
113.3026265333865
89.60670056298159
-20.84535870631396
230.6380771554759
8.53579065883173
-14.405712687609252
12.222333602164554
-63.26159137134732
81.79830313386651
45.92498780264941
-57.53511146196979
27.665104182072923
-17.832280609932695
137.26840862865265
-34.71789869927011
129.30905910638376
-111.79218044418542
248.7617567073753
86.96868867388685
29.555683491201194
24.94764332446789
60.6349102667466
-16.603921298861906
-59.02357978950522
-166.67642457042933
125.43906304866846
-149.03385728014968
118.4323115837891
127.81077241435219
90.40530572427178
0.0
81.58440894223429
-181.4786775212794
-124.92132247872064
94.11285018869205
57.68364593100159
53.636956545685734
-67.78
101.21355138481226
-163.67483964345354
192.84549604975837
3.0804205993948734
0.0
2.955761562917001
0.0
3.0241863965207356
0.0
0.0
0.0
0.0
0.0
0.0
0.0
0.0
0.0
0.0
0.0
0.0
0.0
2.826689033907467
0.0
2.808405032872149
9.094947017729282e-13
0.0
0.0
0.0
0.0
0.0
0.0
0.0
0.0
0.0
0.0
2.9000960122904855
0.0
2.8808241125019105
0.0
0.0
0.0
0.0
0.0
0.0
0.0
2.6204633104203854
0.0
2.4410958604428066
0.0
326.09
0.0
262.0
0.0
0.0
0.0
0.0
0.0
0.0
0.0
0.0
0.0
0.0
0.0
2.2517308804359897
0.0
2.8801399024617202
2.1032064978498966e-12
0.9
0.9
0.26
0.26
0.6
0.27
0.27
0.27
0.14
0.14
0.14
0.31
0.13
0.13
0.13
0.13
0.09
0.09
0.09
0.09
0.2
0.2
0.2
1.9
1.9
1.9
1.9
1.9
1.9
0.57
1.38
0.9
0.9
1.38
0.9
0.0
126.98
160.0
0.0
0.0
943.5
140.0
0.0
0.0
0.0
0.0
0.0
0.0
0.0
0.0
0.0
0.0
0.0
0.0
0.0
0.0
0.0
0.0
0.0
0.0
0.0
0.0
0.0
0.0
0.0
0.0
0.0
0.0
0.0
0.0
0.0
0.0
0.0
0.0
0.0
0.0
0.0
0.0
0.0
0.0
0.0
0.0
0.0
0.0
2.816716173624135
0.0
2.992094548033025
0.0
2.8880510026569626
1.4210854715202004e-14
0.0
0.0
2.947029176371739
0.0
2.8895017989359424
0.0
2.8194195271173266
0.0
0.0
0.0
0.0
19.999999999883954
0.0
0.0
0.0
0.0
0.0
0.0
2.9586348888584872
0.0
62.6
0.0
0.0
0.0
2.955113056912925
0.0
3.0043680409539366
0.0
2.9629697133062933
0.0
2.8471381495503287
2.842170943040401e-14
2.576985426330417
0.0
62.6
4.6
30.4
0.5768206985625004
22.375507573125
7.01793458
3.734252219625
0.1540041208125
0.0
0.0
0.0
0.0
0.0
0.0
0.0
0.0
2.4358608374320756
0.0
84.92
0.0
302.54
0.0
0.0
0.0
56.96
0.0
0.0
0.0
0.0
0.0
0.0
0.0
2.336145977302901
0.0
0.0
677.8
0.0
0.0
0.0
0.0
0.0
0.0
0.0
0.0
0.0
0.0
0.0
0.0
2.2263564386412575
0.0
5.777573588999999
0.5320385478125
1.9513683371875006
1.6790215231874999
1.411723300625
4.3039758889375
0.0
0.0
0.0
0.0
0.0
0.0
3.038313885817587
0.0
3.1259094290156257
7.105427357601002e-14
3.141592653589793
0.0
2.5620942729852896
0.0
22.610925288749996
24.792914096874995
0.0
3.552713678800501e-15
3.1069982308043524
0.0
0.8
0.0
0.0
0.0
3.0181856986780993
1.4210854715202004e-12
2.7343689086847203
0.0
0.6
0.6
0.6
2.25
0.0
0.1
0.4
0.48
0.24
0.49
0.05
0.05
0.0
0.0
0.0
0.0
0.0
0.0
0.0
0.0
0.0
0.0
0.0
0.0
0.0
0.0
2.477786514400366
0.0
2.4813202237579164
0.0
0.0
0.0
2.16
0.0
0.0
0.0
2.482329856861826
3.552713678800501e-15
2.461053387523452
0.0
2.3522350615127117
0.0
2.4011543312895958
0.0
0.0
0.0
2.352566877935864
3.339550858072471e-13
2.318963280873853
4.973799150320701e-14
0.0
7.43
0.0
0.0
2.181779229758618
0.0
2.3407167899463355
0.0
2.101677270167908
0.0
2.001204426854793
0.0
0.0
7.43
0.0
0.0
1.9141741249035125
2.4868995751603507e-14
1.8526453847035302
0.0
1.8518293822661605
0.0
0.0
42.69
0.0
82.0
0.0
0.0
0.0
0.0
1.8262676825325839
0.0
1.830521705835122
0.0
1.838379742893494
0.0
1.8450157249855286
1.7763568394002505e-14
1.8375244038254541
4.618527782440651e-14
0.0
0.0
0.0
0.0
0.0
0.0
1.8071988321746364
1.5631940186722204e-12
0.0
0.0
22.0
0.0
0.0
0.0
0.0
0.0
1.7997189005011318
0.0
75.0
75.0
0.0
0.0
0.0
0.0
1.798790214116348
2.2239987629291136e-12
1.8180207706242095
3.197442310920451e-14
1.8258470222345444
0.0
97.98
97.98
46.7
0.0
0.0
0.0
1.7177884145189317
1.0231815394945443e-12
1.6671527671709168
0.0
97.98
97.98
27.07
0.0
0.0
0.0
1.6552476957018794
0.0
0.0
97.98
0.0
0.0
1.6584602287227366
1.2079226507921703e-12
1.6915284417574883
0.0
1.6779222382548298
0.0
636.0
6.91
0.0
0.0
0.0
0.0
0.0
0.0
1.682928034591999
0.0
328.02
77.0
0.0
0.0
1.671212063528321
0.0
1.6787035857595765
7.460698725481052e-14
1.6849024184424213
0.0
74.05
74.05
87.71
87.71
0.0
0.0
0.0
0.0
0.0
0.0
1.7520387139615092
0.0
25.6
0.0
2.1441813308303956
9.663381206337363e-13
2.1649481412448104
2.2737367544323206e-13
26.0
0.0
2.2702446447292486
2.2737367544323206e-13
2.1649481412448104
0.0
100.0
0.0
2.1177322304055597
0.0
2.0189517969929645
4.547473508864641e-13
77.0
60.8
0.0
0.0
0.0
0.0
1.8370851274908482
0.0
60.8
41.55
0.0
0.0
0.0
0.0
0.0
0.0
1.6695104403440997
0.0
1.6742493613114338
0.0
1.668302717974269
2.1316282072803006e-14
140.0
27.07
80.67
80.67
0.0
0.0
0.0
0.0
1.6269419168188692
0.0
1.6644338496871187
0.0
27.884928650625003
119.91982606250001
77.75810184437499
0.0
0.0
0.0
1.4724041616732313
1.1084466677857563e-12
1.3167455303121365
0.0
1.0454712720515644
0.0
0.0
0.0
0.0
0.0
0.0
0.0
0.0
0.0
0.8891664811088233
0.0
-0.3193282978689256
2.1316282072803006e-13
688.3
367.4
0.0
0.0
-2.5088500980760537
0.0
1.110874138974152
1.1368683772161603e-13
185.07
535.7833919441075
0.0
0.0
1.1465331801757337
0.0
0.0
0.0
0.0
0.0
0.0
0.0
0.0
0.0
1.3383226624347664
0.0
0.0
0.0
0.0
0.0
0.0
0.0
1.3571797195361501
0.0
8.82
0.0
24.48
27.65
0.0
0.0
0.0
0.0
0.0
0.0
1.3858713183845683
0.0
1.5124213793940857
0.0
1.591048565584769
1.2931877790833823e-12
1.6281479881340681
0.0
1.5948437298041913
0.0
1.6164692653203385
0.0
1.6429816080664663
0.0
110.0
41.55
41.55
7.43
0.0
0.0
0.0
0.0
1.502139633234239
0.0
0.0
0.0
0.0
0.0
0.0
0.0
0.0
0.0
0.0
244.127621225
0.0
0.0
0.0
0.0
0.0
0.0
0.0
0.0
0.0
0.0
1.6159160297730475
0.0
1.5766197038187766
2.842170943040401e-14
1.4558758616022711
0.0
0.36
0.36
0.48
0.48
0.48
0.48
0.28
0.19
0.19
0.19
0.56
0.56
3.75
0.69
0.69
0.36
0.9
0.9
0.32
0.27
0.18
0.9
0.56
0.0
0.0
0.0
0.0
0.0
0.0
0.0
0.0
0.0
0.0
0.0
0.0
0.0
0.0
0.0
0.0
0.0
0.0
0.0
0.0
0.0
0.0
0.0
0.0
0.0
1.745257761401235
0.0
0.0
0.0
1.791353952678599
1.4210854715202004e-13
0.0
0.0
0.0
0.0
1.784803999082797
0.0
1.7524930387094253
2.842170943040401e-14
0.0
0.0
412.5
0.0
0.0
0.0
0.0
0.0
0.0
0.0
0.0
0.0
0.0
0.0
0.0
0.0
0.0
0.0
1.479307767491223
0.0
1.8726663858165322
2.842170943040401e-14
1.906653888577015
0.0
0.0
0.0
1.97533491445712
2.842170943040401e-14
0.0
0.0
0.0
0.0
0.0
0.0
0.0
0.0
0.0
0.0
0.0
0.0
0.0
0.0
0.0
0.0
0.0
0.0
1.97533491445712
0.0
0.0
0.0
0.0
0.0
0.0
1.35
4.65
0.0
0.0
0.0
0.0
0.0
0.0
0.0
0.0
0.0
0.0
0.0
2.0272540893293822
4.263256414560601e-14
306.4
0.0
2.764768744460417
0.0
3.0755224102769594
7.105427357601002e-15
3.081067820552688
0.0
40.71
27.07
0.0
0.0
1.6821573284418998
0.0
2.958031073523605
0.0
1.9410338081530583
5.684341886080802e-14
-124.78382029804669
-132.62783696518682
-229.12281997679668
-199.79755892828194
169.7981100475398
-92.65336437407473
-588.0899999999999
703.9015822050801
-588.0899999999999
77.69021591690705
105.18309325246264
-323.5904532322729
-225.72303451397232
-129.6688893103751
-188.55276143161927
153.15272990990388
100.89791942398222
-18.43918644158441
30.245217288419667
87.27293200044369
-292.0129272981094
-38.91297713746394
275.67398367343105
-7.143675346239775
42.09827695808781
20.517463302584474
-48.761281112038546
-119.41398324760115
-169.9073730915651
-286.83859529314907
-301.04931128439557
287.40716925809625
430.7778579737005
102.4509276929283
16.631203152961007
663.209417961577
-115.81158220508019
390.3928307419037
183.9914930775867
-104.51487245478768
382.6541824181968
-90.16500719960999
-26.659850510679462
-170.94876823708523
-193.2496123555818
9.898363764193846
-40.77834253202468
-192.47571912418897
16.95277038047891
-178.01198801311693
290.1822027315811
-56.50854361594156
-64.57530332181295
-388.62816942475365
-80.30984025490636
-69.00122598829148
-93.32658369799998
-101.61781563532588
-97.40811726668738
-81.54058563314447
-111.51258964953672
-64.18163860333993
-48.44782692892602
-32.98663631602642
-42.20432347351448
-110.06549449018019
-110.06549449018019
-94.0520130760807
-50.617227200262846
5.656945880854664
8.840919971476296
11.285683829268805
-4.581847804274048
-24.857025941851703
-6.598218116065709
-6.5528695391213825
-10.579818491508718
-88.04835664405982
-6.150240958561881
19.907408386104635
-9.32905612734146
28.00911812475192
-17.430765865988633
-38.992768275964636
-32.271633305582334
-33.89196635543033
-37.96593419359931
-34.921136101380625
-41.69381254678592
-88.18571458061069
-15.49472093892507
8.54397079987848
68.03101751329018
-68.03101751329018
-84.60650207272465
-678.8103721563348
16.57548455943447
-168.72210993336444
-168.72210993336444
5.849465506762385
17.302014561384
-31.66478666207422
7.380810080228457
12.339899065135114
-36.215504226405756
-22.91017548425816
181.44944736884554
308.77371406875454
-70.88201860498953
58.49805749603411
-84.49805749603456
58.498057496034335
0.0
-19.99176146962145
-88.81527223063495
218.78121558686462
-243.30156011056795
-113.2261399680956
-81.7111619973532
-174.80808237870838
38.21710457512586
-24.37148908830079
-87.7701515940239
-40.54145097722037
-58.751137986028766
-101.32954830371045
-101.32954830371045
-231.07418375799557
-424.7165930046094
-205.51080171913054
-288.9047629856121
-243.84522760224127
-982.5160804923125
-1055.6999999999998
217.36044889583673
148.76687807826818
50.082923035128715
102.01568204941246
192.3665819894661
22.556288402483347
473.93690739162
151.38402162700572
22.556288402483347
149.23356250883626
129.85901721427842
107.41418881817003
85.48254041992993
-17.636366493168794
231.01805309807378
4.367277582038696
-11.212688975164838
14.85156596958143
-60.58363280758829
77.98125808687223
42.87493825479396
-60.88529859544508
24.435633355366463
-15.120434801412785
139.94636719241169
-31.13813466895408
125.2317410219747
-107.80700198419709
246.36520313210485
85.99898181094295
29.101130856316445
24.336146266185324
59.64061525504644
-17.32791956887172
-59.06939739515292
-166.9378314611223
124.98205797034575
-149.281568963037
118.01216235523475
126.90411088680571
90.13257989479052
0.0
81.1237107379095
-181.56406197147004
-124.83593802852988
93.68743724704291
57.69761771262222
53.32125264910269
-67.78
100.93921421592574
-161.9916607896638
191.08213355801013
3.0782614477036683
0.0
2.953824390741577
0.0
3.022229663847904
0.0
0.0
0.0
0.0
0.0
0.0
0.0
0.0
0.0
0.0
0.0
0.0
0.0
2.825529233495656
2.842170943040401e-14
2.8073220066533704
2.2737367544323206e-13
0.0
0.0
0.0
0.0
0.0
0.0
0.0
0.0
0.0
0.0
2.898502872052802
5.684341886080802e-14
2.8791828508226445
0.0
0.0
0.0
0.0
0.0
0.0
0.0
2.620283719617362
0.0
2.440916269639783
0.0
326.09
0.0
262.0
0.0
0.0
0.0
0.0
0.0
0.0
0.0
0.0
0.0
0.0
0.0
2.251551289632966
0.0
2.87860134963684
0.0
0.9
0.9
0.26
0.26
0.6
0.27
0.27
0.27
0.14
0.14
0.14
0.31
0.13
0.13
0.13
0.13
0.09
0.09
0.09
0.09
0.2
0.2
0.2
1.9
1.9
1.9
1.9
1.9
1.9
0.57
1.38
0.9
0.9
1.38
0.9
0.0
126.98
160.0
0.0
0.0
943.5
140.0
0.0
0.0
0.0
0.0
0.0
0.0
0.0
0.0
0.0
0.0
0.0
0.0
0.0
0.0
0.0
0.0
0.0
0.0
0.0
0.0
0.0
0.0
0.0
0.0
0.0
0.0
0.0
0.0
0.0
0.0
0.0
0.0
0.0
0.0
0.0
0.0
0.0
0.0
0.0
0.0
0.0
0.0
2.8150848694027957
0.0
2.9907131794598483
2.842170943040401e-14
2.8868296891120355
0.0
0.0
0.0
2.9473131166962663
0.0
2.888366823177271
0.0
2.819974018743376
0.0
0.0
0.0
0.0
19.999999999883954
0.0
0.0
0.0
0.0
0.0
0.0
2.9589642464747836
0.0
62.6
0.0
0.0
0.0
2.9556283749332017
0.0
3.0049687028732794
0.0
2.9638419582071434
1.4210854715202004e-14
2.848506946026662
0.0
2.579386358686807
0.0
62.6
4.6
30.4
0.5756859485625001
22.226238573125002
7.017934579999999
3.7342496391249997
0.1686735078125
0.0
0.0
0.0
0.0
0.0
1.7763568394002505e-15
0.0
0.0
2.439995710533566
0.0
84.92
0.0
302.54
0.0
0.0
0.0
56.96
0.0
0.0
0.0
0.0
0.0
0.0
0.0
2.3377428513213605
0.0
0.0
677.8
0.0
0.0
0.0
0.0
0.0
0.0
0.0
0.0
0.0
0.0
0.0
0.0
2.227931443440472
0.0
5.6845230187499975
0.5698251420625001
1.9745433939375001
1.6134552899374999
1.6052731911250002
4.5701717056875
1.7763568394002505e-15
0.0
0.0
0.0
0.0
0.0
3.038365807274486
8.526512829121202e-13
3.1258320679853737
0.0
3.141592653589793
2.842170943040401e-14
2.563620043416581
7.958078640513122e-13
22.39335104875
24.499621759374996
0.0
3.552713678800501e-15
3.107134368932938
0.0
0.8
0.0
0.0
0.0
3.018541159150735
0.0
2.736495872401788
0.0
0.6
0.6
0.6
2.25
0.0
0.1
0.4
0.48
0.24
0.49
0.05
0.05
0.0
0.0
0.0
0.0
0.0
0.0
0.0
0.0
0.0
0.0
0.0
0.0
0.0
0.0
2.482028573635093
0.0
2.48556307031642
9.592326932761353e-14
0.0
0.0
2.16
0.0
0.0
0.0
2.4865665784771664
0.0
2.4653683808941924
8.981260180007666e-12
2.3569088698722513
1.1368683772161603e-13
2.4062580194841114
0.0
0.0
0.0
2.3581604083233145
0.0
2.324934110454363
2.1316282072803006e-14
0.0
7.43
0.0
0.0
2.188917329459212
0.0
2.346480158152241
4.263256414560601e-14
2.1097688436222057
0.0
2.0101858421564156
0.0
0.0
7.43
0.0
0.0
1.9238955909395408
1.2434497875801753e-13
1.8629889907028492
0.0
1.8617850585038447
0.0
0.0
42.69
0.0
82.0
0.0
0.0
0.0
0.0
1.8363104797994527
0.0
1.8405133759612333
0.0
1.8483041876336488
4.263256414560601e-14
1.8549116731875248
0.0
1.8474126234353845
4.973799150320701e-14
0.0
0.0
0.0
0.0
0.0
0.0
1.8171494652749
9.237055564881302e-13
0.0
0.0
22.0
0.0
0.0
0.0
0.0
0.0
1.8096786223745172
0.0
75.0
75.0
0.0
0.0
0.0
0.0
1.8087485230384024
2.3376856006507296e-12
1.8279766875482704
2.3092638912203256e-14
1.8357738982873357
0.0
97.98
97.98
46.7
0.0
0.0
0.0
1.728126413408189
1.7337242752546445e-12
1.6777749730450955
5.684341886080802e-14
97.98
97.98
27.07
0.0
0.0
0.0
1.665921241995612
1.7905676941154525e-12
0.0
97.98
0.0
0.0
1.6690853688378287
0.0
1.7022168186810687
0.0
1.688792158201366
0.0
636.0
6.91
0.0
0.0
0.0
0.0
0.0
0.0
1.6942933712314057
0.0
328.02
77.0
0.0
0.0
1.681941079450337
0.0
1.6893473712774263
6.039613253960852e-14
1.697891239591593
0.0
74.05
74.05
87.71
87.71
0.0
0.0
0.0
0.0
0.0
0.0
1.7653097246896774
0.0
25.6
0.0
2.155288110298585
0.0
2.175453456129633
2.2737367544323206e-13
26.0
0.0
2.2777002800371724
4.547473508864641e-13
2.175453456129633
0.0
100.0
0.0
2.1301964878393793
5.684341886080802e-14
2.032189389609252
9.663381206337363e-13
77.0
60.8
0.0
0.0
0.0
0.0
1.8520915983313628
0.0
60.8
41.55
0.0
0.0
0.0
0.0
0.0
0.0
1.6873712234777951
0.0
1.6921408537681346
4.263256414560601e-14
1.6862967324342684
0.0
140.0
27.07
80.67
80.67
0.0
0.0
0.0
0.0
1.6452984452541966
0.0
1.679318259773022
0.0
27.674050735625002
119.92008073750002
79.154608764375
0.0
0.0
0.0
1.4963996686863057
6.536993168992922e-13
1.3440369552399956
0.0
1.078027776269451
0.0
0.0
0.0
0.0
0.0
0.0
0.0
0.0
0.0
0.9244096750388122
0.0
-0.28456109733981494
2.2737367544323206e-13
688.3
367.4
0.0
0.0
-2.474082897546943
0.0
1.1512293898879742
0.0
185.07
501.8591216060262
0.0
0.0
1.1910866402152198
1.7053025658242404e-13
0.0
0.0
0.0
0.0
0.0
0.0
0.0
0.0
1.3804507707401354
0.0
0.0
0.0
0.0
0.0
0.0
0.0
1.397397273565704
0.0
8.82
0.0
24.48
27.65
0.0
0.0
0.0
0.0
0.0
0.0
1.4231819046637932
0.0
1.5445510479271682
0.0
1.618867897711696
7.105427357601002e-13
1.654177434758589
0.0
1.6190406240668267
0.0
1.6378080779018251
4.085620730620576e-14
1.664177707458645
7.105427357601002e-14
110.0
41.55
41.55
7.43
0.0
0.0
0.0
0.0
1.5260127563108812
0.0
0.0
0.0
0.0
0.0
0.0
0.0
0.0
0.0
0.0
244.142286725
0.0
0.0
0.0
0.0
0.0
0.0
0.0
0.0
0.0
0.0
1.6419663331622143
0.0
1.6071876694143725
0.0
1.4909072270727828
0.0
0.36
0.36
0.48
0.48
0.48
0.48
0.28
0.19
0.19
0.19
0.56
0.56
3.75
0.69
0.69
0.36
0.9
0.9
0.32
0.27
0.18
0.9
0.56
0.0
0.0
0.0
0.0
0.0
0.0
0.0
0.0
0.0
0.0
0.0
0.0
0.0
0.0
0.0
0.0
0.0
0.0
0.0
0.0
0.0
0.0
0.0
0.0
0.0
1.7700498741635418
0.0
0.0
0.0
1.8154260540672338
0.0
0.0
0.0
0.0
0.0
1.8086024291254192
1.4210854715202004e-13
1.77626640652176
5.684341886080802e-14
0.0
0.0
412.5
0.0
0.0
0.0
0.0
0.0
0.0
0.0
0.0
0.0
0.0
0.0
0.0
0.0
0.0
0.0
1.5026278229238494
0.0
1.896143541289165
0.0
1.9300100410718164
3.907985046680551e-14
0.0
0.0
1.9984832498698566
2.842170943040401e-14
0.0
0.0
0.0
0.0
0.0
0.0
0.0
0.0
0.0
0.0
0.0
0.0
0.0
0.0
0.0
0.0
0.0
0.0
1.9984832498698566
0.0
0.0
0.0
0.0
0.0
0.0
1.35
4.65
0.0
0.0
0.0
0.0
0.0
0.0
0.0
0.0
0.0
0.0
0.0
2.0501075778913505
0.0
306.4
0.0
2.7652975353669564
1.1368683772161603e-13
3.075617518029288
0.0
3.0811300950997698
5.684341886080802e-14
40.71
27.07
0.0
0.0
1.6951461495910716
0.0
2.9560156972658316
0.0
1.9550810097980111
0.0
-124.56161858054776
-132.15043361997033
-228.16073735740622
-198.9885714708484
168.8534544569004
-92.88471745862472
-588.0899999999999
700.517928962608
-588.0899999999999
77.13970368864364
104.5151656774533
-324.06367464275536
-225.22649562758693
-129.46549652819317
-188.5234747906568
153.36775624600944
101.47782137081754
-17.757799822200013
31.0171423496472
87.86805006100576
-291.39381676843186
-37.974905296895145
275.22817375308296
-6.766473715432426
42.1712204615626
21.104716337485115
-48.44139538575314
-118.90207440692342
-169.2582310286469
-283.31432548638656
-302.0543842068075
287.4644185231332
429.8300343163255
102.29972010565223
16.713240300625444
660.7061220714177
-112.42792896260812
390.33558147686654
183.7238324906043
-104.1035790149864
380.8801391539614
-89.9423449214737
-26.257812079318683
-169.46723817877387
-191.74081024445024
9.838315301810894
-40.63317791984923
-190.93485317092586
16.93285389022799
-177.2360929493152
289.2253627613268
-55.76449189541097
-63.81426938334357
-382.79846955715846
-79.50018373764954
-68.22648431889809
-92.48255675097573
-100.75317110197699
-96.45937837168572
-80.63558327078465
-110.52497383712824
-63.63587847475367
-47.957952942085285
-32.862715574409776
-42.68561744543331
-109.16620731801584
-109.16620731801584
-93.48137761089606
-50.44471031076955
5.588957661763743
8.75453126584523
11.237220329002184
-4.586574771898995
-24.805867343220257
-6.6301088311499825
-6.584541074038924
-10.5669630839825
-87.96798154676799
-6.1595982521452015
19.904932197707126
-9.355737621408139
27.976578922627823
-17.427384346328722
-38.82383422057944
-32.12036240231486
-33.733100260381775
-37.790643639425525
-34.72513128419746
-41.47011427712505
-87.8054151765325
-15.489490562966239
8.415230963074464
67.12330239850985
-67.12330239850985
-85.33923958326977
-672.0238323184851
18.215937184759923
-167.97540845865774
-167.97540845865774
5.897114959476994
17.31795080305801
-33.38457238493811
7.296839238683447
22.48667725117184
-35.16172282654304
-21.913813304872747
182.21212190675806
307.06959496641525
-69.18775217347275
56.803791064288134
-82.80379106428882
56.80379106428836
0.0
-18.965701026988995
-87.30405723188983
218.75382369188173
-241.39679365143445
-111.2975505807417
-77.16683288297463
-172.49533074401415
38.46476040581274
-23.951316943609754
-86.74799633297789
-40.069312594704165
-58.23620336214731
-91.94544465558624
-91.94544465558624
-223.88224485799344
-415.7236382590236
-201.5221052871642
-283.5319460920877
-239.6538239965493
-982.9030669971007
-1055.6999999999998
222.37226946841224
154.14853478913767
55.97928416658533
100.72560133981693
189.93393230649644
20.2709363975448
459.5945831124409
146.80282380299516
20.2709363975448
143.12398969508558
123.8518943331245
101.52575110302917
81.35838027692284
-14.427374280073536
231.39802904067574
0.19876450529591239
-8.019665262770218
17.48079833696272
-57.90567424386484
74.16421303992911
39.82488870699399
-64.2354857288758
21.206162528709683
-12.40858899292823
142.62432575613514
-27.55837063868944
121.15442293761703
-103.82182352426014
243.9686495568344
85.02927494799906
28.646578221431696
23.724649207902303
58.64632024334617
-18.051917838881877
-59.11521500079971
-167.199238351816
124.52505289202327
-149.5292806459235
117.59201312668051
125.99744935925912
89.8598540653096
0.0
80.66301253358483
-181.6494464216621
-124.75055357833799
93.26202430539263
57.711589494244095
53.00554875251839
-67.78
100.66487704703923
-160.3084819358927
189.31877106628076
3.0759212623215824
0.0
2.9517269250570646
0.0
3.0201109863677846
5.684341886080802e-14
0.0
0.0
0.0
0.0
0.0
0.0
0.0
0.0
0.0
0.0
0.0
0.0
2.824282699668858
2.842170943040401e-14
2.8061595121660448
2.8421709430404007e-12
0.0
0.0
0.0
0.0
0.0
0.0
0.0
0.0
0.0
0.0
2.89678200431931
0.0
2.877409223432119
0.0
0.0
0.0
0.0
0.0
0.0
0.0
2.62011016312377
0.0
2.440742713146191
0.0
326.09
0.0
262.0
0.0
0.0
0.0
0.0
0.0
0.0
0.0
0.0
0.0
0.0
0.0
2.2513777331393743
0.0
2.876940051323479
0.0
0.9
0.9
0.26
0.26
0.6
0.27
0.27
0.27
0.14
0.14
0.14
0.31
0.13
0.13
0.13
0.13
0.09
0.09
0.09
0.09
0.2
0.2
0.2
1.9
1.9
1.9
1.9
1.9
1.9
0.57
1.38
0.9
0.9
1.38
0.9
0.0
126.98
160.0
0.0
0.0
943.5
140.0
0.0
0.0
0.0
0.0
0.0
0.0
0.0
0.0
0.0
0.0
0.0
0.0
0.0
0.0
0.0
0.0
0.0
0.0
0.0
0.0
0.0
0.0
0.0
0.0
0.0
0.0
0.0
0.0
0.0
0.0
0.0
0.0
0.0
0.0
0.0
0.0
0.0
0.0
0.0
0.0
0.0
0.0
2.813321950226552
0.0
2.989223496817808
5.684341886080802e-14
2.88551494795402
4.263256414560601e-14
0.0
0.0
2.947644163189807
0.0
2.887145992310529
0.0
2.8205995491968485
0.0
0.0
0.0
0.0
20.0
0.0
0.0
0.0
0.0
0.0
0.0
2.9593439371988914
0.0
62.6
0.0
0.0
0.0
2.956211963390273
4.206412995699793e-12
3.0056389995715165
1.4210854715202004e-14
2.964804541079941
0.0
2.850007248030856
0.0
2.582006794219301
5.684341886080801e-13
62.6
4.6
30.4
0.5748726886249944
22.150828471249998
7.01793458
3.7342361379999995
0.18479128481249998
0.0
0.0
0.0
5.662137425588298e-15
0.0
0.0
0.0
0.0
2.4444936725330333
5.684341886080802e-14
84.92
0.0
302.54
0.0
0.0
0.0
56.96
0.0
0.0
0.0
0.0
0.0
0.0
0.0
2.3394993484841606
0.0
0.0
677.8
0.0
0.0
0.0
0.0
0.0
0.0
0.0
0.0
0.0
0.0
0.0
0.0
2.2296684732750958
0.0
5.5759090073125
0.6142966524375
1.978108914125
1.5257355958749999
1.8062084128124973
4.868294277562499
0.0
0.0
0.0
0.0
3.1086244689504383e-15
0.0
3.038445097404084
1.9895196601282805e-12
3.1257592265223124
1.4210854715202004e-14
3.141592653589793
4.263256414560601e-14
2.5653132462820363
0.0
22.185236290625
24.190550200625005
0.0
0.0
3.107279168102881
0.0
0.8
0.0
0.0
0.0
3.018940153404837
0.0
2.738848161727434
0.0
0.6
0.6
0.6
2.25
0.0
0.1
0.4
0.48
0.24
0.49
0.05
0.05
0.0
0.0
0.0
0.0
0.0
0.0
0.0
0.0
0.0
0.0
0.0
0.0
0.0
0.0
2.4867019352022623
0.0
2.490236813300333
0.0
0.0
0.0
2.16
0.0
0.0
0.0
2.491233594222977
0.0
2.470122319292269
0.0
2.3620605886221693
0.0
2.4118758094760313
0.0
0.0
0.0
2.364315734741382
0.0
2.3315031314598764
2.1316282072803006e-14
0.0
7.43
0.0
0.0
2.196769183343142
2.1316282072803006e-14
2.3528224704946243
2.4868995751603507e-14
2.118667870249543
0.0
2.0200628434940766
0.0
0.0
7.43
0.0
0.0
1.9345876041079002
8.526512829121202e-14
1.8743678109899786
4.263256414560601e-14
1.8727350705259225
0.0
0.0
42.69
0.0
82.0
0.0
0.0
0.0
0.0
1.8473569357958954
0.0
1.8515011436662938
0.0
1.8592149403382088
0.0
1.865790075229965
2.4868995751603507e-14
1.8582812246665306
2.842170943040401e-14
0.0
0.0
0.0
0.0
0.0
0.0
1.8280871759416586
3.865352482534945e-12
0.0
0.0
22.0
0.0
0.0
0.0
0.0
0.0
1.8206261265235204
2.1316282072803006e-14
75.0
75.0
0.0
0.0
0.0
0.0
1.8196946632986677
2.369660023759934e-12
1.838921919995249
3.019806626980426e-14
1.846686279416085
2.842170943040401e-14
97.98
97.98
46.7
0.0
0.0
0.0
1.7394935787792143
1.7479351299698465e-12
1.689458997475815
0.0
97.98
97.98
27.07
0.0
0.0
0.0
1.677662580741929
0.0
0.0
97.98
0.0
0.0
1.6807729888592409
1.9610979506978765e-12
1.713974656953341
0.0
1.700752417665985
0.0
636.0
6.91
0.0
0.0
0.0
0.0
0.0
0.0
1.7068059809387819
7.628386811120436e-11
328.02
77.0
0.0
0.0
1.693747293908343
0.0
1.7010570480131477
2.842170943040401e-14
1.7121964184692917
0.0
74.05
74.05
87.71
87.71
0.0
0.0
0.0
0.0
0.0
0.0
1.779925404692361
0.0
25.6
0.0
2.1675140250545564
7.389644451905042e-13
2.187012682373097
0.0
26.0
0.0
2.2858791138236576
4.547473508864641e-13
2.187012682373097
0.0
100.0
0.0
2.1439262354603805
0.0
2.046770930191217
0.0
77.0
60.8
0.0
0.0
0.0
0.0
1.8686222538539559
6.394884621840902e-14
60.8
41.55
0.0
0.0
0.0
0.0
0.0
0.0
1.7070527290808712
0.0
1.7118563664176003
0.0
1.706126344811075
8.526512829121202e-14
140.0
27.07
80.67
80.67
0.0
0.0
0.0
0.0
1.665532040959734
0.0
1.6957170403976276
0.0
27.43392723000001
119.92153784375002
80.61371703812503
0.0
0.0
0.0
1.5228400351693239
0.0
1.374034698291159
8.952838470577262e-13
1.1136962677980087
0.0
0.0
0.0
0.0
0.0
0.0
0.0
0.0
0.0
0.962962378181003
2.8421709430404007e-13
-0.24648631627850381
0.0
688.3
367.4
0.0
0.0
-2.436008116485632
0.0
1.1952599110440012
8.526512829121202e-14
185.07
465.8496824161168
0.0
0.0
1.239573237900296
0.0
0.0
0.0
0.0
0.0
0.0
0.0
0.0
0.0
1.4264013466603407
0.0
0.0
0.0
0.0
0.0
0.0
0.0
1.441300152790113
0.0
8.82
0.0
24.48
27.65
0.0
0.0
0.0
0.0
0.0
0.0
1.4639691496806408
0.0
1.5797976593282943
2.842170943040401e-14
1.6494943191387748
6.394884621840902e-13
1.6828662992863608
0.0
1.6457125312591705
0.0
1.6613289820944068
4.263256414560601e-14
1.6875673964393298
4.263256414560601e-14
110.0
41.55
41.55
7.43
0.0
0.0
0.0
0.0
1.552378871191717
0.0
0.0
0.0
0.0
0.0
0.0
0.0
0.0
0.0
0.0
244.15875938125
0.0
0.0
0.0
0.0
0.0
0.0
0.0
0.0
0.0
0.0
1.6707527092517767
0.0
1.6408082243670785
2.842170943040401e-14
1.5292739239878754
0.0
0.36
0.36
0.48
0.48
0.48
0.48
0.28
0.19
0.19
0.19
0.56
0.56
3.75
0.69
0.69
0.36
0.9
0.9
0.32
0.27
0.18
0.9
0.56
0.0
0.0
0.0
0.0
0.0
0.0
0.0
0.0
0.0
0.0
0.0
0.0
0.0
0.0
0.0
0.0
0.0
0.0
0.0
0.0
0.0
0.0
0.0
0.0
0.0
1.7975729615574583
0.0
0.0
0.0
1.8422262126698525
0.0
0.0
0.0
0.0
0.0
1.8351278074917534
3.126388037344441e-13
1.8027666211080335
0.0
0.0
0.0
412.5
0.0
0.0
0.0
0.0
0.0
0.0
0.0
0.0
0.0
0.0
0.0
0.0
0.0
0.0
0.0
1.5286728883517542
0.0
1.9223463433115002
0.0
1.95609134982376
5.684341886080802e-14
0.0
0.0
2.0243558994846778
0.0
0.0
0.0
0.0
0.0
0.0
0.0
0.0
0.0
0.0
0.0
0.0
0.0
0.0
0.0
0.0
0.0
0.0
0.0
2.0243558994846778
0.0
0.0
0.0
0.0
0.0
0.0
1.35
4.65
0.0
0.0
0.0
0.0
0.0
0.0
0.0
0.0
0.0
0.0
0.0
2.0756841859640005
2.842170943040401e-14
306.4
0.0
2.7658938133982875
0.0
3.0757368776797165
0.0
3.0812144177108314
5.684341886080802e-14
40.71
27.07
0.0
0.0
1.7094513284687702
0.0
2.9538325928407634
0.0
1.9705542642765117
0.0
-124.3186559203142
-131.62800932288883
-227.10761280267025
-198.1032168479154
167.8194299268805
-93.13836965591463
-588.0899999999999
696.8140413456863
-588.0899999999999
76.53684833030684
103.78378176822298
-324.582148432939
-224.68340064675874
-129.2431475882704
-188.49198004276712
153.60252460621405
102.11173653097057
-17.0128206341235
31.86113601707757
88.51803604341387
-290.7199404300454
-36.9497185559901
274.74136240775806
-6.352888050177853
42.24533006939703
21.745685788073388
-48.097124273060444
-118.3477247869535
-168.55374453287232
-279.4982147815375
-303.1343071689257
287.51538011521416
428.8010729462885
102.12178841837385
16.79048469411066
657.9543890504456
-108.72404134568637
390.28461988478557
183.41626289142414
-103.66611928709904
378.953477160645
-89.68427884628636
-25.834362907872674
-167.84244490537742
-190.0850316573459
9.772361987077034
-40.47181893759853
-189.24355100727303
16.909175452320255
-176.3788926207053
288.1646151562868
-54.94953756160862
-62.98010984768803
-376.3938105113475
-78.61169377706835
-67.37700878013743
-91.55549256203375
-99.80292452542523
-95.41752250987247
-79.64275116182841
-109.43954130666577
-63.03483730170865
-47.41715993518119
-32.72620824439957
-43.217400310534344
-108.17716641637338
-108.17716641637338
-92.85263854703828
-50.25373214369449
5.510914721098857
8.655477768121045
11.182202196149092
-4.592569151894963
-24.74922026485308
-6.667736972904095
-6.621910603141622
-10.553110916733658
-87.87971355191257
-6.16863062788957
19.90399243239881
-9.387480351319937
27.941631581525712
-17.42511950044684
-38.6365447725758
-31.952623314363723
-33.55693912619006
-37.59617597396618
-34.50660779475743
-41.22066536025159
-87.3808646906516
-15.48308131039596
8.27236201386495
66.1111964367824
-66.1111964367824
-86.15610793523138
-664.5584256676343
20.044911498448982
-167.1486854317975
-167.1486854317975
5.9515160771769615
17.33680269562933
-35.29374873479719
7.201728182242846
33.690234565688115
-33.99654654305846
-20.812200957298046
183.05131413653817
305.1878900477518
-67.30975636414405
54.92579525470569
-80.92579525470592
54.92579525470546
0.0
-17.829017077631647
-85.63340061760687
218.7258405601467
-239.2987814324763
-109.16859782358131
-72.15116397169982
-169.94407260419723
38.739010779914906
-23.483695110210306
-85.6096662248683
-39.543512497111976
-57.662363406748796
-81.58107957085008
-81.58107957085008
-215.95860959128368
-406.01729018923834
-197.22608371324327
-277.7515676519963
-235.15427389870894
-983.2916215344098
-1055.6999999999998
227.74267928610266
159.890670363249
62.237818617396215
99.37665359258848
187.39027958366273
17.821538435664593
444.34834020353446
141.9328980169763
17.821538435664593
136.59022363891563
117.42099332699377
95.2140161638622
76.8939634590896
-10.889840495795283
231.83489830359576
-4.3518847859340895
-4.500063026812654
20.40310692498008
-54.92872318791842
70.09612187870721
36.65239674582108
-67.92279347209035
17.6457071611934
-9.393679993431533
145.60127681208155
-23.727801016747435
116.82428321986413
-99.58419677192512
241.56238537435092
84.05563892504995
28.19018378249109
23.11067442168269
57.647996442800036
-18.778849681041265
-59.16121825502796
-167.46170443837542
124.06619607257733
-149.77799603299553
117.17016149340168
125.08711412541174
89.58602317669943
0.0
80.20044762394105
-181.7466305483689
-124.65336945163108
92.80510501837193
57.71838096720046
52.66865414323115
-67.78
100.36474472644466
-158.4546068911203
187.37501914711947
