0.6515164369163462
0.0
0.5418058678940287
0.0
0.5957499540232809
0.0
0.0
0.0
0.0
0.0
0.0
3.9
0.0
0.0
0.0
0.0
0.0
0.0
0.39466051686290493
0.0
0.37581272917603137
0.0
0.0
0.0
0.0
0.0
0.0
0.0
0.0
0.0
0.0
0.0
0.47778904155054613
0.0
0.4658861701185799
0.0
0.0
0.0
0.0
0.0
0.0
0.0
0.17415174809183576
0.0
-0.019828251883916792
0.0
636.0
0.0
0.0
0.0
0.0
0.0
0.0
0.0
0.0
0.0
0.0
0.0
0.0
0.0
-0.22462025189128942
0.0
0.46215812772111464
0.0
0.0
0.0
1.3
1.3
3.0
1.35
1.35
1.35
0.71
0.71
0.71
0.0
0.65
0.65
0.65
0.65
0.45
0.45
0.0
0.45
0.0
1.0
1.0
1.9
1.9
1.9
1.9
1.9
1.9
1.9
4.6
3.0
3.0
4.6
3.0
0.0
0.0
0.0
0.0
0.0
943.5
140.0
0.0
0.0
0.0
0.0
0.0
0.0
0.0
0.0
0.0
0.0
0.0
0.0
0.0
0.0
0.0
0.0
0.0
0.0
0.0
0.0
0.0
0.0
0.0
0.0
0.0
0.0
0.0
0.0
0.0
0.0
0.0
0.0
0.0
0.0
0.0
0.0
0.0
0.0
0.0
0.0
0.0
0.0
0.41585887381454434
0.0
0.556950535054205
0.0
0.46747907330649907
0.0
0.0
0.0
0.48068086956731637
0.0
0.4512433020906408
0.0
0.31457883354709226
3.5234857914853137
0.0
0.0
3.9
20.0
0.0
0.0
0.0
0.0
0.0
0.0
0.47332624292484127
0.0
0.0
0.0
0.0
0.0
0.5001130236567706
0.0
0.5401358392269797
0.0
0.49685300837692603
0.0
0.383145907658319
0.0
0.12148656908196376
0.0
0.0
4.6
30.4
5.0929254573125
14.451914579375002
1.6973398613125
0.9452735523125
0.0351023828125
0.0
0.0
0.0
0.0
0.0
0.0
0.0
0.0
0.08397482347022533
0.0
0.0
0.0
672.3
0.0
0.0
0.0
0.0
0.0
0.0
0.0
0.0
0.0
0.0
0.0
-0.22467700341034913
0.0
0.0
677.8
0.0
0.0
0.0
0.0
0.0
0.0
0.0
0.0
0.0
0.0
0.0
0.0
-0.29978480793672846
0.0
6.3044471374999995
8.1649094761875
0.9945148617499999
0.4846169709375
0.5218272315
3.6378178547499997
0.0
0.0
0.0
0.0
0.0
0.0
0.48634989925739447
0.0
0.5785906853923906
0.0
0.6044484423646712
0.0
0.11403232312615863
0.0
14.450445593125
10.988683431875
0.0
0.0
0.5759281874210886
0.0
0.8
0.0
0.0
0.0
0.4803702705899089
0.0
0.33194993051275734
0.0
3.0
3.0
3.0
7.5
0.0
0.1
0.4
0.48
0.24
0.49
0.05
0.05
8.4
0.0
0.0
0.0
0.0
0.0
0.0
0.0
0.0
0.0
0.0
0.0
0.0
0.0
0.14566297965110753
0.0
0.15027139987457172
0.0
0.0
0.0
2.16
0.0
0.0
0.0
0.15105665544878244
0.0
0.13058306572947265
0.0
0.0303461945033221
0.0
0.09561151013083613
0.0
54.0
0.0
0.06076854061946113
0.0
0.05145854631098423
0.0
0.0
7.43
0.0
0.0
-0.019858798660129295
0.0
0.08925675485823259
0.0
-0.03333264032233263
0.0
-0.09147642317435878
0.0
0.0
7.43
0.0
0.0
-0.1516576781740815
0.0
-0.20027472482696806
0.0
-0.197359892164795
0.0
0.0
0.0
0.0
82.0
0.0
0.0
0.0
0.0
-0.2187734225801723
0.0
-0.21427297123023958
0.0
-0.20601307697352667
0.0
-0.19911338873652396
0.0
-0.20674165225476226
0.0
0.0
0.0
0.0
0.0
0.0
0.0
-0.23799910491874243
0.0
0.0
0.0
22.0
0.0
0.0
0.0
0.0
0.0
-0.2455859314652269
0.0
75.0
75.0
8.4
0.0
0.0
0.0
-0.2467507065254373
0.0
-0.22700836765618604
0.0
-0.2188894414223861
0.0
97.98
97.98
46.7
0.0
0.0
0.0
-0.328488643765132
0.0
-0.37559399787848413
0.0
97.98
97.98
27.07
0.0
0.0
0.0
-0.38924302052048
0.0
0.0
97.98
0.0
0.0
-0.376967459233184
0.0
-0.3598972914958156
0.0
-0.37617120223628886
0.0
636.0
6.91
8.4
0.0
0.0
0.0
0.0
0.0
-0.386014624162792
0.0
0.0
77.0
0.0
0.0
-0.3265796662186182
0.0
-0.3361212318336233
0.0
-0.3802853072678243
0.0
74.05
74.05
87.71
87.71
0.0
0.0
0.0
0.0
0.0
0.0
-0.310451758309755
0.0
0.0
0.0
0.04483946667022476
0.0
0.048215663915934126
0.0
0.0
0.0
0.06533441050978839
0.0
0.048215663915934126
0.0
0.0
0.0
0.0768149019808404
0.0
-0.03644338043427808
0.0
77.0
60.8
0.0
0.0
0.0
0.0
-0.2107667745512507
0.0
60.8
41.55
8.4
8.4
0.0
0.0
0.0
0.0
-0.37110318892956107
0.0
-0.3678122421663801
0.0
-0.37712037322895187
0.0
140.0
27.07
80.67
80.67
0.0
0.0
0.0
0.0
-0.4289917312777489
0.0
-0.39748582763507656
0.0
0.0008976055624999999
1.2061447588125003
30.616204216874998
0.0
0.0
0.0
-0.47711152496016185
0.0
-0.6009391425790453
0.0
-0.8196922222977001
0.0
100.0
0.0
0.0
0.0
0.0
0.0
0.0
0.0
-0.9478741418623096
0.0
-1.7140584534547487
0.0
688.3
0.0
0.0
0.0
-3.141592653589793
0.0
-0.8075475769175511
0.0
0.0
595.0
0.0
0.0
-0.8160050521148983
0.0
0.0
0.0
0.0
0.0
0.0
0.0
0.0
0.0
-0.6839087093728158
0.0
0.0
100.0
0.0
0.0
0.0
0.0
-0.717435789513007
0.0
0.0
0.0
0.0
0.0
0.0
0.0
0.0
0.0
0.0
0.0
-0.6412482846616885
0.0
-0.5446354998577672
0.0
-0.48858860763009027
0.0
-0.4337454841346986
0.0
-0.43615513239964754
0.0
-0.4264595955543733
0.0
-0.45388987479738496
0.0
110.0
41.55
41.55
7.43
0.0
0.0
0.0
0.0
-0.6330879222912884
0.0
0.0
0.0
0.0
100.0
0.0
0.0
0.0
0.0
0.0
0.2723041154375
0.0
0.0
0.0
0.0
0.0
0.0
0.0
0.0
0.0
0.0
-0.550605674658128
0.0
-0.5364148593847591
0.0
-0.6005402771476716
0.0
0.0
1.2
1.6
1.6
1.6
1.6
0.95
0.95
0.95
0.95
1.88
1.88
3.75
2.29
2.29
1.2
0.0
0.0
0.0
0.9
0.9
3.0
1.88
0.0
0.0
0.0
0.0
0.0
0.0
0.0
0.0
0.0
0.0
0.0
0.0
0.0
0.0
0.0
0.0
0.0
0.0
0.0
0.0
0.0
0.0
0.0
0.0
0.0
-0.5374988924945674
0.0
0.0
0.0
-0.5789020991191998
0.0
0.0
0.0
0.0
0.0
-0.6387495395871241
0.0
-0.7018540560380413
0.0
0.0
0.0
751.1
0.0
0.0
0.0
0.0
0.0
0.0
0.0
0.0
0.0
0.0
0.0
0.0
0.0
0.0
0.0
-1.2788485555702644
0.0
-0.5347133406611562
0.0
-0.4938859786847174
0.0
0.0
0.0
-0.40484417952312013
0.0
0.0
0.0
0.0
0.0
0.0
0.0
0.0
0.0
0.0
0.0
0.0
0.0
0.0
0.0
0.0
0.0
0.0
0.0
-0.40484417952312013
0.0
0.0
0.0
0.0
0.0
0.0
1.35
4.65
3.25
0.0
0.0
0.0
0.0
0.0
0.0
0.0
0.0
0.0
0.0
-0.3609463332012002
0.0
619.0
0.0
0.1737275476287694
0.0
0.5287129950851961
0.0
0.5329920419462177
0.0
40.71
27.07
0.0
0.0
-0.38303039726834553
0.0
0.5483534969316843
0.0
-0.11057245358492507
0.0
-109.82038941161915
-131.52472380229517
-236.18781560986645
-203.64557855656602
188.84502293087598
-57.22534342657809
-636.0
755.2845733369627
-636.0
98.10699252018856
126.60615623965487
-236.22068318166748
-204.4594059257546
-112.43192513046017
-147.13910679717367
129.67497582356214
73.01301201117792
-31.206900773397592
6.770151928353471
42.42737202002695
-380.09619219108004
-75.88254778187957
314.3513057299481
54.33424083762088
34.2075346753586
49.320188044496945
-50.98095508513586
-117.2238151679602
-164.56562174350256
-76.24338538208792
-432.70446561539075
196.6172893270275
436.2128237116367
107.88396036645565
27.42073909942212
516.872449612918
-119.2845733369627
481.18271067297246
167.210079250067
-86.16391220902369
311.26079921256087
-97.01311349635762
-7.920037968635256
-119.55863268046573
-143.5020421092778
7.698584061179304
-39.61435442442314
-141.80765125328168
20.125655963726558
-160.42461615231173
267.29832330314684
-32.9920335830916
-41.556264943775886
-154.97431227690993
-57.591685143344534
-19.117031430993734
-44.05865534148302
-52.82766293866007
-49.95492876018773
-33.55516049430969
-64.53250036573172
-44.381456486843945
-38.28113909660772
-24.181065603527713
-29.59791640512674
-61.583474893904736
-61.583474893904736
-68.43924699209902
-42.40303052973991
5.9846427523782495
9.314120880772293
11.734163667620805
-4.665604598257232
-25.62086283784197
-6.6524852373815975
-6.606763690540902
-10.73101350279569
-91.639807413232
-7.713742120259553
20.43720379108038
-9.504027183332823
28.84188933030714
-17.908712722559585
-39.46338371019817
-32.56491523477541
-34.199973737106575
-38.41645612028833
-32.486451112006876
-40.50291783892362
-101.10387141663
-2.448237708506099
32.64776938006128
81.36955370236569
-81.36955370236569
-48.77544136438519
-422.2726355800569
-32.59411233798073
-117.30820854785566
-117.30820854785566
23.113666518917626
34.9113054696752
160.6350214884103
-9.400557256383763
35.8082305935493
-39.660559208646305
-28.295782631795078
188.73932152905627
279.75687006185717
-9.510414773838534
9.510414775124445
-9.510414775124445
9.510414775124445
0.0
24.1688853439
-57.64740929754771
224.59703103244624
-278.9612867149865
-108.33541512438012
-60.050921405688655
-167.4136110657074
26.539893251353078
-38.1480781277354
-119.3578192686457
-55.13194509461459
-73.68090629573578
-85.151090935507
-85.151090935507
-124.27706456128737
-337.8652594790474
-165.72203009519296
-234.4155400646987
-199.97179332893586
-622.9140744797246
-688.3000000000002
137.5750636765597
76.22490737096132
-11.878476400578165
70.26401209460391
132.49382420399456
-40.10416285369547
346.0530048924463
110.53558977933835
59.89583714630453
113.930170757518
96.62004875340324
76.56679268434391
126.36664397458821
-3.9359346827161517
77.27621238528502
60.33771602041247
2.711066086090568
-23.053836591610434
-99.07582087956655
30.726308471481502
-106.92597763240997
-4.4052070659626
10.955408866414814
-54.03117310877565
101.45417912043342
11.24470306864373
72.82291148821878
-57.25483729106293
24.965299362283986
-13.870796303559132
-26.13838802005762
-62.30809052005429
-66.04732811237636
-158.32656211422204
-115.36474671734504
-349.78088303060883
147.98890319909015
-315.2975407097035
141.76167352022776
73.16862270325828
116.85275480477844
0.0
68.59038487800012
-467.94447145949675
-151.05552854050325
78.99137988920484
62.94486191344458
41.14468135433185
-67.77999999999997
94.63901651413539
-154.1144971945377
184.18073705866436
0.6412912387104828
0.0
0.5318666116752278
0.0
0.5857590523328491
0.0
0.0
0.0
0.0
0.0
0.0
3.9
0.0
0.0
0.0
0.0
0.0
0.0
0.3855836016912688
0.0
0.3668207211447072
0.0
0.0
0.0
0.0
0.0
0.0
0.0
0.0
0.0
0.0
0.0
0.46822961938365326
0.0
0.45628607779817765
0.0
0.0
0.0
0.0
0.0
0.0
0.0
0.16615824472022123
0.0
-0.027821755255531322
0.0
636.0
0.0
0.0
0.0
0.0
0.0
0.0
0.0
0.0
0.0
0.0
0.0
0.0
0.0
-0.2326137552629035
0.0
0.452688685507586
0.0
0.0
0.0
1.3
1.3
3.0
1.35
1.35
1.35
0.71
0.71
0.71
0.0
0.65
0.65
0.65
0.65
0.45
0.45
0.0
0.45
0.0
1.0
1.0
1.9
1.9
1.9
1.9
1.9
1.9
1.9
4.6
3.0
3.0
4.6
3.0
0.0
0.0
0.0
0.0
0.0
943.5
140.0
0.0
0.0
0.0
0.0
0.0
0.0
0.0
0.0
0.0
0.0
0.0
0.0
0.0
0.0
0.0
0.0
0.0
0.0
0.0
0.0
0.0
0.0
0.0
0.0
0.0
0.0
0.0
0.0
0.0
0.0
0.0
0.0
0.0
0.0
0.0
0.0
0.0
0.0
0.0
0.0
0.0
0.0
0.4062985522890732
0.0
0.5477328515236572
0.0
0.45847806886481024
0.0
0.0
0.0
0.4736714891558287
0.0
0.44239050345495734
0.0
0.30799447441638694
0.0
0.0
0.0
3.9
20.0
0.0
0.0
0.0
0.0
0.0
0.0
0.4664032773238014
0.0
0.0
0.0
0.0
0.0
0.4933459785316221
0.0
0.532926982869041
0.0
0.4895749271094245
0.0
0.37601206091700323
0.0
0.1148507670101151
0.0
0.0
4.6
30.4
5.0801428518125
14.422262681875003
1.7069140528125
0.9489540778125
0.0344868698125
0.0
0.0
0.0
0.0
0.0
0.0
0.0
0.0
0.07831961181216629
0.0
0.0
0.0
672.3
0.0
0.0
0.0
0.0
0.0
0.0
0.0
0.0
0.0
0.0
0.0
-0.23155491259845018
0.0
0.0
677.8
0.0
0.0
0.0
0.0
0.0
0.0
0.0
0.0
0.0
0.0
0.0
0.0
-0.3064261282232805
0.0
6.286313277
8.176220902687499
0.9725802712499999
0.4761701389375
0.5121456755
3.7998457259999996
0.0
0.0
0.0
0.0
0.0
0.0
0.47796916826097124
0.0
0.5700931130518923
0.0
0.5960857188819371
0.0
0.1079236375392556
0.0
14.357339780624999
10.955808636875
0.0
0.0
0.5677434666136802
0.0
0.8
0.0
0.0
0.0
0.47227928541447994
0.0
0.3272015152323653
0.0
3.0
3.0
3.0
7.5
0.0
0.1
0.4
0.48
0.24
0.49
0.05
0.05
1.68
0.0
0.0
0.0
0.0
0.0
0.0
0.0
0.0
0.0
0.0
0.0
0.0
0.0
0.14395713859250048
0.0
0.14837396666568203
0.0
0.0
0.0
2.16
0.0
0.0
0.0
0.14920630435540527
0.0
0.12849728861248
0.0
0.027253421467229533
0.0
0.09358783494424783
0.0
54.0
0.0
0.05881884094240908
0.0
0.0495539446726303
0.0
0.0
7.43
0.0
0.0
-0.021520564549896815
0.0
0.08764822665873728
0.0
-0.03469491512070144
0.0
-0.09271428058444853
0.0
0.0
7.43
0.0
0.0
-0.15272951840432558
0.0
-0.20114527687813633
0.0
-0.19837506541338268
0.0
0.0
0.0
0.0
82.0
0.0
0.0
0.0
0.0
-0.21974963105336132
0.0
-0.21534475872467507
0.0
-0.20720546946487772
0.0
-0.2003470651314232
0.0
-0.2080207045164837
0.0
0.0
0.0
0.0
0.0
0.0
0.0
-0.23924582848604414
0.0
0.0
0.0
22.0
0.0
0.0
0.0
0.0
0.0
-0.24683694581860394
0.0
75.0
75.0
8.4
0.0
0.0
0.0
-0.2479957746113075
0.0
-0.22819673600553436
0.0
-0.22011597829535967
0.0
97.98
97.98
46.7
0.0
0.0
0.0
-0.32951705099285
0.0
-0.37640325814366316
0.0
97.98
97.98
27.07
0.0
0.0
0.0
-0.39001018094281115
0.0
0.0
97.98
0.0
0.0
-0.3777636653899896
0.0
-0.3606541802000116
0.0
-0.3767874077676825
0.0
636.0
6.91
5.983533945957262
0.0
0.0
0.0
0.0
0.0
-0.38624829221865387
0.0
0.0
77.0
0.0
0.0
-0.32720309965728456
0.0
-0.3368608194021734
0.0
-0.38007044171192295
0.0
74.05
74.05
87.71
87.71
0.0
0.0
0.0
0.0
0.0
0.0
-0.310189599905935
0.0
0.0
0.0
0.043223692599764885
0.0
0.04625140859545862
0.0
0.0
0.0
0.06160320800655983
0.0
0.04625140859545862
0.0
0.0
0.0
0.07591451078097311
0.0
-0.03669649352079318
0.0
77.0
60.8
0.0
0.0
0.0
0.0
-0.20976336190561673
0.0
60.8
41.55
1.68
1.68
0.0
0.0
0.0
0.0
-0.3679940280630398
0.0
-0.3648867015286137
0.0
-0.3745152864509871
0.0
140.0
27.07
80.67
80.67
0.0
0.0
0.0
0.0
-0.4272464702464762
0.0
-0.39673050773297414
0.0
0.0007057760624999999
1.0547075533125003
29.654514774375
0.0
0.0
0.0
-0.4755212113305127
0.0
-0.5998180996609608
0.0
-0.8192381672951474
0.0
100.0
0.0
0.0
0.0
0.0
0.0
0.0
0.0
-0.9476951081229537
0.0
-1.7140584534547487
0.0
688.3
0.0
0.0
0.0
-3.141592653589793
0.0
-0.8078224681545043
0.0
0.0
595.0
0.0
0.0
-0.8163599189855386
0.0
0.0
0.0
0.0
0.0
0.0
0.0
0.0
0.0
-0.6845332724789914
0.0
0.0
100.0
0.0
0.0
0.0
0.0
-0.7179544540568892
0.0
0.0
0.0
0.0
0.0
0.0
0.0
0.0
0.0
0.0
0.0
-0.6416058212495184
0.0
-0.5447584532084075
0.0
-0.4884481830253682
0.0
-0.4333246332645855
0.0
-0.435221602913372
0.0
-0.4251472115580226
0.0
-0.45295006525231285
0.0
110.0
41.55
41.55
7.43
0.0
0.0
0.0
0.0
-0.6327744493790819
0.0
0.0
0.0
0.0
100.0
0.0
0.0
0.0
0.0
0.0
0.2466854376875
0.0
0.0
0.0
0.0
0.0
0.0
0.0
0.0
0.0
0.0
-0.5508572715230606
0.0
-0.5368300907412293
0.0
-0.6009299453029477
0.0
0.0
1.2
1.6
1.6
1.6
1.6
0.95
0.95
0.95
0.95
1.88
1.88
3.75
2.29
2.29
1.2
0.0
0.0
0.0
0.9
0.9
3.0
1.88
0.0
0.0
0.0
0.0
0.0
0.0
0.0
0.0
0.0
0.0
0.0
0.0
0.0
0.0
0.0
0.0
0.0
0.0
0.0
0.0
0.0
0.0
0.0
0.0
0.0
-0.5382237282160331
0.0
0.0
0.0
-0.5798977502098901
0.0
0.0
0.0
0.0
0.0
-0.6398481257276298
0.0
-0.7029620687479001
0.0
0.0
0.0
751.1
0.0
0.0
0.0
0.0
0.0
0.0
0.0
0.0
0.0
0.0
0.0
0.0
0.0
0.0
0.0
-1.2801270710860146
0.0
-0.5359327666862459
0.0
-0.4951509171382451
0.0
0.0
0.0
-0.40618728349162225
0.0
0.0
0.0
0.0
0.0
0.0
0.0
0.0
0.0
0.0
0.0
0.0
0.0
0.0
0.0
0.0
0.0
0.0
0.0
-0.40618728349162225
0.0
0.0
0.0
0.0
0.0
0.0
1.35
4.65
3.25
0.0
0.0
0.0
0.0
0.0
0.0
0.0
0.0
0.0
0.0
-0.36240033688833906
0.0
619.0
0.0
0.16694863918898806
0.0
0.5203410152904886
0.0
0.5245859915130939
0.0
40.71
27.07
0.0
0.0
-0.3828155317124442
0.0
0.5383326796956966
0.0
-0.11025578999871177
0.0
-109.53416119634193
-130.9721376810029
-235.1238163579053
-202.720677020381
187.79425601307162
-57.4208730107697
-636.0
751.544855510394
-636.0
97.53645902910239
125.90610611903662
-236.68435314053113
-203.8442522029593
-112.16281252736007
-147.02213387089046
130.0193789466323
73.80412528385409
-30.30333975901317
7.791497584826061
43.27572080846858
-379.1236034480619
-74.62300335924147
313.68079786783187
54.65050955140873
33.82991823707653
49.9352522230256
-51.06249208111956
-117.07511978014759
-164.252386102333
-74.25031543556031
-433.0070995107069
195.9979466528439
435.29084714213695
107.74730382370979
27.56373894858143
515.6464868709836
-115.54485551039409
481.8020533471563
166.1861754262244
-85.626139776061
309.9987149944202
-96.91795041824264
-7.536268669379638
-117.74113659437683
-141.45297163696938
8.160173428971461
-39.99331601021743
-139.932553955147
19.58643941601838
-164.46648911297234
269.9836457544154
-32.93344685629552
-41.475266467625715
-149.38928903422192
-57.469411573861976
-19.024427655449585
-43.90131447412364
-52.64778460638365
-49.8545810009698
-33.497270631663355
-64.3944122544882
-44.25902493829199
-38.12264446741494
-24.15108307355115
-29.766966680360497
-61.3712280157207
-61.3712280157207
-68.29857552064766
-42.32587255864564
5.857542990086813
9.15632232736948
11.663952947305233
-4.693357422001213
-25.594363907991465
-6.746089076162434
-6.699724203985966
-10.737082507145715
-91.62247252913113
-7.674362865248781
20.49589917048138
-9.59102782132561
28.861072780503832
-17.956201431348063
-39.36817379323952
-32.47859616778294
-34.10932065839074
-38.313301752503435
-32.33531527577611
-40.32875330199056
-100.79202072888665
-2.424968353120107
32.570520086249985
80.66613783835373
-80.66613783835373
-49.33870588287277
-419.3729347886374
-31.32743195548096
-116.9243401750823
-116.9243401750823
23.192920059343123
34.95969742544867
159.58160153476888
-9.51499482277461
38.611565667069954
-39.25281606430633
-27.913570632728806
188.86714003695874
278.27818307424104
-8.528777450141092
8.528777451294218
-8.528777451294218
8.528777451294218
0.0
24.70961313723194
-56.68098306773959
224.17467735186824
-277.36700564774014
-106.91261227237806
-57.232107086185124
-165.7316331000805
25.059084954948275
-39.46141361881064
-122.16998387726608
-56.43089731868736
-74.90224968553287
-82.47557436988882
-82.47557436988882
-126.05765921245734
-339.1456706973004
-166.22732397061208
-235.05203275305178
-200.40084366139962
-623.0596303653829
-688.3000000000002
137.13003918996515
75.91629430158912
-11.990801728789165
70.12055665017488
132.22331644520477
-39.97748993227242
346.04771832375445
110.53390115366551
60.02251006772758
114.20680193344435
96.9352140651423
76.92659863440338
127.01278744310844
-4.381941026161144
76.03699702031804
61.2503798655473
2.2476003097542616
-23.79962500473789
-99.77086365580647
30.76222024194999
-107.60187671800782
-3.4679518261255
11.38349305865654
-54.69676328198989
100.75913634419362
11.115040238588904
72.76543104554855
-57.2320130042815
24.063892016393993
-14.235528767142455
-26.30935731880686
-62.53809077793062
-66.4213088306783
-158.59887706087432
-115.38197993371364
-349.8792050935782
147.81701147133572
-315.3907116418793
141.60364425482896
72.82760326200741
116.75017538880161
0.0
68.41710406763059
-468.59081467897727
-150.40918532102273
78.53223835446488
62.91069263315535
40.817079061883305
-67.77999999999997
94.31009100661731
-152.92993030737057
182.91833069951485
3.141592653589793
0.0
3.032405392961209
0.0
3.0863153803903405
0.0
0.0
0.0
0.0
0.0
0.0
1.75
0.0
0.0
0.0
0.0
0.0
0.0
2.887311973986753
0.0
2.8684953797106685
0.0
0.0
0.0
0.0
0.0
0.0
0.0
0.0
0.0
0.0
0.0
2.969228376621606
0.0
2.957202377223311
0.0
0.0
0.0
0.0
0.0
0.0
0.0
2.6685077133612802
0.0
2.4745277133855277
0.0
636.0
0.0
0.0
0.0
0.0
0.0
0.0
0.0
0.0
0.0
0.0
0.0
0.0
0.0
2.2697357133781555
0.0
2.9537404580599054
0.0
0.0
0.0
1.3
1.3
3.0
1.35
1.35
1.35
0.71
0.71
0.71
0.0
0.65
0.65
0.65
0.65
0.45
0.45
0.0
0.45
0.0
1.0
1.0
1.9
1.9
1.9
1.9
1.9
1.9
1.9
4.6
3.0
3.0
4.6
3.0
0.0
0.0
0.0
0.0
0.0
943.5
140.0
0.0
0.0
0.0
0.0
0.0
0.0
0.0
0.0
0.0
0.0
0.0
0.0
0.0
0.0
0.0
0.0
0.0
0.0
0.0
0.0
0.0
0.0
0.0
0.0
0.0
0.0
0.0
0.0
0.0
0.0
0.0
0.0
0.0
0.0
0.0
0.0
0.0
0.0
0.0
0.0
0.0
0.0
2.907186315758345
0.0
3.048851397528198
0.0
2.9597308165773466
0.0
0.0
0.0
2.9763798650866473
0.0
2.943644072230466
0.0
2.81077855299936
0.0
0.0
0.0
1.75
20.0
0.0
0.0
0.0
0.0
0.0
0.0
2.969610896487053
0.0
0.0
0.0
0.0
0.0
2.9963936047965003
0.0
3.0353314442172437
0.0
2.9917640530544336
0.0
2.8781784871374487
0.0
2.6172416034065407
0.0
0.0
4.6
30.4
5.0673602463125
14.392610784375002
1.7164882443125
0.9526346033125
0.033871356812499996
0.0
0.0
0.0
0.0
0.0
0.0
0.0
0.0
2.581365608374048
0.0
0.0
0.0
672.3
0.0
0.0
0.0
0.0
0.0
0.0
0.0
0.0
0.0
0.0
0.0
2.2708549354331957
0.0
0.0
677.8
0.0
0.0
0.0
0.0
0.0
0.0
0.0
0.0
0.0
0.0
0.0
0.0
2.1963569293188483
0.0
6.2681794165
8.1875323291875
0.95064568075
0.46772330693749997
0.5024641194999999
3.96187359725
0.0
0.0
0.0
0.0
0.0
0.0
2.9788252616562545
0.0
3.0708440004313253
0.0
3.0969842880015985
0.0
2.6115469049738174
0.0
14.264233968125
10.922933841874999
0.0
0.0
3.0688245428456753
0.0
0.8
0.0
0.0
0.0
2.9734028177387053
0.0
2.832202517876465
0.0
3.0
3.0
3.0
7.5
0.0
0.1
0.4
0.48
0.24
0.49
0.05
0.05
1.68
0.0
0.0
0.0
0.0
0.0
0.0
0.0
0.0
0.0
0.0
0.0
0.0
0.0
2.6515158419401086
0.0
2.6559634254806257
0.0
0.0
0.0
2.16
0.0
0.0
0.0
2.656781549456137
0.0
2.6361970704543065
0.0
2.533936990223829
0.0
2.6046470884863426
0.0
46.47358210042561
0.0
2.5718340593437716
0.0
2.562290358446372
0.0
0.0
7.43
0.0
0.0
2.490560802837975
0.0
2.595898693235381
0.0
2.4746696104536063
0.0
2.417093282118465
0.0
0.0
7.43
0.0
0.0
2.3573260131961575
0.0
2.3089425764322584
0.0
2.312102811944845
0.0
0.0
0.0
0.0
82.0
0.0
0.0
0.0
0.0
2.290864918901379
0.0
2.2957867714585873
0.0
2.304514205118008
0.0
2.311490262179227
0.0
2.304213188070513
0.0
0.0
0.0
0.0
0.0
0.0
0.0
2.2733501592753047
0.0
0.0
0.0
22.0
0.0
0.0
0.0
0.0
0.0
2.265840823699742
0.0
75.0
75.0
1.68
0.0
0.0
0.0
2.2648408814035923
0.0
2.283909741773189
0.0
2.292068651847716
0.0
97.98
97.98
46.7
0.0
0.0
0.0
2.181460319212899
0.0
2.1338814364673615
0.0
97.98
97.98
27.07
0.0
0.0
0.0
2.120256124117235
0.0
0.0
97.98
0.0
0.0
2.1324326693627587
0.0
2.1497799292608244
0.0
2.1333652194419175
0.0
636.0
6.91
1.68
0.0
0.0
0.0
0.0
0.0
2.1233511971242454
0.0
0.0
77.0
0.0
0.0
2.1828499653051088
0.0
2.173222902938856
0.0
2.128824459914366
0.0
74.05
74.05
87.71
87.71
0.0
0.0
0.0
0.0
0.0
0.0
2.197850683429289
0.0
0.0
0.0
2.5489482065542663
0.0
2.5517448475379254
0.0
0.0
0.0
2.5659249990009627
0.0
2.5517448475379254
0.0
0.0
0.0
2.5817564495976075
0.0
2.4696092230679625
0.0
77.0
60.8
0.0
0.0
0.0
0.0
2.2968864772137128
0.0
60.8
41.55
1.68
1.68
0.0
0.0
0.0
0.0
2.139444138069142
0.0
2.1425555711123874
0.0
2.1329759301041245
0.0
140.0
27.07
80.67
80.67
0.0
0.0
0.0
0.0
2.0804507239756074
0.0
2.1117414272925252
0.0
0.0005139465624999999
0.9032703478125002
28.692825331875
0.0
0.0
0.0
2.0317745054117164
0.0
1.9072006757284745
0.0
1.6874115559014573
0.0
100.0
0.0
0.0
0.0
0.0
0.0
0.0
0.0
1.5588242732031192
0.0
0.7922818941319685
0.0
688.3
0.0
0.0
0.0
-0.6352523060030761
0.0
1.698510467888184
0.0
0.0
595.0
0.0
0.0
1.6900797527385327
0.0
0.0
0.0
0.0
0.0
0.0
0.0
0.0
0.0
1.821678347157956
0.0
0.0
100.0
0.0
0.0
0.0
0.0
1.7884165017635647
0.0
0.0
0.0
0.0
0.0
0.0
0.0
0.0
0.0
0.0
0.0
1.8650075695296167
0.0
1.9620791703628075
0.0
2.0186438839188776
0.0
2.0737518184891464
0.0
2.0719944060824655
0.0
2.082286830896691
0.0
2.0546294921808634
0.0
110.0
41.55
41.55
7.43
0.0
0.0
0.0
0.0
1.8748015296355458
0.0
0.0
0.0
0.0
100.0
0.0
0.0
0.0
0.0
0.0
0.22106675993750002
0.0
0.0
0.0
0.0
0.0
0.0
0.0
0.0
0.0
0.0
1.9566708686742507
0.0
1.9701873500765714
0.0
1.9058050455032962
0.0
0.0
1.2
1.6
1.6
1.6
1.6
0.95
0.95
0.95
0.95
1.88
1.88
3.75
2.29
2.29
1.2
0.0
0.0
0.0
0.9
0.9
3.0
1.88
0.0
0.0
0.0
0.0
0.0
0.0
0.0
0.0
0.0
0.0
0.0
0.0
0.0
0.0
0.0
0.0
0.0
0.0
0.0
0.0
0.0
0.0
0.0
0.0
0.0
1.9699253267118868
0.0
0.0
0.0
1.9281403451617152
0.0
0.0
0.0
0.0
0.0
1.8683575425692958
0.0
1.8049718748393824
0.0
0.0
0.0
751.1
0.0
0.0
0.0
0.0
0.0
0.0
0.0
0.0
0.0
0.0
0.0
0.0
0.0
0.0
0.0
1.2277675187655213
0.0
1.973228816074517
0.0
2.014406270196119
0.0
0.0
0.0
2.104458860395594
0.0
0.0
0.0
0.0
0.0
0.0
0.0
0.0
0.0
0.0
0.0
0.0
0.0
0.0
0.0
0.0
0.0
0.0
0.0
2.104458860395594
0.0
0.0
0.0
0.0
0.0
0.0
1.35
4.65
0.0
0.0
0.0
0.0
0.0
0.0
0.0
0.0
0.0
0.0
0.0
2.150214907280242
0.0
619.0
0.0
2.669518292879693
0.0
3.021192922808705
0.0
3.0254054206487444
0.0
40.71
27.07
0.0
0.0
2.1260793699138443
0.0
3.0387599474544533
0.0
2.3961915413701442
0.0
-109.29655718566136
-130.37092735511402
-235.7969207378435
-201.68518580886303
186.54258688702987
-57.817304803198795
-636.0
749.017476952019
-636.0
96.55302916991559
124.99278351827888
-237.52113417642977
-203.27772268476065
-111.95566539499669
-147.10606315284468
130.11072429850367
74.32036890940367
-29.65283651582729
8.537973594171945
43.71433628343061
-378.95037083447096
-73.77319225008296
314.51949208628923
54.325980345770176
33.28020463308178
50.79629368003225
-51.316126242815926
-117.0985215580476
-164.11124762687615
-72.91868908313893
-432.98333496668056
195.02095840555126
434.33762343887065
107.62425585198491
27.720347368761736
513.4836290057538
-113.0174769520188
482.7790415944487
165.09660258493386
-85.0747587720773
308.89957876532753
-96.87484778655465
-7.182044922505611
-115.89818907566314
-139.62662463989068
8.02082328963138
-39.7713380888797
-138.0320052243875
19.64816237544244
-162.96565406842865
272.69354731535964
-29.764133931565198
-38.31131613477123
-143.72206436332783
-54.236411806445176
-19.596921757243535
-44.41161557436203
-53.13300415144545
-49.40060422931697
-33.08575175658211
-63.90269513080966
-44.07615701974032
-38.097194302131015
-23.92761970966592
-28.924252049407755
-61.82535106000489
-61.82535106000489
-67.86471140676394
-42.05523375364294
6.5450166982058136
9.962982639885354
11.864042620361602
-4.450809852373254
-25.297564584768907
-6.060470458049053
-6.018817741201701
-10.621408169101983
-89.10238610414558
-6.622134411294837
19.74002107947183
-8.86345498890796
28.186097758154006
-17.309531667590022
-40.074068933064495
-33.21934748616559
-34.88726451151524
-39.10125324126784
-32.813022582473764
-40.802796732482875
-100.92823962501052
-2.582472556795665
32.38442884343931
82.07354909453579
-82.07354909453579
-48.91453479906886
-416.4156116786876
-33.15901429546693
-117.53531405150852
-117.53531405150852
23.12719997202896
34.863447500903135
160.8074815875898
-9.484790508846459
34.20789243825584
-39.9898822900617
-28.70809736712488
186.55736087166497
276.4547426169868
-7.87786192347437
7.877861924539502
-7.877861924539502
7.877861924539502
0.0
24.798369646777815
-56.2687826178892
222.75290133025442
-276.2246958642797
-106.37995888529656
-57.82826273276123
-165.16512507431185
25.092201961559113
-39.260823806870235
-121.63590534141258
-56.18420389972812
-74.6096677723142
-84.56946843340916
-84.56946843340916
-126.22465732500802
-339.9013087675612
-166.50690896518933
-235.38946117425462
-200.60418511302152
-623.2051862510416
-688.3000000000002
136.9472496964438
75.87021938713588
-11.840892063927186
69.99925234851708
131.9945781431934
-39.786896411299836
346.39171645262695
110.64378037887172
60.213103588700164
114.47122739579902
97.23817366331127
77.27419887089115
126.9768077414692
-4.64632851313354
75.88660504597817
61.393005931797234
1.9658532353663531
-23.90854795742655
-99.82970598952272
31.07230479044108
-106.85002628170287
-3.212819756447857
11.629858548949755
-54.7254879947651
100.70029401047736
10.71036561142239
72.98296239999002
-57.48420051461176
25.246586741510782
-13.985550740544
-26.37940754375188
-62.5032517816187
-66.24410211017016
-158.1555624435406
-115.87873443034732
-350.0491933150925
149.1767760005656
-315.41221641551016
142.97727124641438
74.20492756377234
118.1792522298091
0.0
71.49382325726117
-469.30318973630096
-149.69681026369904
78.08840697212679
62.86121320046425
40.50478692183651
-67.77999999999997
93.98116549909923
-152.635512885124
182.5460738052859
3.141592653589793
0.0
3.0326694942693635
0.0
3.0866433186679494
0.0
0.0
0.0
0.0
0.0
6.9
3.9
0.0
0.0
0.0
0.0
0.0
0.0
2.8883264087607063
0.0
2.8702796673356756
0.0
0.0
0.0
0.0
0.0
0.0
0.0
0.0
0.0
0.0
0.0
2.970110367576625
0.0
2.9579569066620266
0.0
0.0
0.0
0.0
0.0
0.0
0.0
2.67397182677532
0.0
2.4799918267995675
0.0
636.0
0.0
0.0
0.0
0.0
0.0
0.0
0.0
0.0
0.0
0.0
0.0
0.0
0.0
2.2751998267921945
0.0
2.9547640095707512
0.0
3.0
3.0
1.3
1.3
3.0
1.35
1.35
1.35
0.71
0.71
0.71
0.0
0.65
0.65
0.65
0.65
0.45
0.45
0.0
0.45
0.0
1.0
1.0
1.9
1.9
1.9
1.9
1.9
1.9
1.9
4.6
3.0
3.0
4.6
3.0
0.0
0.0
0.0
0.0
0.0
943.5
140.0
0.0
0.0
0.0
0.0
0.0
0.0
0.0
0.0
0.0
0.0
0.0
0.0
0.0
0.0
0.0
0.0
0.0
0.0
0.0
0.0
0.0
0.0
0.0
0.0
0.0
0.0
0.0
0.0
0.0
0.0
0.0
0.0
0.0
0.0
0.0
0.0
0.0
0.0
0.0
0.0
0.0
0.0
2.9078639512262985
0.0
3.0514006351675125
0.0
2.962565864964411
0.0
0.0
0.0
2.985720802778914
0.0
2.9469993778270887
0.0
2.8208324594624923
0.0
0.0
0.0
3.9
20.0
0.0
0.0
0.0
0.0
0.0
0.0
2.9789081389048713
0.0
0.0
0.0
0.0
0.0
3.0066140012818714
0.0
3.046872828608503
0.0
3.004575004383099
0.0
2.8927162494277106
0.0
2.634933593987565
0.0
0.0
4.6
30.4
5.0608179251875
14.343704913125002
1.7256051710624998
0.9596699126875001
0.0335417904375
0.0
0.0
0.0
0.0
0.0
0.0
0.0
0.0
2.6061589413793422
0.0
0.0
0.0
672.3
0.0
0.0
6.9
0.0
0.0
0.0
0.0
0.0
0.0
0.0
0.0
2.2828208088525237
0.0
0.0
677.8
0.0
0.0
0.0
0.0
0.0
0.0
0.0
0.0
0.0
0.0
0.0
0.0
2.208459494764374
0.0
6.252141751812499
8.2114986165625
0.938389341125
0.46644429918749997
0.4991792718125
4.1129062174375
0.0
0.0
0.0
0.0
0.0
0.0
2.9897879043358486
0.0
3.081366096707778
0.0
3.1073467720120984
0.0
2.6239572063944543
0.0
14.147355165625
10.886348253749999
0.0
0.0
3.079292670074837
0.0
0.8
0.0
0.0
0.0
2.9851571350992376
0.0
2.846622761198951
0.0
3.0
3.0
3.0
7.5
0.0
0.1
0.4
0.48
0.24
0.49
0.05
0.05
7.307840922281702
0.0
0.0
0.0
0.0
0.0
0.0
0.0
0.0
0.0
0.0
0.0
0.0
0.0
2.6713477540241275
0.0
2.6759655272256637
0.0
0.0
0.0
2.16
0.0
0.0
0.0
2.6767311063046897
0.0
2.656495496528793
0.0
2.5572623842574824
0.0
2.6257995992007928
0.0
54.0
0.0
2.593511851668203
0.0
2.586203667278788
0.0
0.0
7.43
0.0
0.0
2.520786742279858
0.0
2.6228953930180445
0.0
2.5122280320249093
0.0
2.458562866751768
0.0
0.0
7.43
0.0
0.0
2.401939166624124
0.0
2.3561456354958885
0.0
2.3573657071516347
0.0
0.0
0.0
0.0
82.0
0.0
0.0
0.0
0.0
2.336324799687487
0.0
2.3408177096093983
0.0
2.349052196477084
0.0
2.3559110406900894
0.0
2.3483761613880123
0.0
0.0
0.0
0.0
0.0
0.0
0.0
2.317385711491678
0.0
0.0
0.0
22.0
0.0
0.0
0.0
0.0
0.0
2.309865268609146
0.0
75.0
75.0
8.4
0.0
0.0
0.0
2.3086740386389426
0.0
2.3282290669391816
0.0
2.3362944372740637
0.0
97.98
97.98
46.7
0.0
0.0
0.0
2.22849930510686
0.0
2.182389925743747
0.0
97.98
97.98
27.07
0.0
0.0
0.0
2.16891314254722
0.0
0.0
97.98
0.0
0.0
2.1809937649611744
0.0
2.198314401291465
0.0
2.1826745547557724
0.0
636.0
6.91
8.4
0.0
0.0
0.0
0.0
0.0
2.174565649499389
0.0
0.0
77.0
0.0
0.0
2.2314623355938323
0.0
2.2217762310981852
0.0
2.187774278362644
0.0
74.05
74.05
87.71
87.71
0.0
0.0
0.0
0.0
0.0
0.0
2.258685602288355
0.0
0.0
0.0
2.60335718898496
0.0
2.603598895449154
0.0
0.0
0.0
2.6048244493518116
0.0
2.603598895449154
0.0
0.0
0.0
2.6422413158366833
0.0
2.532487861616854
0.0
77.0
60.8
0.0
0.0
0.0
0.0
2.3663052904924715
0.0
60.8
41.55
1.68
8.4
0.0
0.0
0.0
0.0
2.218592313749382
0.0
2.2222036765809987
0.0
2.2136478662805086
0.0
140.0
27.07
80.67
80.67
0.0
0.0
0.0
0.0
2.164140212794627
0.0
2.1794279824801794
0.0
0.00014387212499999998
0.7129653215625
27.646633031875
0.0
0.0
0.0
2.129676376140238
0.0
2.0084949213152354
0.0
1.794017936877788
0.0
100.0
0.0
0.0
0.0
0.0
0.0
0.0
0.0
1.6680567528626264
0.0
0.9013440534889154
0.0
688.3
0.0
0.0
0.0
-0.5261901466461292
0.0
1.8126498877629995
0.0
0.0
595.0
0.0
0.0
1.8078697622553914
0.0
0.0
0.0
0.0
0.0
0.0
0.0
0.0
0.0
1.940042984611444
0.0
0.0
100.0
0.0
0.0
0.0
0.0
1.9079484743893644
0.0
0.0
0.0
0.0
0.0
0.0
0.0
0.0
0.0
0.0
0.0
1.9863156789250898
0.0
2.082762184090752
0.0
2.1388452311086414
0.0
2.1867989406259962
0.0
2.176176055291551
0.0
2.176482630647703
0.0
2.1593736497082885
0.0
110.0
41.55
41.55
7.43
0.0
0.0
0.0
0.0
1.9987099180469183
0.0
0.0
0.0
0.0
0.0
0.0
0.0
0.0
0.0
0.0
0.18858634262500001
0.0
0.0
0.0
0.0
0.0
0.0
0.0
0.0
0.0
0.0
2.0964520558096975
0.0
2.1019292097479063
0.0
2.030574634874803
0.0
1.2
1.2
1.6
1.6
1.6
1.6
0.95
0.95
0.95
0.95
1.88
1.88
3.75
2.29
2.29
1.2
0.0
0.0
0.0
0.9
0.9
3.0
1.88
0.0
0.0
0.0
0.0
0.0
0.0
0.0
0.0
0.0
0.0
0.0
0.0
0.0
0.0
0.0
0.0
0.0
0.0
0.0
0.0
0.0
0.0
0.0
0.0
0.0
2.1053601759756857
0.0
0.0
0.0
2.062031215534553
0.0
0.0
0.0
0.0
0.0
2.0008832370830465
0.0
1.9375758627812374
0.0
0.0
0.0
751.1
1.05
0.0
1.54
0.0
1.3
1.3
0.0
0.0
0.0
0.0
0.0
0.0
0.0
0.0
0.0
1.3554168215371956
0.0
2.1038733865141195
0.0
2.144283993293696
0.0
0.0
0.0
2.2323478296083135
0.0
0.0
0.0
0.0
0.0
0.0
0.0
0.0
0.0
0.0
0.0
0.0
0.0
0.0
0.0
0.0
0.0
0.0
0.0
2.2323478296083135
0.0
0.0
0.0
3.1
0.0
0.0
1.35
4.65
3.25
0.0
0.0
0.0
0.0
0.0
0.0
0.0
0.0
0.0
0.0
2.273934374179821
0.0
619.0
0.0
2.679791771921165
0.0
3.0324176267627507
0.0
3.0365570503253574
0.0
40.71
27.07
0.0
0.0
2.1850291883621225
0.0
3.0388678445028185
0.0
2.462119777766337
0.0
-109.03219151183248
-129.597488021142
-226.1496419031962
-200.33671419094026
184.87166712765793
-58.430100554686646
-636.0
735.235357892192
-636.0
96.56628024097881
123.87733467040016
-239.28601194618022
-202.60640099693262
-111.73710465103204
-147.3322218904167
132.1978462251377
77.37187233105703
-26.87390850713382
11.87432708388576
46.92497192828387
-377.3188633499749
-70.05381364537493
313.0211474419543
56.198503809438876
34.40925412529157
53.028422596551536
-49.82075882478148
-115.31830407195287
-162.1274562490703
-58.485066271025744
-440.1409814188012
194.6631258762559
433.72214445745476
107.10899690106203
27.551087277574084
507.4104461247125
-99.23535789219227
483.1368741237443
165.36161906991106
-84.75559496949938
303.7498188171671
-95.56907100394523
-6.133469186368075
-111.81514596455543
-135.73532277804338
7.505677245637344
-39.175112073776404
-133.89243990615262
20.08713537748008
-158.00273927741
264.6216327565721
-28.958393705196954
-37.49026479557074
-123.50892989316117
-53.36817774035126
-15.00653878474759
-39.74049693121674
-48.45698147802386
-45.096724119954615
-28.82353420845709
-59.56178163415416
-41.757890947118085
-36.057898526025724
-23.583840990711792
-31.71333729344144
-57.10896055125863
-57.10896055125863
-65.71939089451189
-41.665163299507185
5.9746142576696
9.290070649350355
11.664701041778812
-4.608488869718599
-25.402008110277052
-6.55331771394799
-6.508277730824716
-10.637118645719738
-91.2217052774651
-7.888940199680405
20.24330051059883
-9.39450945517899
28.592545160696886
-17.74375410527705
-38.76424177317631
-31.942124913020507
-33.545913608462456
-37.704338975820974
-31.799571973924458
-39.72410837507891
-99.82802367248269
-2.488700146774022
32.12931492970074
78.19923267845866
-78.19923267845866
-51.34855302273718
-388.1305626497333
-26.85067965572148
-114.10496638762015
-114.10496638762015
23.150720472168132
34.85680866407699
153.77482729919666
-9.542960094457612
82.55393039534897
-35.08280532991364
-23.962715245974778
191.65222684732748
271.3949501537222
-0.6808632792167373
0.680863279309051
-0.680863279309051
0.680863279309051
0.0
29.39087441492711
-50.26193430673834
224.4280814037852
-270.3287049538634
-99.80606537054496
-39.6963252860719
-157.02628708903558
29.123893803242595
-35.06479631573063
-112.27237309697375
-51.85914376747087
-70.32337140630489
-41.31829645197854
-41.31829645197854
-104.23908281693207
-330.6451700016753
-162.4825639729625
-230.02578950328734
-196.5073072934564
-623.3436580417442
-688.3000000000002
141.75797539790938
80.81676843779132
-6.7136594206899645
70.30490550628883
132.57093515079873
-38.39056247289898
353.3582508664226
112.86901749359163
61.60943752710102
113.73408627844185
96.53769125463987
76.61618447426667
110.49241822175964
6.61310027363038
87.73524368961887
42.95837074420342
13.214580147870947
-4.413484339078764
-80.30596832348772
37.33436504040276
-73.09168154844156
-19.42026569475206
0.3464128318634039
-35.15172843640812
120.22403167651225
4.340058587894191
79.17523427244919
-63.70944185404289
16.9678479373365
-16.87296091810856
-27.35414169206547
-64.29350085861597
-69.37825022958918
-161.76713879101123
-115.73560202064209
-352.71388825596455
146.500923831911
-318.1196946504242
140.3146068645484
70.04283156240115
115.56933899509829
0.0
64.97897589298088
-468.57371273189443
-150.42628726810563
77.22302558903255
63.11625638126543
39.80214963886169
-67.77999999999997
93.57420948510014
-146.29539262047047
176.12957218333474
3.141592653589793
0.0
3.032862422008935
0.0
3.086917092701837
0.0
0.0
0.0
0.0
0.0
6.9
0.0
0.0
0.0
0.0
0.0
0.0
0.0
2.889992044391846
0.0
2.871781036952078
0.0
0.0
0.0
0.0
0.0
0.0
0.0
0.0
0.0
0.0
0.0
2.970836587926228
0.0
2.958562440363128
0.0
0.0
0.0
0.0
0.0
0.0
0.0
2.6759091316244934
0.0
2.481929131648741
0.0
636.0
0.0
0.0
0.0
0.0
0.0
0.0
0.0
0.0
0.0
0.0
0.0
0.0
0.0
2.2771371316413678
0.0
2.955502177942713
0.0
3.0
3.0
1.3
1.3
3.0
1.35
1.35
1.35
0.71
0.71
0.71
0.0
0.65
0.65
0.65
0.65
0.45
0.45
0.0
0.45
0.0
1.0
1.0
1.9
1.9
1.9
1.9
1.9
1.9
1.9
4.6
3.0
3.0
4.6
3.0
0.0
0.0
0.0
0.0
0.0
943.5
140.0
0.0
0.0
0.0
0.0
0.0
0.0
0.0
0.0
0.0
0.0
0.0
0.0
0.0
0.0
0.0
0.0
0.0
0.0
0.0
0.0
0.0
0.0
0.0
0.0
0.0
0.0
0.0
0.0
0.0
0.0
0.0
0.0
0.0
0.0
0.0
0.0
0.0
0.0
0.0
0.0
0.0
0.0
2.908378459528601
0.0
3.0520111075582523
0.0
2.9632364769827415
0.0
0.0
0.0
2.98727092274944
0.0
2.9476346127607957
0.0
2.8224689635643445
0.0
0.0
0.0
3.9
20.0
0.0
0.0
0.0
0.0
0.0
0.0
2.980322999223091
0.0
0.0
0.0
0.0
0.0
3.008298965451324
0.0
3.0481122235281184
0.0
3.0057424474218077
0.0
2.8940248113716347
0.0
2.636735093552147
0.0
0.0
4.6
30.4
5.0480353196875
14.314053015625003
1.7351793625624998
0.9633504381875001
0.032926277437500005
0.0
0.0
0.0
0.0
0.0
0.0
0.0
0.0
2.6088879835901047
0.0
0.0
0.0
672.3
0.0
0.0
6.9
0.0
0.0
0.0
0.0
0.0
0.0
0.0
0.0
2.284503968785133
0.0
0.0
677.8
0.0
0.0
0.0
0.0
0.0
0.0
0.0
0.0
0.0
0.0
0.0
0.0
2.210473916329917
0.0
6.234007891312499
8.222810043062498
0.916454750625
0.45799746718749995
0.4894977158125
4.2749340886875
0.0
0.0
0.0
0.0
0.0
0.0
2.989816448677546
0.0
3.081249308590982
0.0
3.107333409219822
0.0
2.62671740022238
0.0
14.054249353124998
10.853473458749999
0.0
0.0
3.07944628006447
0.0
0.8
0.0
0.0
0.0
2.985445685487882
0.0
2.8503820058833
0.0
3.0
3.0
3.0
7.5
0.0
0.1
0.4
0.48
0.24
0.49
0.05
0.05
1.7978411194625004
0.0
0.0
0.0
0.0
0.0
0.0
0.0
0.0
0.0
0.0
0.0
0.0
0.0
2.678000065328284
0.0
2.6824647967303825
0.0
0.0
0.0
2.16
0.0
0.0
0.0
2.683266830530904
0.0
2.662858204623703
0.0
2.5629364185274053
0.0
2.6323173870115877
0.0
54.0
0.0
2.60015668249817
0.0
2.592936041418789
0.0
0.0
7.43
0.0
0.0
2.5278796135982144
0.0
2.6298245875608455
0.0
2.5196656249488285
0.0
2.4662211250782526
0.0
0.0
7.43
0.0
0.0
2.4098058105975566
0.0
2.364201172513809
0.0
2.3653665178037855
0.0
0.0
0.0
0.0
82.0
0.0
0.0
0.0
0.0
2.344385282706048
0.0
2.348814927327745
0.0
2.3569677326834775
0.0
2.3637948721120186
0.0
2.3562412527589363
0.0
0.0
0.0
0.0
0.0
0.0
0.0
2.3253030066000164
0.0
0.0
0.0
22.0
0.0
0.0
0.0
0.0
0.0
2.31778749575623
0.0
75.0
75.0
8.4
0.0
0.0
0.0
2.316597065447649
0.0
2.3361672841033903
0.0
2.344201502389942
0.0
97.98
97.98
46.7
0.0
0.0
0.0
2.2367458426751767
0.0
2.1908955227932267
0.0
97.98
97.98
27.07
0.0
0.0
0.0
2.1774662826434685
0.0
0.0
97.98
0.0
0.0
2.18950523859856
0.0
2.206880714410869
0.0
2.1914065546892036
0.0
636.0
6.91
1.68
0.0
0.0
0.0
0.0
0.0
2.183749387532595
0.0
0.0
77.0
0.0
0.0
2.2400959917634236
0.0
2.230317233842113
0.0
2.1969295470434425
0.0
74.05
74.05
87.71
87.71
0.0
0.0
0.0
0.0
0.0
0.0
2.2673551309761004
0.0
0.0
0.0
2.60990382776329
0.0
2.609816191145663
0.0
0.0
0.0
2.6093718364648444
0.0
2.609816191145663
0.0
0.0
0.0
2.6493246386003086
0.0
2.540163623682469
0.0
77.0
60.8
0.0
0.0
0.0
0.0
2.374922357470627
0.0
60.8
41.55
1.68
1.68
0.0
0.0
0.0
0.0
2.2288599808381946
0.0
2.2323919032515906
0.0
2.223720638073301
0.0
140.0
27.07
80.67
80.67
0.0
0.0
0.0
0.0
2.1739446313136224
0.0
2.1888124963835596
0.0
0.0
0.5615281160625
26.684943589375003
0.0
0.0
0.0
2.1394792101145033
0.0
2.017995548333417
0.0
1.8031103729786935
0.0
100.0
0.0
0.0
0.0
0.0
0.0
0.0
0.0
1.6769998410911997
0.0
0.9101081079781332
0.0
688.3
0.0
0.0
0.0
-0.5174260921569114
0.0
1.8213713928808026
0.0
0.0
595.0
0.0
0.0
1.8166734754731095
0.0
0.0
0.0
0.0
0.0
0.0
0.0
0.0
0.0
1.9486131751028184
0.0
0.0
100.0
0.0
0.0
0.0
0.0
1.916670981159708
0.0
0.0
0.0
0.0
0.0
0.0
0.0
0.0
0.0
0.0
0.0
1.9952699396510365
0.0
2.091929806612331
0.0
2.1482579130770754
0.0
2.1962060746784697
0.0
2.1857354350635028
0.0
2.1861451512814316
0.0
2.1691243576937316
0.0
110.0
41.55
41.55
7.43
0.0
0.0
0.0
0.0
2.0085149274480028
0.0
0.0
0.0
0.0
0.0
0.0
0.0
0.0
0.0
0.0
0.16296766487500003
0.0
0.0
0.0
0.0
0.0
0.0
0.0
0.0
0.0
0.0
2.106257298408421
0.0
2.1112511159872813
0.0
2.0396383752409584
0.0
1.2
1.2
1.6
1.6
1.6
1.6
0.95
0.95
0.95
0.95
1.88
1.88
3.75
2.29
2.29
1.2
0.0
0.0
0.0
0.9
0.9
3.0
1.88
0.0
0.0
0.0
0.0
0.0
0.0
0.0
0.0
0.0
0.0
0.0
0.0
0.0
0.0
0.0
0.0
0.0
0.0
0.0
0.0
0.0
0.0
0.0
0.0
0.0
2.115786333305018
0.0
0.0
0.0
2.072346413307571
0.0
0.0
0.0
0.0
0.0
2.011366007781385
0.0
1.947786908769932
0.0
0.0
0.0
751.1
1.05
0.0
1.54
0.0
1.3
1.3
0.0
0.0
0.0
0.0
0.0
0.0
0.0
0.0
0.0
1.3655885137901436
0.0
2.1153120716762945
0.0
2.156118283029472
0.0
0.0
0.0
2.245271075896941
0.0
0.0
0.0
0.0
0.0
0.0
0.0
0.0
0.0
0.0
0.0
0.0
0.0
0.0
0.0
0.0
0.0
0.0
0.0
2.245271075896941
0.0
0.0
0.0
3.1
0.0
0.0
1.35
4.65
0.0
0.0
0.0
0.0
0.0
0.0
0.0
0.0
0.0
0.0
0.0
2.288826720749812
0.0
619.0
0.0
2.6812542159339268
0.0
3.032437674461913
0.0
3.0365451501977034
0.0
40.71
27.07
0.0
0.0
2.1941844570429208
0.0
3.0389218570946044
0.0
2.4702173933688485
0.0
-108.83907065140119
-128.95179454500385
-228.208113265694
-199.20005161456857
183.43620552235927
-59.010324826372425
-636.0
733.6026416646127
-636.0
95.21821736435152
122.75827126199601
-240.4271347504946
-202.0843546289832
-111.58664573327269
-147.5999436516277
132.02315952033143
77.59266966631697
-26.489437320625598
12.325356802941997
47.06972808100056
-377.12118799228665
-69.49786185846176
312.5822488604588
56.7463818038475
34.028425706627104
53.37066675626738
-49.90550780114768
-115.17282066452265
-161.81743258828305
-56.599816990361774
-440.2889059587676
193.79594882673018
432.7070428679626
106.93901741748448
27.660764185901826
504.5143385828678
-97.60264166461263
484.00405117326954
164.41287043767568
-84.25114547736837
302.43763392915935
-95.43207567505465
-5.789090316307011
-110.03932223961834
-133.72425106356445
7.863076475998241
-39.44988352213966
-132.05901496916977
19.65210896720305
-161.08362448137677
266.4580962901025
-28.812092086440657
-37.322334596143264
-118.11292907421733
-53.15818927890848
-14.826778394564826
-39.49566606325857
-48.18994653110883
-44.88955281551023
-28.658820800584294
-59.316869977684064
-41.6042142163393
-35.90916384532659
-23.51285333001465
-31.705423692417753
-56.8093903654559
-56.8093903654559
-65.50314106006272
-41.547000197692455
5.890484869089505
9.184270056527112
11.610781340311291
-4.619950674614529
-25.359218161578497
-6.602863703637922
-6.557483198257387
-10.63014263617822
-91.16168747254352
-7.883644427341551
20.25902551628849
-9.438539719460323
28.576021669162174
-17.755535872334008
-38.620655876977935
-31.813236164172395
-33.410553458011236
-37.554056111472505
-31.620910262781763
-39.51970668978129
-99.47585295569775
-2.478224945517809
32.01849987953756
77.37079860832955
-77.37079860832955
-52.015940474982926
-384.5710253643199
-25.354858133346625
-113.481274166596
-113.481274166596
23.206767505286393
34.882047216677165
152.28811955953188
-9.634244257675164
82.37599694279697
-34.86178601032486
-23.77473818758972
190.33941605514747
269.7233832959207
0.24686371155246434
-0.24686371158577458
0.24686371158577458
-0.24686371158577458
0.0
29.796531244319453
-49.4611376490393
223.6135185988078
-268.8694948505567
-98.69079502546668
-38.11401003749279
-155.72968627693376
28.483245269202598
-35.537972044441176
-113.22752478727216
-52.30033288159166
-70.70455503373717
-40.18341911235052
-40.18341911235052
-104.78402199011293
-331.46974559795353
-162.79179951636308
-230.40250490168432
-196.74029929390161
-623.4892139274025
-688.3000000000002
141.5407370540097
80.7362048476989
-6.598198606206097
70.18069129015271
132.33670974826668
-38.20836596692527
353.6563647441317
112.96424045894105
61.79163403307473
113.98569216951421
96.82783128152846
76.95096513947226
110.47963500526248
6.478463599418319
87.27589613804128
43.127182946151606
13.062655217117026
-4.463216314588408
-80.3056814875224
37.62283347181244
-72.41485287554224
-19.141937139932338
0.4629561785227452
-35.121262172004435
120.22431851247757
3.9570662271000856
79.37108336051824
-63.939947098000744
18.150542662454427
-16.622982891509878
-27.42419191701049
-64.25866186230405
-69.20104350908082
-161.32382417367728
-116.23235651727555
-352.8838764774791
147.86068836114077
-318.1411994240547
141.6882338561337
71.42015586416619
116.99841583610566
0.0
68.05569508261146
-469.1519854530898
-149.84801454691024
76.78429570428807
63.061675450980715
39.49495899640851
-67.77999999999997
93.24528397758206
-145.41835824022712
175.17469833110908
