3.141592653589793
0.0
3.021325397378191
0.0
3.0618672366010555
0.0
0.0
0.0
0.0
0.0
0.0
0.0
0.0
0.0
0.0
0.0
0.0
0.0
2.762317953209708
0.0
2.7317924120440793
0.0
0.0
0.0
0.0
0.0
0.0
0.0
0.0
0.0
0.0
0.0
2.9066294627025933
0.0
2.908566887410079
0.0
0.0
0.0
0.0
0.0
0.0
0.0
2.39549619644448
0.0
2.0017411964936986
0.0
636.0
0.0
655.0
0.0
0.0
0.0
0.0
0.0
0.0
0.0
0.0
0.0
0.0
0.0
1.5860391964787333
0.0
2.9006649253453958
0.0
3.0
3.0
1.3
1.3
3.0
1.35
1.35
1.35
0.71
0.71
0.71
1.57
0.65
0.65
0.65
0.65
0.45
0.45
0.45
0.45
1.0
1.0
1.0
1.9
1.9
1.9
1.9
1.9
1.9
1.9
4.6
3.0
3.0
4.6
3.0
0.0
0.0
0.0
0.0
0.0
943.5
140.0
0.0
0.0
0.0
0.0
0.0
0.0
0.0
0.0
0.0
0.0
0.0
0.0
0.0
0.0
0.0
0.0
0.0
0.0
0.0
0.0
0.0
0.0
0.0
0.0
0.0
0.0
0.0
0.0
0.0
0.0
0.0
0.0
0.0
0.0
0.0
0.0
0.0
0.0
0.0
0.0
0.0
0.0
2.872667007032561
0.0
3.023636820167207
0.0
2.93246042847413
0.0
0.0
0.0
2.932305382860304
0.0
2.9093748717502113
0.0
2.7163506053516304
0.0
0.0
0.0
0.0
20.0
0.0
0.0
0.0
0.0
0.0
0.0
2.922696554753214
0.0
0.0
0.0
0.0
0.0
2.955127615800146
0.0
2.985580033170015
0.0
2.915252094702776
0.0
2.752787614152206
0.0
2.3902865247392455
0.0
0.0
4.6
30.4
0.0
0.017944061500000004
7.017932773062499
3.7398777544999997
0.244396205125
0.0
0.0
0.0
0.0
0.0
0.0
0.0
0.0
2.385572508286069
0.0
0.0
0.0
672.3
0.0
0.0
0.0
610.381246686511
0.0
0.0
0.0
0.0
0.0
0.0
0.0
1.8480567644789323
0.0
0.0
677.8
0.0
0.0
0.0
0.0
0.0
0.0
0.0
0.0
0.0
0.0
0.0
0.0
1.8420250683149266
0.0
1.0383002914375
0.0
4.400120112625
4.667288944062499
4.4419229153124995
0.0
0.0
0.0
0.0
0.0
0.0
0.0
2.85977140234216
0.0
2.9894848470294013
0.0
3.03558455684162
0.0
2.4113538568968593
0.0
26.756607282500003
11.1156343890625
0.0
0.0
3.0037206244425363
0.0
0.8
0.0
0.0
0.0
2.8711497327994397
0.0
2.7513524697851075
0.0
3.0
3.0
3.0
7.5
0.0
0.1
0.4
0.48
0.24
0.49
0.05
0.05
0.0
0.0
0.0
0.0
0.0
0.0
0.0
0.0
0.0
0.0
0.0
0.0
0.0
0.0
2.524232479619962
0.0
2.530002010720122
0.0
0.0
0.0
2.16
0.0
0.0
0.0
2.5310646024552543
0.0
2.5046845503042263
0.0
2.361349715099326
0.0
2.483851086444653
0.0
0.0
0.0
2.453063823612333
0.0
2.435339500638074
0.0
0.0
7.43
0.0
0.0
2.328423791637986
0.0
2.446690168722183
0.0
2.2823918462871795
0.0
2.2053922364375165
0.0
0.0
7.43
0.0
0.0
2.131759538990531
0.0
2.077059097770462
0.0
2.0633588916359855
0.0
0.0
98.2
0.0
82.0
0.0
0.0
0.0
0.0
2.03339876292745
0.0
2.055412779965878
0.0
2.0853026055556487
0.0
2.0987147427913158
0.0
2.101963823714586
0.0
0.0
0.0
0.0
0.0
0.0
0.0
2.0719281716947293
0.0
0.0
0.0
22.0
0.0
0.0
0.0
0.0
0.0
2.0668343054160605
0.0
75.0
75.0
0.0
0.0
0.0
0.0
2.064159604628803
0.0
2.06828778891155
0.0
2.0820027666448997
0.0
97.98
97.98
46.7
0.0
0.0
0.0
1.979714597378023
0.0
1.9072708662722375
0.0
97.98
97.98
27.07
0.0
0.0
0.0
1.892596552596503
0.0
0.0
97.98
0.0
0.0
1.8896029421217548
0.0
1.9336655997263907
0.0
1.9098060154521264
0.0
636.0
6.91
0.0
0.0
0.0
0.0
0.0
0.0
1.8931707961188238
0.0
596.4
77.0
0.0
0.0
1.839846319055395
0.0
1.8805641536530988
0.0
1.9343100298332816
0.0
74.05
74.05
87.71
87.71
0.0
0.0
0.0
0.0
0.0
0.0
2.042205865448407
0.0
25.6
0.0
2.4605453733243703
0.0
2.4540774833869197
0.0
0.0
0.0
2.4212825485006757
0.0
2.4540774833869197
0.0
0.0
0.0
2.5360183666753677
0.0
2.4019049248884876
0.0
77.0
60.8
0.0
0.0
0.0
0.0
2.221933635555942
0.0
60.8
41.55
0.0
0.0
0.0
0.0
0.0
0.0
2.0230824913373198
0.0
2.0276969936255966
0.0
2.0167365951127403
0.0
140.0
27.07
80.67
80.67
0.0
0.0
0.0
0.0
1.9533518206884395
0.0
1.9410345783521041
0.0
32.2078511025
108.68709783750002
0.0
0.0
0.0
0.0
1.905331658480982
0.0
1.7973829034937712
0.0
1.5988767788867486
0.0
0.0
0.0
0.0
0.0
0.0
0.0
0.0
0.0
1.4769803351655657
0.0
0.7237882059406253
0.0
688.3
0.0
0.0
0.0
-0.7037459941944193
0.0
1.5739998212875266
0.0
336.5
595.0
0.0
0.0
1.5181221862417429
0.0
0.0
0.0
0.0
0.0
0.0
0.0
0.0
0.0
1.710995389174185
0.0
0.0
0.0
0.0
0.0
0.0
0.0
1.7226581110411834
0.0
0.0
0.0
0.0
0.0
0.0
0.0
0.0
0.0
0.0
0.0
1.7404033050812462
0.0
1.8491064890743854
0.0
1.9111716586835819
0.0
1.969285220447393
0.0
1.9594418817093926
0.0
1.9643640321568459
0.0
1.9410384150568092
0.0
110.0
41.55
41.55
7.43
0.0
0.0
0.0
0.0
1.7625125184192925
0.0
0.0
0.0
0.0
0.0
0.0
0.0
0.0
0.0
0.0
214.54294833125
0.0
0.0
0.0
0.0
0.0
0.0
0.0
0.0
0.0
0.0
1.8502267323389505
0.0
1.8647627237291804
0.0
1.7885500165118042
0.0
1.2
1.2
1.6
1.6
1.6
1.6
0.95
0.95
0.95
0.95
1.88
1.88
3.75
2.29
2.29
1.2
3.0
3.0
1.6
0.9
0.9
3.0
1.88
0.0
0.0
0.0
0.0
0.0
0.0
0.0
0.0
0.0
0.0
0.0
0.0
0.0
0.0
0.0
0.0
0.0
0.0
0.0
0.0
0.0
0.0
0.0
0.0
0.0
1.8951766964449899
0.0
0.0
0.0
1.8749244638045477
0.0
0.0
0.0
0.0
0.0
1.822718999976538
0.0
1.7604410964513981
0.0
0.0
0.0
751.1
0.0
0.0
0.0
0.0
0.0
0.0
0.0
0.0
0.0
0.0
0.0
0.0
0.0
0.0
0.0
1.1957484323651277
0.0
1.9363566236339222
0.0
1.9808277073818257
0.0
0.0
0.0
2.0764439723172607
0.0
0.0
0.0
0.0
0.0
0.0
0.0
0.0
0.0
0.0
0.0
0.0
0.0
0.0
0.0
0.0
0.0
0.0
0.0
2.0764439723172607
0.0
0.0
0.0
0.0
0.0
0.0
1.35
4.65
0.0
0.0
0.0
0.0
0.0
0.0
0.0
0.0
0.0
0.0
0.0
2.1304696278075195
0.0
619.0
0.0
2.5740798920682044
0.0
2.924938673444924
0.0
2.929049319718091
0.0
40.71
27.07
0.0
0.0
1.93156493983276
0.0
3.041984283611569
0.0
2.327195410917965
0.0
-120.3876438553375
-188.0316438383545
-382.5255784921833
-305.6248375441978
323.77231606018734
9.314541863513114
-1291.0
1259.5363879933234
-1291.0
201.0857153006301
247.61365589674824
-142.84652199511766
-241.3285556999051
-118.25014348030936
-105.58788347807217
168.2242063118216
84.57343909690246
-37.36965520083845
-0.07951057119021243
44.01422626598446
-494.17569214217565
-107.17616125207587
408.60584044003815
65.7830852903935
26.027707153708093
57.924449086125605
-82.83620553030596
-167.48915519839852
-227.98810654538397
-9.581334253465457
-677.787200325392
15.789780533319572
620.6838268944384
151.71163117749563
48.88622461240561
786.0740940687883
31.463612006676613
662.0102194666802
183.8579776610061
-96.26565678673069
417.0539531994282
-134.58973765623648
15.070636364319853
-145.46054105717394
-174.45147213981977
10.417566031109004
-50.94056422702727
-173.70980244819793
25.49299565693252
-207.95669480250626
382.2262272608468
-19.6542111879628
-30.726623028922404
-92.60026259543423
-50.88803773987911
-36.394913698656865
-68.10930708585693
-79.19682147719084
-66.95123163443213
-46.12867989001256
-85.46016628175767
-54.30139929397262
-43.07121355893719
-36.19081870607272
-69.85653574881917
-91.33901817079084
-91.33901817079084
-92.4696094136446
-59.326987547586214
29.27395882675944
37.886016516971495
22.80975720205413
1.9872054576346727
-24.619386900093787
13.331975350239645
13.240346656044608
-7.204902798674652
-81.34625201101994
-17.713250245960353
4.2734826928247
9.608215630886889
18.47118220466689
-4.589483880955186
-40.21525264623699
-33.64342918340935
-35.3326390136001
-40.370578334617676
-49.96119386505984
-58.07869652391764
-108.69861981428016
-31.493625931461565
-7.961729985776401
119.29792137132199
-119.29792137132199
-64.21441364757948
-474.8264898562811
-55.083507723742514
-210.61201730428365
-210.61201730428365
-22.824139019759627
-7.725460229613304
-144.1202082953896
40.11609320065054
257.1202107153622
-12.546159943011048
2.718241518737841
291.61036655944554
329.40118730258973
18.219408269129303
-18.21940827159267
18.21940827159267
-18.21940827159267
0.0
57.046858162884746
-41.5889705244806
294.83529460591626
-330.3286743261566
-134.35888123363492
-18.93403377333516
-189.50596977465818
37.213728131109065
-44.91966603917001
-143.77457865029828
-66.41016252407212
-90.03519091479802
33.28984415591685
33.28984415591685
-138.04318042317152
-294.5395769984707
-150.38342773740487
-216.48822185117535
-190.16605878692548
-612.3513245872068
-688.3000000000002
95.11714326043852
23.781416807823234
-78.47982450124982
102.59212921610128
193.4535636076423
13.950624245108997
440.16063140936876
140.59526807346197
13.950624245108997
128.1877169709909
108.08123645630985
84.78848309878663
133.90221602020745
3.346187374451347
102.09476081750881
55.546861930723026
11.790376309315434
-11.401301510448889
-92.64043799398996
37.2282804211286
-105.0774592127791
-17.99513480537871
5.561751918889172
-50.73278364334203
107.88956200601001
11.518218216696482
86.13007413219873
-68.04706001878026
85.61897926030088
12.106731109811903
-12.785500404053437
-44.589351674008185
-39.207701260273325
-138.1096926926573
-113.85357135021013
-342.6068675273479
161.64669087126276
-308.5752262587534
154.41348522589544
99.98195028020154
125.48066264442593
0.0
84.41508670352789
-472.66017699110114
-146.33982300889875
87.89042588568816
93.4924660724032
39.52544493271796
-67.77999999999997
120.94091184456761
-155.3212348657986
193.4959105795707
3.141592653589793
0.0
3.020788306003107
0.0
3.0614684528693896
0.0
0.0
0.0
0.0
0.0
0.0
0.0
0.0
0.0
0.0
0.0
0.0
0.0
2.7603793194715864
0.0
2.7297150243183026
0.0
0.0
0.0
0.0
0.0
0.0
0.0
0.0
0.0
0.0
0.0
2.905477811673844
0.0
2.907458340216456
0.0
0.0
0.0
0.0
0.0
0.0
0.0
2.3917934067255056
0.0
1.9980384067747252
0.0
636.0
0.0
655.0
0.0
0.0
0.0
0.0
0.0
0.0
0.0
0.0
0.0
0.0
0.0
1.5823364067597598
0.0
2.8993242926477887
0.0
3.0
3.0
1.3
1.3
3.0
1.35
1.35
1.35
0.71
0.71
0.71
1.57
0.65
0.65
0.65
0.65
0.45
0.45
0.45
0.45
1.0
1.0
1.0
1.9
1.9
1.9
1.9
1.9
1.9
1.9
4.6
3.0
3.0
4.6
3.0
0.0
0.0
0.0
0.0
0.0
943.5
140.0
0.0
0.0
0.0
0.0
0.0
0.0
0.0
0.0
0.0
0.0
0.0
0.0
0.0
0.0
0.0
0.0
0.0
0.0
0.0
0.0
0.0
0.0
0.0
0.0
0.0
0.0
0.0
0.0
0.0
0.0
0.0
0.0
0.0
0.0
0.0
0.0
0.0
0.0
0.0
0.0
0.0
0.0
2.871441683023944
0.0
3.0218081105689407
0.0
2.930210061388907
0.0
0.0
0.0
2.9264366664898773
0.0
2.9065808736944803
0.0
2.7088640799629573
0.0
0.0
0.0
0.0
20.0
0.0
0.0
0.0
0.0
0.0
0.0
2.9159133832736597
0.0
0.0
0.0
0.0
0.0
2.948173809443709
0.0
2.9726359443707686
0.0
2.8975182450313257
0.0
2.7291878204307745
0.0
2.3566103962698044
0.0
62.6
4.6
30.4
0.0
0.009749018062499996
7.017933058374999
3.738957366625
0.24548701125
0.0
0.0
0.0
0.0
0.0
0.0
0.0
0.0
2.3301776441297006
0.0
0.0
0.0
672.3
0.0
0.0
0.0
591.3709926137741
0.0
0.0
0.0
0.0
0.0
0.0
0.0
1.833684861470779
0.0
0.0
677.8
0.0
0.0
0.0
0.0
0.0
0.0
0.0
0.0
0.0
0.0
0.0
0.0
1.8299909741629428
0.0
1.1620888994999998
0.0
4.21058453675
4.299911294625
4.302954756625
0.0
0.0
0.0
0.0
0.0
0.0
0.0
2.8437696774644534
0.0
2.973930169848698
0.0
3.0200582196021646
0.0
2.4045828926287776
0.0
30.0993463025
12.538451567875
0.0
0.0
2.987973968846889
0.0
0.8
0.0
0.0
0.0
2.853008336471788
0.0
2.7459055212852235
0.0
3.0
3.0
3.0
7.5
0.0
0.1
0.4
0.48
0.24
0.49
0.05
0.05
0.0
0.0
0.0
0.0
0.0
0.0
0.0
0.0
0.0
0.0
0.0
0.0
0.0
0.0
2.519045980253103
0.0
2.524892536576534
0.0
0.0
0.0
2.16
0.0
0.0
0.0
2.52595206581913
0.0
2.49945988373803
0.0
2.355592060965817
0.0
2.479165554846242
0.0
0.0
0.0
2.448563924712026
0.0
2.4310326576802233
0.0
0.0
7.43
0.0
0.0
2.324278808118888
0.0
2.442138232633722
0.0
2.2784361509134605
0.0
2.2015477149126976
0.0
0.0
7.43
0.0
0.0
2.127720332712231
0.0
2.072555900268288
0.0
2.059343336866336
0.0
0.0
98.2
0.0
82.0
0.0
0.0
0.0
0.0
2.029314044456701
0.0
2.0517266859754724
0.0
2.0821140226963193
0.0
2.0956853608475674
0.0
2.099157169961474
0.0
0.0
0.0
0.0
0.0
0.0
0.0
2.0690780036862515
0.0
0.0
0.0
22.0
0.0
0.0
0.0
0.0
0.0
2.0640250722182323
0.0
75.0
75.0
0.0
0.0
0.0
0.0
2.0613162747334144
0.0
2.0651417613855605
0.0
2.0789984725869566
0.0
97.98
97.98
46.7
0.0
0.0
0.0
1.9765015354057454
0.0
1.9034817686617265
0.0
97.98
97.98
27.07
0.0
0.0
0.0
1.8886902004070825
0.0
0.0
97.98
0.0
0.0
1.885751206789843
0.0
1.9297353028815154
0.0
1.9055040943209498
0.0
636.0
6.91
0.0
0.0
0.0
0.0
0.0
0.0
1.8878619692540042
0.0
596.4
77.0
0.0
0.0
1.8352971987711388
0.0
1.8764527235810418
0.0
1.9282120532236977
0.0
74.05
74.05
87.71
87.71
0.0
0.0
0.0
0.0
0.0
0.0
2.034121781543969
0.0
25.6
0.0
2.4431076887839343
0.0
2.4333652426458308
0.0
0.0
0.0
2.3839669242109665
0.0
2.4333652426458308
0.0
0.0
0.0
2.52441396112635
0.0
2.3913368590535473
0.0
77.0
60.8
0.0
0.0
0.0
0.0
2.213383799005867
0.0
60.8
41.55
0.0
0.0
0.0
0.0
0.0
0.0
2.016523350931612
0.0
2.021301944484165
0.0
2.010534962725263
0.0
140.0
27.07
80.67
80.67
0.0
0.0
0.0
0.0
1.9475030482623277
0.0
1.9350246074157056
0.0
32.49863962125001
109.82017908750001
0.0
0.0
0.0
0.0
1.8995742975832988
0.0
1.7919988931840134
0.0
1.5940259032903565
0.0
0.0
0.0
0.0
0.0
0.0
0.0
0.0
0.0
1.4723514927132983
0.0
0.7192943942430885
0.0
688.3
0.0
0.0
0.0
-0.7082398058919561
0.0
1.5697403424876395
0.0
336.5
595.0
0.0
0.0
1.5139418768597857
0.0
0.0
0.0
0.0
0.0
0.0
0.0
0.0
0.0
1.7070226943387983
0.0
0.0
0.0
0.0
0.0
0.0
0.0
1.7186109404550987
0.0
0.0
0.0
0.0
0.0
0.0
0.0
0.0
0.0
0.0
0.0
1.7362428173242215
0.0
1.844769375742044
0.0
1.9066361609650055
0.0
1.9645115051707478
0.0
1.9542478239625751
0.0
1.9589023776367718
0.0
1.9359950158721562
0.0
110.0
41.55
41.55
7.43
0.0
0.0
0.0
0.0
1.7578721851832153
0.0
0.0
0.0
0.0
0.0
0.0
0.0
0.0
0.0
0.0
214.3262289875
0.0
0.0
0.0
0.0
0.0
0.0
0.0
0.0
0.0
0.0
1.8460633219483036
0.0
1.8606896974696578
0.0
1.7844283945537498
0.0
1.2
1.2
1.6
1.6
1.6
1.6
0.95
0.95
0.95
0.95
1.88
1.88
3.75
2.29
2.29
1.2
3.0
3.0
1.6
0.9
0.9
3.0
1.88
0.0
0.0
0.0
0.0
0.0
0.0
0.0
0.0
0.0
0.0
0.0
0.0
0.0
0.0
0.0
0.0
0.0
0.0
0.0
0.0
0.0
0.0
0.0
0.0
0.0
1.8913702120739622
0.0
0.0
0.0
1.8713222336921351
0.0
0.0
0.0
0.0
0.0
1.8191944054959057
0.0
1.7569236116741038
0.0
0.0
0.0
751.1
0.0
0.0
0.0
0.0
0.0
0.0
0.0
0.0
0.0
0.0
0.0
0.0
0.0
0.0
0.0
1.192359544145365
0.0
1.9329231689623319
0.0
1.9774285790756672
0.0
0.0
0.0
2.073103797974299
0.0
0.0
0.0
0.0
0.0
0.0
0.0
0.0
0.0
0.0
0.0
0.0
0.0
0.0
0.0
0.0
0.0
0.0
0.0
2.073103797974299
0.0
0.0
0.0
0.0
0.0
0.0
1.35
4.65
0.0
0.0
0.0
0.0
0.0
0.0
0.0
0.0
0.0
0.0
0.0
2.1272130962056446
0.0
619.0
0.0
2.5652175124742147
0.0
2.9079767267242094
0.0
2.912263695335067
0.0
40.71
27.07
0.0
0.0
1.925466963223177
0.0
3.041570444073061
0.0
2.317637395906992
0.0
-120.92527285942515
-188.97217150736105
-384.264350267189
-307.17910050166483
325.48664327704205
9.5217718400786
-1291.0
1265.6240359078306
-1291.0
201.95490285946244
248.69394186193585
-142.25821235745207
-242.44581646836764
-118.76673115340418
-105.93134469868642
167.55652245323222
83.12359033225562
-39.02268579508336
-1.935074307117361
42.133322133360025
-497.8777722747318
-109.7816733749745
409.99862045823204
65.43696992144987
20.90780762994416
55.170413588625706
-88.47785555870382
-173.5365201980768
-234.32542399686088
-53.72510597044857
-653.6569184987816
9.669862061953609
619.6839361769462
152.23449398088565
48.916277572369836
784.2298643762815
25.375964092169397
668.1301379380461
178.57318546217073
-96.93127115583235
430.5272681526824
-137.02094652026898
12.236634444413994
-145.12149936059586
-173.7359632371481
10.387541594471031
-51.172339725278334
-173.55326587518152
25.768975995523533
-208.36272883791526
383.6475274405252
-19.145593293833713
-30.295213704016078
-90.7237623460735
-50.58120683392133
-35.9984949257132
-67.91536425460617
-79.07692559663974
-66.70826475801528
-45.751188350229086
-85.33677688236037
-54.4449721210151
-43.43656097930841
-36.17830468033162
-69.18696929853911
-91.32036026108631
-91.32036026108631
-92.5987475566169
-59.46394537155879
29.804044571880922
38.54013010194933
23.080507058468925
2.123430650682735
-24.6550543225228
13.759155440934705
13.664590801174882
-7.1470034908262505
-81.27464873259896
-17.93905619005875
3.960131108464566
10.011250305815338
18.304552636865083
-4.333171222585179
-40.373514296391704
-33.790732799699185
-35.48733862734605
-40.55770937006105
-50.35845982245439
-58.54089000203544
-109.56717225059333
-31.60527962377921
-7.816472386026362
121.15604280282787
-121.15604280282787
-62.73841013339597
-474.3712897865985
-58.417632669431896
-211.11735116019258
-211.11735116019258
-23.14404037402494
-7.947421545976113
-142.0669472666159
40.547315084600996
252.18802481058424
-13.835175926534248
1.483869471337357
286.2425090051918
322.03614743175535
27.443510240076648
-27.443510243787273
27.443510243787273
-27.443510243787273
0.0
61.45598816386837
-36.7169005202818
292.79924384332753
-327.77611345424367
-133.01381627117723
-17.424188725088243
-187.50050432716785
38.537044778499194
-44.126974424558625
-142.3099024037797
-65.73362159110934
-89.53396937892609
33.72551580539243
33.72551580539243
-137.1032278928924
-293.52088508068914
-149.9795378030243
-215.97797329879927
-189.81967322678014
-612.2415434857967
-688.3000000000002
95.47926448827661
24.040684478531375
-78.36863149854184
102.70256248555029
193.6618028719895
13.861538418899954
440.19988215181365
140.60780547063564
13.861538418899954
127.97943209444168
107.84388837938013
84.51746617761705
133.35332763766314
3.705920714755621
103.15759695131601
54.78902530456526
12.204849442285422
-10.655585546156544
-92.05381702795887
37.227289697867036
-104.43592933705122
-18.76358539074306
5.259382683522404
-50.24116979192149
108.47618297204122
11.58983797194196
86.19960150067334
-68.09044903532981
86.29883834537395
12.381819481477805
-12.656552008465837
-44.41588097222211
-38.92563767366153
-137.90430742335917
-113.8405737207072
-342.53271110064713
161.77633498088267
-308.50495491584365
154.53267399474532
100.23915382572227
125.55803005019561
0.0
84.54577848647796
-477.2311211945194
-141.76887880548065
89.81763112565818
92.43457200339753
41.22085202583946
-67.77999999999997
121.52054360894249
-153.22133710287028
191.64264135009785
3.141592653589793
0.0
3.0203475319432913
0.0
3.0610698639927616
0.0
0.0
0.0
0.0
0.0
0.0
0.0
0.0
0.0
0.0
0.0
0.0
0.0
2.7584153984228754
0.0
2.7275975649325073
0.0
0.0
0.0
0.0
0.0
0.0
0.0
0.0
0.0
0.0
0.0
2.90436191887832
0.0
2.9064353039587374
0.0
0.0
0.0
0.0
0.0
0.0
0.0
2.3878825907614996
0.0
1.9941275908107192
0.0
636.0
0.0
655.0
0.0
0.0
0.0
0.0
0.0
0.0
0.0
0.0
0.0
0.0
0.0
1.5784255907957547
0.0
2.898125045516526
0.0
3.0
3.0
1.3
1.3
3.0
1.35
1.35
1.35
0.71
0.71
0.71
1.57
0.65
0.65
0.65
0.65
0.45
0.45
0.45
0.45
1.0
1.0
1.0
1.9
1.9
1.9
1.9
1.9
1.9
1.9
4.6
3.0
3.0
4.6
3.0
0.0
0.0
0.0
0.0
0.0
943.5
140.0
0.0
0.0
0.0
0.0
0.0
0.0
0.0
0.0
0.0
0.0
0.0
0.0
0.0
0.0
0.0
0.0
0.0
0.0
0.0
0.0
0.0
0.0
0.0
0.0
0.0
0.0
0.0
0.0
0.0
0.0
0.0
0.0
0.0
0.0
0.0
0.0
0.0
0.0
0.0
0.0
0.0
0.0
2.8703954672213783
0.0
3.0204488773508364
0.0
2.9285361463655617
0.0
0.0
0.0
2.9222921782282487
0.0
2.904198846674938
0.0
2.7023779129159617
0.0
0.0
0.0
0.0
20.0
0.0
0.0
0.0
0.0
0.0
0.0
2.910845004822253
0.0
0.0
0.0
0.0
0.0
2.9436884370122742
0.0
2.9652830188323147
0.0
2.887670569614091
0.0
2.716122089816394
0.0
2.3378388987498546
0.0
62.6
4.6
30.4
0.0
0.0
7.017933304374999
3.738198500625
0.248833258
0.0
0.0
0.0
0.0
0.0
0.0
0.0
0.0
2.31575106774425
0.0
0.0
0.0
672.3
0.0
0.0
0.0
634.7115796932749
0.0
0.0
0.0
0.0
0.0
0.0
0.0
1.8024479738655454
0.0
0.0
677.8
0.0
0.0
0.0
0.0
0.0
0.0
0.0
0.0
0.0
0.0
0.0
0.0
1.8061175392352808
0.0
1.2786230459999999
0.0
4.10653174375
4.046560552625
4.226174901375
0.0
0.0
0.0
0.0
0.0
0.0
0.0
2.8263597462703007
0.0
2.9581860101313504
0.0
3.005717015629407
0.0
2.397286864247315
0.0
32.8260842025
13.687156832375
0.0
0.0
2.9739100377012377
0.0
0.8
0.0
0.0
0.0
2.837664133227528
0.0
2.743477257583641
0.0
3.0
3.0
3.0
7.5
0.0
0.1
0.4
0.48
0.24
0.49
0.05
0.05
0.0
0.0
0.0
0.0
0.0
0.0
0.0
0.0
0.0
0.0
0.0
0.0
0.0
0.0
2.5183879110026695
0.0
2.524298735064651
0.0
0.0
0.0
2.16
0.0
0.0
0.0
2.5253577064777497
0.0
2.4987459339028035
0.0
2.3539509619096455
0.0
2.4800019173647323
0.0
0.0
0.0
2.4501698548713478
0.0
2.433296212201288
0.0
0.0
7.43
0.0
0.0
2.3280128355451577
0.0
2.4439416006476335
0.0
2.2835211030379288
0.0
2.2077357816757424
0.0
0.0
7.43
0.0
0.0
2.134506267712627
0.0
2.0795262896402873
0.0
2.066314610308984
0.0
0.0
98.2
0.0
82.0
0.0
0.0
0.0
0.0
2.036263561152092
0.0
2.059091070325154
0.0
2.0899945174905756
0.0
2.1037275859552116
0.0
2.1074414089995095
0.0
0.0
0.0
0.0
0.0
0.0
0.0
2.0773448011498576
0.0
0.0
0.0
22.0
0.0
0.0
0.0
0.0
0.0
2.072341498106823
0.0
75.0
75.0
0.0
0.0
0.0
0.0
2.069594379544572
0.0
2.0730846400525422
0.0
2.0870835379592467
0.0
97.98
97.98
46.7
0.0
0.0
0.0
1.9845576417357282
0.0
1.911041418734694
0.0
97.98
97.98
27.07
0.0
0.0
0.0
1.8961456044031486
0.0
0.0
97.98
0.0
0.0
1.8932431681554833
0.0
1.9371715482569751
0.0
1.9126191682173976
0.0
636.0
6.91
0.0
0.0
0.0
0.0
0.0
0.0
1.894108567910778
0.0
596.4
77.0
0.0
0.0
1.8420704282619607
0.0
1.8836672239318268
0.0
1.9350507512430095
0.0
74.05
74.05
87.71
87.71
0.0
0.0
0.0
0.0
0.0
0.0
2.0409218486925074
0.0
25.6
0.0
2.4468364494497266
0.0
2.4355277470165664
0.0
0.0
0.0
2.3781878473692295
0.0
2.4355277470165664
0.0
0.0
0.0
2.5312456168560438
0.0
2.39841635819557
0.0
77.0
60.8
0.0
0.0
0.0
0.0
2.2215229949341513
0.0
60.8
41.55
0.0
0.0
0.0
0.0
0.0
0.0
2.0253206564028563
0.0
2.0302018094980125
0.0
2.0195143783699505
0.0
140.0
27.07
80.67
80.67
0.0
0.0
0.0
0.0
1.9565182227405495
0.0
1.942631921247436
0.0
32.773424196250005
110.8077846875
0.0
0.0
0.0
0.0
1.9095377991206313
0.0
1.8024547503552668
0.0
1.6051759403565047
0.0
0.0
0.0
0.0
0.0
0.0
0.0
0.0
0.0
1.4837827709362887
0.0
0.7309302933199784
0.0
688.3
0.0
0.0
0.0
-0.6966039068150662
0.0
1.5816292519131618
0.0
336.5
595.0
0.0
0.0
1.5258794943759595
0.0
0.0
0.0
0.0
0.0
0.0
0.0
0.0
0.0
1.7192590292322034
0.0
0.0
0.0
0.0
0.0
0.0
0.0
1.7307140217792183
0.0
0.0
0.0
0.0
0.0
0.0
0.0
0.0
0.0
0.0
0.0
1.7481431491983876
0.0
1.8563811916627273
0.0
1.9179293424024282
0.0
1.9754982140634034
0.0
1.964666268354578
0.0
1.9686861920817966
0.0
1.9461721217418706
0.0
110.0
41.55
41.55
7.43
0.0
0.0
0.0
0.0
1.7687933579071151
0.0
0.0
0.0
0.0
0.0
0.0
0.0
0.0
0.0
0.0
214.33827841250002
0.0
0.0
0.0
0.0
0.0
0.0
0.0
0.0
0.0
0.0
1.8577367163100096
0.0
1.87259553650604
0.0
1.7963453297591965
0.0
1.2
1.2
1.6
1.6
1.6
1.6
0.95
0.95
0.95
0.95
1.88
1.88
3.75
2.29
2.29
1.2
3.0
3.0
1.6
0.9
0.9
3.0
1.88
0.0
0.0
0.0
0.0
0.0
0.0
0.0
0.0
0.0
0.0
0.0
0.0
0.0
0.0
0.0
0.0
0.0
0.0
0.0
0.0
0.0
0.0
0.0
0.0
0.0
1.9035844795653398
0.0
0.0
0.0
1.8838460208991776
0.0
0.0
0.0
0.0
0.0
1.831835839007299
0.0
1.7695758189797406
0.0
0.0
0.0
751.1
0.0
0.0
0.0
0.0
0.0
0.0
0.0
0.0
0.0
0.0
0.0
0.0
0.0
0.0
0.0
1.2052066221488902
0.0
1.9457027125330804
0.0
1.990260139612622
0.0
0.0
0.0
2.086024695272453
0.0
0.0
0.0
0.0
0.0
0.0
0.0
0.0
0.0
0.0
0.0
0.0
0.0
0.0
0.0
0.0
0.0
0.0
0.0
2.086024695272453
0.0
0.0
0.0
0.0
0.0
0.0
1.35
4.65
0.0
0.0
0.0
0.0
0.0
0.0
0.0
0.0
0.0
0.0
0.0
2.1402607427702023
0.0
619.0
0.0
2.5575875149272846
0.0
2.8920271360819996
0.0
2.896188701285894
0.0
40.71
27.07
0.0
0.0
1.9323056612424887
0.0
3.041282530845831
0.0
2.3252736297097343
0.0
-121.36648813451546
-189.91223961260215
-386.1883895789015
-308.7706472693685
327.3413962221367
9.968197502654903
-1291.0
1272.3407272118784
-1291.0
203.06634750684566
250.04029414146953
-141.47744027231238
-243.42867644013768
-119.17149798211449
-105.99951983060305
167.3376632373214
82.23575550795783
-40.1623155183421
-3.202034942083401
40.53163002718918
-503.236304963305
-112.06048516164981
412.8061226279972
66.61953791332394
18.456907538478163
54.305225340382094
-91.41631242534027
-176.8541028753815
-237.913956641815
-44.89396545405839
-669.2386561053877
-9.606192066931499
628.1667315209556
154.18276471353306
50.40403551988538
786.3171358571635
18.659272788121598
687.4061920669315
173.72496786877423
-96.09358889878274
433.4997696926109
-138.32071514779074
14.97269795367265
-143.74189762422515
-172.18644777923396
10.382072677835822
-51.4140868547878
-172.34600258903674
26.00669953679244
-208.95720314409277
386.11992536335356
-17.68303446959601
-28.914332754968655
-80.25167100210479
-49.30919420443456
-34.648136893617334
-66.75246957328113
-77.98768640765843
-65.37102591919074
-44.28691871057367
-84.1124543094977
-54.00406634128365
-43.29132131662959
-36.080242012473605
-69.22036558111358
-90.3248527474907
-90.3248527474907
-92.18936587256206
-59.50702803940078
30.3557302823574
39.219676159516894
23.355558611831043
2.271451403213973
-24.66935069500437
14.214961935067095
14.117264604707088
-7.076807698769812
-81.15624718752372
-18.192838159799294
3.613106114617267
10.442962482895382
18.104718849288815
-4.048650251776166
-40.46539878554427
-33.87917840972875
-35.58022502113431
-40.678339378695114
-50.700843447974876
-58.941358224666146
-110.3393654127799
-31.72593685607137
-7.719245339289955
122.76190019788532
-122.76190019788532
-61.46852170184229
-466.3715963654586
-61.29337849604303
-211.30917619239722
-211.30917619239722
-23.47373389456186
-8.184567712518742
-140.6436206879489
40.982064700338356
255.88864582644987
-13.896487022091833
1.4377430679892313
286.13810124633187
319.6177958705482
31.85549980231724
-31.85549980662438
31.85549980662438
-31.85549980662438
0.0
63.801335906755526
-34.3404902533041
293.0282864609251
-327.1656616997865
-132.56914766105348
-15.446725039242438
-186.6411714960774
39.364137864005784
-43.800947248959346
-141.86068795642677
-65.52612729874568
-89.48317558131055
37.530544580117976
37.530544580117976
-135.73605782662025
-292.1774863526075
-149.45364394323894
-215.3189050205748
-189.38091947209443
-612.0751850679885
-688.3000000000002
95.92792252999106
24.33336615090184
-78.30022125886217
102.86145470747647
193.9614190978739
13.702144197240614
440.12604919733485
140.58422188935447
13.702144197240614
127.63920101722613
107.45961595106496
84.08217316756566
132.64716970054667
4.476948139978958
104.01597969605382
53.782423411267246
13.027804439199144
-9.579723146656647
-91.12857516113206
37.15036172755242
-103.78038981243844
-19.8024601634761
4.542286698126759
-49.405254433232585
109.40142483886802
11.774025511295235
86.22930334554644
-68.0805417415213
87.32907287821081
12.798678719361192
-12.461148147570498
-44.15300957528234
-38.498208440511235
-137.59307381390636
-113.82087757035333
-342.4203370612378
161.97279310234012
-308.39846819569243
154.71328846073004
100.62891102744402
125.67526989428973
0.0
84.7438242152316
-481.03122252295725
-137.96877747704275
88.8284360310339
94.23610661158364
40.01505003584248
-67.77999999999997
122.06218830562227
-152.06388458578454
190.7180786193794
3.141592653589793
0.0
3.0199393583838976
0.0
3.0607400099763744
0.0
0.0
0.0
0.0
0.0
0.0
0.0
0.0
0.0
0.0
0.0
0.0
0.0
2.7567985400379253
0.0
2.7258638197613028
0.0
0.0
0.0
0.0
0.0
0.0
0.0
0.0
0.0
0.0
0.0
2.903422551267669
0.0
2.905550286494032
0.0
0.0
0.0
0.0
0.0
0.0
0.0
2.384765634272209
0.0
1.9910106343214284
0.0
636.0
0.0
655.0
0.0
0.0
0.0
0.0
0.0
0.0
0.0
0.0
0.0
0.0
0.0
1.575308634306463
0.0
2.897035688908259
0.0
3.0
3.0
1.3
1.3
3.0
1.35
1.35
1.35
0.71
0.71
0.71
1.57
0.65
0.65
0.65
0.65
0.45
0.45
0.45
0.45
1.0
1.0
1.0
1.9
1.9
1.9
1.9
1.9
1.9
1.9
4.6
3.0
3.0
4.6
3.0
0.0
0.0
0.0
0.0
0.0
943.5
140.0
0.0
0.0
0.0
0.0
0.0
0.0
0.0
0.0
0.0
0.0
0.0
0.0
0.0
0.0
0.0
0.0
0.0
0.0
0.0
0.0
0.0
0.0
0.0
0.0
0.0
0.0
0.0
0.0
0.0
0.0
0.0
0.0
0.0
0.0
0.0
0.0
0.0
0.0
0.0
0.0
0.0
0.0
2.869448994841548
0.0
3.0188872798614836
0.0
2.9266604825326485
0.0
0.0
0.0
2.917218616875413
0.0
2.9024555716262865
0.0
2.6978664051063035
0.0
0.0
0.0
0.0
20.0
0.0
0.0
0.0
0.0
0.0
0.0
2.906179830280667
0.0
0.0
0.0
0.0
0.0
2.9381850986898232
0.0
2.9616521251900316
0.0
2.885042822695997
0.0
2.7143245551023973
0.0
2.33703215576726
0.0
62.6
4.6
30.4
0.0007635375625
0.0
7.017933585874999
3.737394523125
0.25574759625
0.0
0.0
0.0
0.0
0.0
0.0
0.0
0.0
2.3148422124137724
0.0
0.0
0.0
672.3
0.0
0.0
0.0
629.4346351954666
0.0
0.0
0.0
0.0
0.0
0.0
0.0
1.8022446868689341
0.0
0.0
677.8
0.0
0.0
0.0
0.0
0.0
0.0
0.0
0.0
0.0
0.0
0.0
0.0
1.8042150365390164
0.0
1.3879479534999999
0.004400293624999999
4.12832576775
3.950602819125
4.237618073125
0.004590633875
0.0
0.0
0.0
0.0
0.0
0.0
2.8260351613930457
0.0
2.957330515986623
0.0
3.0039029310892182
0.0
2.391558902123755
0.0
34.6927786725
14.454333637375
0.0
0.0
2.9715746427499496
0.0
0.8
0.0
0.0
0.0
2.836757688009728
0.0
2.7317282078236085
0.0
3.0
3.0
3.0
7.5
0.0
0.1
0.4
0.48
0.24
0.49
0.05
0.05
0.0
0.0
0.0
0.0
0.0
0.0
0.0
0.0
0.0
0.0
0.0
0.0
0.0
0.0
2.4994521006126798
0.0
2.5051636709212843
0.0
0.0
0.0
2.16
0.0
0.0
0.0
2.506292705281031
0.0
2.479161122925717
0.0
2.3413304576589553
0.0
2.4434671419062557
0.0
46.52133726267998
0.0
2.4038591359303343
0.0
2.3905097966683586
0.0
0.0
7.43
0.0
0.0
2.294685153883229
0.0
2.427625210578112
0.0
2.270753728835798
0.0
2.1961817215696673
0.0
0.0
7.43
0.0
0.0
2.1238733734577604
0.0
2.0696571376576767
0.0
2.0554996676889488
0.0
0.0
98.2
0.0
82.0
0.0
0.0
0.0
0.0
2.0253371121778496
0.0
2.048925366276835
0.0
2.0807596163699387
0.0
2.094752373316534
0.0
2.099005112931332
0.0
0.0
0.0
0.0
0.0
0.0
0.0
2.069135983108806
0.0
0.0
0.0
22.0
0.0
0.0
0.0
0.0
0.0
2.064289146875108
0.0
75.0
75.0
0.0
0.0
0.0
0.0
2.0614453428333555
0.0
2.0641327328389742
0.0
2.078342768889005
0.0
97.98
97.98
46.7
0.0
0.0
0.0
1.9775184529082042
0.0
1.9040520875392009
0.0
97.98
97.98
27.07
0.0
0.0
0.0
1.8891308461845773
0.0
0.0
97.98
0.0
0.0
1.8861064342683234
0.0
1.9301753452715218
0.0
1.905645237688974
0.0
636.0
6.91
0.0
0.0
0.0
0.0
0.0
0.0
1.8872142761149586
0.0
596.4
77.0
0.0
0.0
1.8336816302035466
0.0
1.8759547674935844
0.0
1.929774127964163
0.0
74.05
74.05
87.71
87.71
0.0
0.0
0.0
0.0
0.0
0.0
2.036834899145118
0.0
25.6
0.0
2.4455147130373804
0.0
2.4342416297498053
0.0
0.0
0.0
2.377082334220889
0.0
2.4342416297498053
0.0
0.0
0.0
2.530493979376173
0.0
2.3972346109714966
0.0
77.0
60.8
0.0
0.0
0.0
0.0
2.220644618221675
0.0
60.8
41.55
0.0
0.0
0.0
0.0
0.0
0.0
2.0241112683923532
0.0
2.0290463918676007
0.0
2.01835733354644
0.0
140.0
27.07
80.67
80.67
0.0
0.0
0.0
0.0
1.9551855931271112
0.0
1.9387481069203663
0.0
33.025734966250006
111.5286648375
0.0
0.0
0.0
0.0
1.9101778423429652
0.0
1.8037619262459232
0.0
1.6074152093162004
0.0
0.0
0.0
0.0
0.0
0.0
0.0
0.0
0.0
1.4863920500189458
0.0
0.7338422348620135
0.0
688.3
0.0
0.0
0.0
-0.6936919652730311
0.0
1.5848304159545892
0.0
336.5
595.0
0.0
0.0
1.5290933608088082
0.0
0.0
0.0
0.0
0.0
0.0
0.0
0.0
0.0
1.7229015038453728
0.0
0.0
0.0
0.0
0.0
0.0
0.0
1.7341424115845179
0.0
0.0
0.0
0.0
0.0
0.0
0.0
0.0
0.0
0.0
0.0
1.7512458023103141
0.0
1.8590430359815207
0.0
1.9201077509385023
0.0
1.977276528393034
0.0
1.9656711191421339
0.0
1.9685962116516373
0.0
1.9464506810866737
0.0
110.0
41.55
41.55
7.43
0.0
0.0
0.0
0.0
1.770259104880144
0.0
0.0
0.0
0.0
0.0
0.0
0.0
0.0
0.0
0.0
214.7502939375
0.0
0.0
0.0
0.0
0.0
0.0
0.0
0.0
0.0
0.0
1.8603068711301285
0.0
1.8755939683998566
0.0
1.799435130414146
0.0
1.2
1.2
1.6
1.6
1.6
1.6
0.95
0.95
0.95
0.95
1.88
1.88
3.75
2.29
2.29
1.2
3.0
3.0
1.6
0.9
0.9
3.0
1.88
0.0
0.0
0.0
0.0
0.0
0.0
0.0
0.0
0.0
0.0
0.0
0.0
0.0
0.0
0.0
0.0
0.0
0.0
0.0
0.0
0.0
0.0
0.0
0.0
0.0
1.906954660328653
0.0
0.0
0.0
1.8876740240035854
0.0
0.0
0.0
0.0
0.0
1.8358378572188334
0.0
1.7735937731186269
0.0
0.0
0.0
751.1
0.0
0.0
0.0
0.0
0.0
0.0
0.0
0.0
0.0
0.0
0.0
0.0
0.0
0.0
0.0
1.2095128169219018
0.0
1.9499090145672664
0.0
1.9945433819127771
0.0
0.0
0.0
2.090440078961633
0.0
0.0
0.0
0.0
0.0
0.0
0.0
0.0
0.0
0.0
0.0
0.0
0.0
0.0
0.0
0.0
0.0
0.0
0.0
2.090440078961633
0.0
0.0
0.0
0.0
0.0
0.0
1.35
4.65
0.0
0.0
0.0
0.0
0.0
0.0
0.0
0.0
0.0
0.0
0.0
2.1448636061026463
0.0
619.0
0.0
2.553541525710565
0.0
2.8915904180824814
0.0
2.8958124551365483
0.0
40.71
27.07
0.0
0.0
1.9270290379636412
0.0
3.040987449877636
0.0
2.3242866786833396
0.0
-121.7750702760506
-190.69019719840765
-387.6531362737262
-310.07054648675467
328.8124657788351
10.22949628124934
-1291.0
1277.5212939462062
-1291.0
203.8330652054624
250.98514540688757
-140.74843910686286
-244.30253816142113
-119.55688445926671
-106.18026958099358
166.6916428802
80.92148188266401
-41.59928927596684
-4.841982388132351
39.5762311440169
-501.9501412491927
-113.59753833280018
412.50183206969325
64.91940854030952
20.05728760699526
53.2144208489708
-90.23474973442364
-175.99821400521995
-237.29081718811324
-45.10151087656243
-668.4843361229077
-5.157983429296792
628.0923156432618
153.5618182020147
49.38750275699567
789.4523273882887
13.47870605379353
682.9579834292967
175.1172345727541
-97.6685448234216
433.4132976759586
-136.87000475902857
14.202022006081279
-149.10804586151983
-177.62469557992267
11.068964311660466
-52.31901006164571
-177.86414429108777
25.52464428775272
-215.86146470743597
367.548440757309
-33.673566998953106
-44.8226113039068
-93.01563790521988
-65.46777847325188
-27.411374249910978
-59.657913683482775
-70.98121687396963
-63.92480918434899
-42.72866747893943
-82.76582379275408
-53.324740492349974
-42.689949448713946
-36.17656389880551
-70.91204076772294
-83.38948659075584
-83.38948659075584
-91.85194053286784
-59.727832701219654
31.36735917317924
40.454382622002754
23.797205689966063
2.601063984556504
-24.482893295733106
15.15531865922992
15.051158396224992
-6.855496794472856
-80.53026467607219
-18.833139348526743
2.7819772304926573
11.348781016271914
17.492159471635205
-3.361401224870633
-39.955311906545944
-33.437007938140255
-35.11585352172665
-40.20884799580131
-50.666458874161776
-58.92507115203102
-110.52771373187306
-31.988686752046533
-8.043648713182847
122.65053791273522
-122.65053791273522
-61.62086382927828
-460.564078662529
-61.02967408345694
-208.54785854688157
-208.54785854688157
-24.048075257484697
-8.676638268999113
-144.68282680351513
41.648411124168774
265.9990740575249
-11.81506065954295
3.5486996811564495
289.35343565603307
321.7951290477383
31.755164180978227
-31.75516418527195
31.75516418527195
-31.75516418527195
0.0
64.23224968790737
-34.24120714104765
295.4095998405535
-328.2250453061133
-132.7928039435111
-12.597654210645942
-186.65499880294658
39.79938286474055
-43.80761607313275
-142.1147943542178
-65.643500253924
-89.7325857941961
44.425638401491824
44.425638401491824
-133.56790866655183
-290.3572062210519
-148.74751283030741
-214.4391055664886
-188.80368059090426
-611.8291180278379
-688.3000000000002
96.50820190135755
24.682838607671783
-78.28238082147391
103.08943778210778
194.39131697178118
13.446061891134377
439.90582479944806
140.51387823286223
13.446061891134377
127.11937932721855
106.87465102964347
83.42174177020377
131.72529364900822
5.761278030750873
104.70429585691124
52.43195419570611
14.35826395074696
-8.0878815186976
-89.77013992499417
36.96985383204935
-103.1049651847884
-21.21647029531573
3.3051892767871323
-48.12503349724955
110.7598600750058
12.113389278074578
86.20631147259485
-67.99896249050539
88.8529318178189
13.415271015541975
-12.172118891834657
-43.764186530213465
-37.86598166376757
-137.13271638755884
-113.79174424795383
-342.2541203609855
162.263381754826
-308.24095965246335
154.98044216199025
101.20541567487078
125.8486837906471
0.0
85.03676115783355
-479.48464912459457
-139.51535087540537
89.59596416543206
94.16638829568797
40.59651013363407
-67.77999999999997
122.52746788537047
-151.65890288583228
190.51849348351334
3.141592653589793
0.0
3.019554826218622
0.0
3.0604001219748955
0.0
0.0
0.0
0.0
0.0
0.0
0.0
0.0
0.0
0.0
0.0
0.0
0.0
2.7551244583071783
0.0
2.7240619115285174
0.0
0.0
0.0
0.0
0.0
0.0
0.0
0.0
0.0
0.0
0.0
2.9024678205507364
0.0
2.9046702436836043
0.0
0.0
0.0
0.0
0.0
0.0
0.0
2.3814622267909566
0.0
1.9877072268401763
0.0
636.0
0.0
655.0
0.0
0.0
0.0
0.0
0.0
0.0
0.0
0.0
0.0
0.0
0.0
1.572005226825211
0.0
2.8959834263032995
0.0
3.0
3.0
1.3
1.3
3.0
1.35
1.35
1.35
0.71
0.71
0.71
1.57
0.65
0.65
0.65
0.65
0.45
0.45
0.45
0.45
1.0
1.0
1.0
1.9
1.9
1.9
1.9
1.9
1.9
1.9
4.6
3.0
3.0
4.6
3.0
0.0
0.0
0.0
0.0
0.0
943.5
140.0
0.0
0.0
0.0
0.0
0.0
0.0
0.0
0.0
0.0
0.0
0.0
0.0
0.0
0.0
0.0
0.0
0.0
0.0
0.0
0.0
0.0
0.0
0.0
0.0
0.0
0.0
0.0
0.0
0.0
0.0
0.0
0.0
0.0
0.0
0.0
0.0
0.0
0.0
0.0
0.0
0.0
0.0
2.8685407415322945
0.0
3.01757161203981
0.0
2.9250640948354647
0.0
0.0
0.0
2.9130891990940473
0.0
2.900597379398559
0.0
2.6929092866097655
0.0
0.0
0.0
0.0
20.0
0.0
0.0
0.0
0.0
0.0
0.0
2.9018082079805367
0.0
0.0
0.0
0.0
0.0
2.933696911269605
0.0
2.95663301007003
0.0
2.879282868702094
0.0
2.7074022738180075
0.0
2.3278345447748032
0.0
62.6
4.6
30.4
0.0038176878125
0.0
7.017933867375
3.736590545625
0.2626619345
0.0
0.0
0.0
0.0
0.0
0.0
0.0
0.0
2.305243072515971
0.0
0.0
0.0
672.3
0.0
0.0
0.0
639.2311018277856
0.0
0.0
0.0
0.0
0.0
0.0
0.0
1.7907830321218574
0.0
0.0
677.8
0.0
0.0
0.0
0.0
0.0
0.0
0.0
0.0
0.0
0.0
0.0
0.0
1.7943908627922305
0.0
1.497272861
0.022001468125
4.15011979175
3.854645085625
4.2490612448750005
0.022953169375
0.0
0.0
0.0
0.0
0.0
0.0
2.818941600959201
0.0
2.9506326983943136
0.0
2.9972685499302667
0.0
2.385421203926162
0.0
36.5594731425
15.221510442375001
0.0
0.0
2.9647776901834497
0.0
0.8
0.0
0.0
0.0
2.8299263886838393
0.0
2.72543483757112
0.0
3.0
3.0
3.0
7.5
0.0
0.1
0.4
0.48
0.24
0.49
0.05
0.05
0.0
0.0
0.0
0.0
0.0
0.0
0.0
0.0
0.0
0.0
0.0
0.0
0.0
0.0
2.490665686488857
0.0
2.4963726508772925
0.0
0.0
0.0
2.16
0.0
0.0
0.0
2.4975180885107457
0.0
2.4701818154347457
0.0
2.3328277082842064
0.0
2.431542346928147
0.0
54.0
0.0
2.3901515187728055
0.0
2.377230920695167
0.0
0.0
7.43
0.0
0.0
2.2822838844677396
0.0
2.4186337927660144
0.0
2.261188104691584
0.0
2.1863155471355675
0.0
0.0
7.43
0.0
0.0
2.11362099252388
0.0
2.0589570395064642
0.0
2.0450458965231277
0.0
0.0
98.2
0.0
82.0
0.0
0.0
0.0
0.0
2.014766666592889
0.0
2.0386887505000466
0.0
2.0709395630175695
0.0
2.0850654532051713
0.0
2.0895052083378367
0.0
0.0
0.0
0.0
0.0
0.0
0.0
2.059600975940457
0.0
0.0
0.0
22.0
0.0
0.0
0.0
0.0
0.0
2.054788758483161
0.0
75.0
75.0
0.0
0.0
0.0
0.0
2.051916263726566
0.0
2.0543491874903133
0.0
2.068677663000849
0.0
97.98
97.98
46.7
0.0
0.0
0.0
1.9676875663013993
0.0
1.893743751369728
0.0
97.98
97.98
27.07
0.0
0.0
0.0
1.8787251697004388
0.0
0.0
97.98
0.0
0.0
1.8757455217502272
0.0
1.9197498932144317
0.0
1.8949117206317538
0.0
636.0
6.91
0.0
0.0
0.0
0.0
0.0
0.0
1.875646148619884
0.0
596.4
77.0
0.0
0.0
1.8227370295010763
0.0
1.8653760271176134
0.0
1.9169967651045958
0.0
74.05
74.05
87.71
87.71
0.0
0.0
0.0
0.0
0.0
0.0
2.0239913016388407
0.0
25.6
0.0
2.434255271727128
0.0
2.423125422218777
0.0
0.0
0.0
2.366692382471671
0.0
2.423125422218777
0.0
0.0
0.0
2.518891684194058
0.0
2.384922040634308
0.0
77.0
60.8
0.0
0.0
0.0
0.0
2.207051242762395
0.0
60.8
41.55
0.0
0.0
0.0
0.0
0.0
0.0
2.007899486573887
0.0
2.012811894678686
0.0
2.0019703113972493
0.0
140.0
27.07
80.67
80.67
0.0
0.0
0.0
0.0
1.9381876090235046
0.0
1.924480244950134
0.0
33.27804573625
112.2495449875
0.0
0.0
0.0
0.0
1.8898023161388204
0.0
1.7823068701930023
0.0
1.584186506747498
0.0
0.0
0.0
0.0
0.0
0.0
0.0
0.0
0.0
1.4622194340319323
0.0
0.7099722813343785
0.0
688.3
0.0
0.0
0.0
-0.7175619188006661
0.0
1.5588205354886133
0.0
336.5
595.0
0.0
0.0
1.50140054116586
0.0
0.0
0.0
0.0
9.5
0.0
0.0
0.0
0.0
1.6911069974619801
0.0
0.0
0.0
0.0
0.0
0.0
0.0
1.7042625622704168
0.0
0.0
0.0
0.0
0.0
0.0
0.0
0.0
0.0
0.0
0.0
1.7242791632744172
0.0
1.8334969108613288
0.0
1.895684897845058
0.0
1.9543892637187605
0.0
1.94445006464918
0.0
1.9494722376782994
0.0
1.9258343995134988
0.0
110.0
41.55
41.55
7.43
0.0
0.0
0.0
0.0
1.7460951519064682
0.0
0.0
0.0
0.0
0.0
0.0
0.0
0.0
0.0
0.0
215.16230946250002
0.0
0.0
0.0
0.0
0.0
0.0
0.0
0.0
0.0
0.0
1.8333147954904803
0.0
1.8488125867497907
0.0
1.7725520168483637
0.0
1.2
1.2
1.6
1.6
1.6
1.6
0.95
0.95
0.95
0.95
1.88
1.88
3.75
2.29
2.29
1.2
3.0
3.0
1.6
0.9
0.9
3.0
1.88
0.0
0.0
0.0
0.0
0.0
0.0
0.0
0.0
0.0
0.0
0.0
0.0
0.0
0.0
0.0
0.0
0.0
0.0
0.0
0.0
0.0
0.0
0.0
0.0
0.0
1.8765277769357214
0.0
0.0
0.0
1.8558156129864747
0.0
0.0
0.0
0.0
0.0
1.8025678184959668
0.0
1.7403285344314199
0.0
0.0
0.0
751.1
1.05
0.0
1.54
1.6
1.3
1.3
0.0
0.0
0.0
0.0
0.0
0.0
0.0
0.0
0.0
1.1703285368143082
0.0
1.9147940999850306
0.0
1.9586659225487262
0.0
0.0
0.0
2.0524736234644854
0.0
0.0
0.0
0.0
0.0
0.0
0.0
0.0
0.0
0.0
0.0
0.0
0.0
0.0
0.0
0.0
0.0
0.0
0.0
2.0524736234644854
0.0
0.0
1.3
3.1
0.0
0.0
1.35
4.65
3.25
0.0
0.0
0.0
0.0
0.0
0.0
0.0
0.0
0.0
0.0
2.1021886302487633
0.0
619.0
0.0
2.5483423958757045
0.0
2.8848742802051843
0.0
2.8890965361028105
0.0
40.71
27.07
0.0
0.0
1.9142516751040741
0.0
3.0407305879800166
0.0
2.3114255011489213
0.0
-122.15998735840788
-191.4918198433911
-389.2549721387543
-311.42426892311187
330.38131303054035
10.588572754850702
-1291.0
1283.1448866370001
-1291.0
204.73687207428247
252.08433254459123
-140.01369780228924
-245.15273482352666
-119.9121127766266
-106.26324163637707
166.33130742644244
79.94816591671099
-42.75057813022761
-6.140972174840272
38.43721565460805
-503.8441932286187
-115.3182081101873
413.66123047853614
64.68296813444181
19.60350324820638
52.30383800923755
-91.10735147081317
-177.1964895623645
-238.72184216171752
-45.917626537749356
-671.3143908161824
-9.444582906302685
630.7721281053005
154.02467532650917
49.45477363011855
792.4950585770139
7.855113362999873
687.2445829063026
173.94011744548652
-98.15969711204775
435.46560614643863
-136.90487456550113
14.549387711915642
-150.8475574942538
-179.36486833443928
11.22978072055264
-52.697858043571046
-179.75564938857815
25.5686642636457
-217.9135218043084
366.27761911388734
-36.452328779226036
-47.63708134334388
-97.39536230771023
-68.4145919929847
-26.53100220829822
-58.94406245836558
-70.33113794237465
-64.15879709474063
-42.850620892538586
-83.09939792124362
-53.60955354526834
-43.042482690706606
-36.28311957708138
-70.70459666171939
-82.82266806740847
-82.82266806740847
-92.23058093655476
-59.958871154982376
31.811281790414114
41.00211417863943
24.023622766492394
2.715446564290346
-24.511665898070532
15.5136018483214
15.406979157963633
-6.8065310569879784
-80.46819073303982
-19.02314408257712
2.5185546199551254
11.686893276061483
17.35134499822209
-3.145897102205481
-40.08434785877432
-33.55724997001812
-35.24213281042341
-40.36199823439654
-50.995734434616
-59.30826440360556
-111.2487530997214
-32.08240573353385
-7.924595612011217
124.1908629133925
-124.1908629133925
-60.39757810868514
-463.6729814215978
-63.793284804707355
-208.95499142780614
-208.95499142780614
-24.3158221310332
-8.862815925302016
-142.9976192557515
42.008864647821724
258.44135302944574
-12.58665869951517
2.847109582004009
289.1744230973361
323.0424961312174
31.35168874666192
-31.35168875090119
31.35168875090119
-31.35168875090119
0.0
63.97310088076006
-34.98810716019784
295.844868011912
-329.97449150073936
-134.56199742951162
-15.93249016330492
-188.605579834247
39.616194393390174
-44.432718369391296
-143.73582999360042
-66.39226433502449
-90.60042947916668
37.046929932109606
37.046929932109606
-138.4492033761136
-293.3027174041449
-150.0911844332153
-216.2752947112116
-190.27624442555356
-611.5830509876873
-688.3000000000002
94.70696221603112
22.648038806486056
-80.64605944077857
100.90768951598352
190.277288145189
15.736321543773329
441.3438061996926
140.97319550484235
15.736321543773329
128.7945136617501
108.48464213244915
84.95626639738111
135.26351581232586
3.4409096847462024
103.1089594627872
56.11641748679722
12.082043532546436
-11.438156953389466
-93.24876559004883
36.96123125450788
-107.53465922987971
-18.170382212299273
5.6747717851957304
-51.68692962391742
107.28123440995114
12.280341726229494
86.35573091826768
-68.08979455811391
82.31044085836811
11.029812497330568
-13.075861078798198
-45.51382057944875
-40.60535417357153
-140.86718121830302
-113.78296904564786
-345.4859462540918
159.63909176936818
-311.4754085158754
152.33271722530662
97.04679896024118
123.10721904906063
0.0
77.67969810043564
-480.2886735043489
-138.71132649565106
89.78413646703962
94.6760258125828
40.59861439863505
-67.77999999999997
122.99274746511878
-152.7994583894229
191.86444555119
