1.5075218690206498
0.0
1.394167823230326
0.0
1.4525253514715821
0.0
0.0
0.0
0.0
0.0
0.0
0.0
0.0
0.0
0.0
0.0
0.0
0.0
1.2558019671710738
0.0
1.2378311891562328
0.0
0.0
0.0
0.0
0.0
0.0
0.0
0.0
0.0
0.0
0.0
1.33430308504352
0.0
1.3198916537669243
0.0
0.0
0.0
0.0
0.0
0.0
0.0
1.0477665290865827
0.0
0.9483090790990154
0.0
326.09
0.0
0.0
0.0
0.0
0.0
0.0
0.0
0.0
0.0
0.0
0.0
0.0
0.0
0.8433080990952351
0.0
1.312314039034339
0.0
0.0
0.0
0.0
0.0
0.0
0.0
0.0
0.0
0.0
0.0
0.0
0.0
0.0
0.0
0.0
0.0
0.0
0.0
0.0
0.0
0.0
0.0
0.0
0.0
0.0
0.0
0.0
0.0
0.0
0.0
0.0
0.0
0.0
0.0
0.0
0.0
0.0
0.0
0.0
0.0
943.5
140.0
0.0
0.0
0.0
0.0
0.0
0.0
0.0
0.0
0.0
0.0
0.0
0.0
0.0
0.0
0.0
0.0
0.0
0.0
0.0
0.0
0.0
0.0
0.0
0.0
0.0
0.0
0.0
0.0
0.0
0.0
0.0
0.0
0.0
0.0
0.0
0.0
0.0
0.0
0.0
0.0
0.0
0.0
1.265531876749879
0.0
1.3826832425662303
0.0
1.2885210483469898
0.0
0.0
0.0
1.2217745789039087
0.0
1.2716015688914037
0.0
1.0700160544104103
0.0
0.0
0.0
0.0
20.0
0.0
0.0
0.0
0.0
0.0
0.0
1.2143732184683884
0.0
0.0
0.0
0.0
0.0
1.2241269916116302
0.0
1.2459991219655997
0.0
1.1889966545700998
0.0
1.0591270572838685
0.0
0.7704034286594115
0.0
62.6
4.6
30.4
0.810636215875
13.173320689999999
7.01793458
3.7345679631875
0.30056336549999996
0.0
0.0
0.0
0.0
0.0
0.0
0.0
0.0
0.6293342729890155
0.0
0.0
0.0
501.0576980266584
0.0
0.0
0.0
0.0
0.0
0.0
0.0
0.0
0.0
0.0
0.0
0.5332676078903771
0.0
0.0
677.8
0.0
0.0
0.0
0.0
0.0
0.0
0.0
0.0
0.0
0.0
0.0
0.0
0.45242833143144656
0.0
8.76116480125
0.36200981918749997
2.257478789875
1.032547615875
2.1047375787499996
1.324663743625
0.0
0.0
0.0
0.0
0.0
0.0
1.2117698832351298
0.0
1.2996509227254007
0.0
1.3201245072336043
0.0
0.8533421487236872
0.0
29.772854250625002
31.678795214375
0.0
0.0
1.2894291101390625
0.0
0.8
0.0
0.0
0.0
1.1949216337389235
0.0
0.988034939353601
0.0
0.0
0.0
0.0
0.0
0.0
0.1
0.4
0.48
0.24
0.49
0.05
0.05
0.0
0.0
0.0
0.0
0.0
0.0
0.0
0.0
0.0
0.0
0.0
0.0
0.0
0.0
0.7115929492422679
0.0
0.7136607757305304
0.0
0.0
0.0
2.16
0.0
0.0
0.0
0.7147303253534432
0.0
0.6955665332896515
0.0
0.5952104289551836
0.0
0.6220702206919828
0.0
0.0
0.0
0.568034445251338
0.0
0.5292286774777128
0.0
0.0
7.43
0.0
0.0
0.38469472634105584
0.0
0.5548383296523891
0.0
0.2933148786475024
0.0
0.18662765591364838
0.0
0.0
7.43
0.0
0.0
0.09598501339619325
0.0
0.03172488001098861
0.0
0.04016153427855862
0.0
0.0
42.69
0.0
82.0
0.0
0.0
0.0
0.0
0.0177720406109918
0.0
0.012522714435226678
0.0
0.008604898300109465
0.0
0.011646492591437685
0.0
-0.0016733280313130372
0.0
0.0
0.0
0.0
0.0
0.0
0.0
-0.03237583170686609
0.0
0.0
0.0
22.0
0.0
0.0
0.0
0.0
0.0
-0.041188503924911135
0.0
75.0
75.0
0.0
0.0
0.0
0.0
-0.04116031899347927
0.0
-0.013687652895473246
0.0
-0.008970059335853708
0.0
97.98
97.98
46.7
0.0
0.0
0.0
-0.12161638721800383
0.0
-0.1583858605106756
0.0
97.98
97.98
27.07
0.0
0.0
0.0
-0.16965941769888726
0.0
0.0
97.98
0.0
0.0
-0.15814355176353967
0.0
-0.13969310613311237
0.0
-0.14905928173632743
0.0
636.0
6.91
0.0
0.0
0.0
0.0
0.0
0.0
-0.1399886208468204
0.0
0.0
77.0
0.0
0.0
-0.09000942071680385
0.0
-0.1103989444315161
0.0
-0.17323207683079112
0.0
74.05
74.05
87.71
87.71
0.0
0.0
0.0
0.0
0.0
0.0
-0.11671188794836862
0.0
25.6
0.0
0.2917213543901651
0.0
0.3208471347354034
0.0
0.0
0.0
0.46852714771806836
0.0
0.3208471347354034
0.0
0.0
0.0
0.27663374608378843
0.0
0.1479990559091946
0.0
77.0
60.8
0.0
0.0
0.0
0.0
-0.07133768674263141
0.0
60.8
41.55
0.0
0.0
0.0
0.0
0.0
0.0
-0.2755245319778359
0.0
-0.27495049885706013
0.0
-0.28664018814492254
0.0
140.0
27.07
80.67
80.67
0.0
0.0
0.0
0.0
-0.34068442883215067
0.0
-0.2323673479924926
0.0
33.86455262375
119.71010690000001
21.147842565
0.0
0.0
0.0
-0.4956686212010335
0.0
-0.6129317087831803
0.0
-0.8169712896889667
0.0
0.0
0.0
0.0
0.0
0.0
0.0
0.0
0.0
-0.9343038721865855
0.0
-1.7140584534547487
0.0
688.3
0.0
0.0
0.0
-3.141592653589793
0.0
-0.820756817808117
0.0
0.0
595.0
0.0
0.0
-0.8299524464313128
0.0
0.0
0.0
0.0
0.0
0.0
0.0
0.0
0.0
-0.6907378641309738
0.0
0.0
0.0
0.0
0.0
0.0
0.0
-0.6808726138364984
0.0
0.0
0.0
0.0
0.0
0.0
0.0
0.0
0.0
0.0
0.0
-0.6658623286967496
0.0
-0.5766344407634176
0.0
-0.5223474108761068
0.0
-0.46153411395303134
0.0
-0.4443493256220399
0.0
-0.3888692757394372
0.0
-0.4232072265915203
0.0
110.0
41.55
41.55
7.43
0.0
0.0
0.0
0.0
-0.647111865735043
0.0
0.0
0.0
0.0
0.0
0.0
0.0
0.0
0.0
0.0
244.33951783749998
0.0
0.0
0.0
0.0
0.0
0.0
0.0
0.0
0.0
0.0
-0.6050156874784345
0.0
-0.5869966050122866
0.0
-0.6347794305047176
0.0
0.0
0.0
0.0
0.0
0.0
0.0
0.0
0.0
0.0
0.0
0.0
0.0
3.75
0.0
0.0
0.0
0.0
0.0
0.0
0.0
0.0
0.0
0.0
0.0
0.0
0.0
0.0
0.0
0.0
0.0
0.0
0.0
0.0
0.0
0.0
0.0
0.0
0.0
0.0
0.0
0.0
0.0
0.0
0.0
0.0
0.0
0.0
0.0
-0.5882808535260766
0.0
0.0
0.0
-0.6295172370471409
0.0
0.0
0.0
0.0
0.0
-0.6810753063117629
0.0
-0.7361520871011131
0.0
0.0
0.0
640.1
0.0
0.0
0.0
0.0
0.0
0.0
0.0
0.0
0.0
0.0
0.0
0.0
0.0
0.0
0.0
-1.2288763567568084
0.0
-0.5922887176591183
0.0
-0.5574060944714097
0.0
0.0
0.0
-0.48089043734671577
0.0
0.0
0.0
0.0
0.0
0.0
0.0
0.0
0.0
0.0
0.0
0.0
0.0
0.0
0.0
0.0
0.0
0.0
0.0
-0.48089043734671577
0.0
0.0
0.0
0.0
0.0
0.0
1.35
4.65
0.0
0.0
0.0
0.0
0.0
0.0
0.0
0.0
0.0
0.0
0.0
-0.44331848755733816
0.0
495.7920474484188
0.0
0.9561819765919122
0.0
1.2481773622837942
0.0
1.2532614345142905
0.0
40.71
27.07
0.0
0.0
-0.17597716683131281
0.0
1.3990317818736617
0.0
0.05130500866523047
0.0
-113.46751330351367
-129.708767802328
-225.19771946981018
-198.790891027165
178.6516590648248
-69.28572729576149
-326.0899999999999
711.8526594255004
-326.0899999999999
82.13963933088462
109.21238986370122
-238.6845014360506
-208.82458839383685
-116.87092170106462
-159.88169713134
96.2643003110635
32.516508623887034
-65.83824209053694
-34.22895868739033
7.277808320827717
-347.2735113583576
-111.92976929379677
285.85577044042395
19.7845297030683
18.69412850764695
5.970590628759055
-67.14071545133879
-133.8861827626161
-181.58718781121854
-286.725926130669
-296.419775961293
211.62114255291067
416.25906461827617
102.7848414849343
21.711118247079185
558.4379013348557
-385.76265942550054
466.1788574470893
140.37943424407945
-92.73533864641456
368.18578062510676
-95.94667651094534
-22.315562242279384
-187.8936009246097
-207.5036608807746
10.485780617187856
-36.4069264474997
-205.96366623851054
11.706627281816168
-170.49378669245107
267.61627825870005
-69.3361439589554
-75.91195716080449
-478.02170331324896
-89.31533130774437
-79.68330136966756
-100.18563874297729
-107.062186021265
-106.57027343046002
-93.25081474389424
-118.4097921116163
-66.84560657233703
-50.598530224368005
-29.536232337343222
-22.32454303999532
-113.59835470791984
-113.59835470791984
-90.78258887203287
-44.33563102931839
-6.980486935634076
-6.691344752475288
5.1727794066895285
-8.146679279876253
-25.165986617846215
-17.35220495198564
-17.23294581450682
-12.464882910942038
-91.98416008258323
0.18665517503745832
28.43961292771303
-19.55997561949505
33.32325015124377
-24.44361284302579
-38.91868971313454
-32.0542104478576
-33.663626868887036
-37.26964008366099
-25.358257442714716
-32.028686988856975
-83.50783101919683
0.43192290034903635
30.627303018561634
46.830878016074394
-46.830878016074394
-76.86617897338465
-745.637981571949
30.035300957310255
-117.28124194213797
-117.28124194213797
31.254188551485868
40.80735669399644
135.0789192851746
-20.08820070462218
-207.77159989981556
-53.432961827855934
-41.507385356665054
152.75726726659605
321.6009782180315
-82.04445165250672
82.04445166359972
-82.04445166359972
82.04445166359972
0.0
-11.404087910866792
-101.9307081488522
216.97618347722118
-316.8342122279812
-137.96408462334807
-157.24024161317692
-211.86772782328785
4.62929936107912
-47.90856265824027
-134.35030278568343
-62.057044624397804
-76.7673873152471
-292.7488671664116
-292.7488671664116
-258.0821680030856
-319.9538541975021
-154.57544008508762
-217.1433536587669
-183.04615048409903
-633.9468140537374
-688.3000000000002
111.3206415517484
60.3187432131308
-12.915208740236949
74.05030973185353
139.6334827372748
11.800538631689278
324.93092623954976
103.78881576421554
11.800538631689278
105.22156595743411
90.83222646803438
74.16260915851262
140.1228039435971
-56.95873450506565
96.82885959172029
89.7561395179739
-51.58977187039204
-76.40999792320304
-148.7511829613792
20.625980071117397
-142.53151138047292
31.41643205107232
62.68932191096292
-101.56897256668628
51.77881703862079
14.278195297311527
55.60446904841149
-42.66323704886088
31.87587419895226
-12.010563513303055
-26.03307040417087
-57.10427863877305
-57.264803327707114
-136.39700866220835
-100.68881314877444
-299.34483629140595
126.29671219383556
-269.2482347689164
121.1202193940153
59.23354449581302
100.41424819473434
0.0
58.70617154590286
-378.1863050206407
-117.60574242777807
87.01916428343554
55.99399631499432
48.88530990666618
-67.77999999999997
95.35707509032318
-201.02712524712558
225.44613125002343
1.4964813959692282
0.0
1.3831320811953507
0.0
1.441607783794045
0.0
0.0
0.0
0.0
0.0
0.0
0.0
0.0
0.0
0.0
0.0
0.0
0.0
1.2454088003894146
0.0
1.22749974948953
0.0
0.0
0.0
0.0
0.0
0.0
0.0
0.0
0.0
0.0
0.0
1.3235586323879174
0.0
1.309050592621202
0.0
0.0
0.0
0.0
0.0
0.0
0.0
1.0381765672918624
0.0
0.9387191173042941
0.0
326.09
0.0
0.0
0.0
0.0
0.0
0.0
0.0
0.0
0.0
0.0
0.0
0.0
0.0
0.8337181373005143
0.0
1.3015079287669797
0.0
0.0
0.0
0.0
0.0
0.0
0.0
0.0
0.0
0.0
0.0
0.0
0.0
0.0
0.0
0.0
0.0
0.0
0.0
0.0
0.0
0.0
0.0
0.0
0.0
0.0
0.0
0.0
0.0
0.0
0.0
0.0
0.0
0.0
0.0
0.0
0.0
0.0
0.0
0.0
0.0
943.5
140.0
0.0
0.0
0.0
0.0
0.0
0.0
0.0
0.0
0.0
0.0
0.0
0.0
0.0
0.0
0.0
0.0
0.0
0.0
0.0
0.0
0.0
0.0
0.0
0.0
0.0
0.0
0.0
0.0
0.0
0.0
0.0
0.0
0.0
0.0
0.0
0.0
0.0
0.0
0.0
0.0
0.0
0.0
1.2545702151205074
0.0
1.3718053381403905
0.0
1.2776035605361216
0.0
0.0
0.0
1.2111366089040834
0.0
1.2600301608503957
0.0
1.0573880151808854
0.0
0.0
0.0
0.0
20.0
0.0
0.0
0.0
0.0
0.0
0.0
1.2034228142895884
0.0
0.0
0.0
0.0
0.0
1.214985218849769
0.0
1.2446645363229827
0.0
1.193415570437402
0.0
1.0701979031872817
0.0
0.7924698390664129
0.0
0.0
4.6
30.4
0.8558460036875001
13.640171174999999
7.01793458
3.7345681780625006
0.30087197618749995
0.0
0.0
0.0
0.0
0.0
0.0
0.0
0.0
0.6742030887141182
0.0
0.0
0.0
510.9867804292105
0.0
0.0
0.0
0.0
0.0
0.0
0.0
0.0
0.0
0.0
0.0
0.537772362283663
0.0
0.0
677.8
0.0
0.0
0.0
0.0
0.0
0.0
0.0
0.0
0.0
0.0
0.0
0.0
0.45302848218487446
0.0
8.902663297562501
0.3869538424375
2.1224276761249996
1.0862155274375
1.9616669229374997
1.2331120526875
0.0
0.0
0.0
0.0
0.0
0.0
1.2133381728759165
0.0
1.299253910341866
0.0
1.3176525379949844
0.0
0.845151830552552
0.0
30.604439867500002
31.7915569
0.0
0.0
1.2862747092359967
0.0
0.8
0.0
0.0
0.0
1.196881566675664
0.0
0.9792852154337162
0.0
0.0
0.0
0.0
0.0
0.0
0.1
0.4
0.48
0.24
0.49
0.05
0.05
0.0
0.0
0.0
0.0
0.0
0.0
0.0
0.0
0.0
0.0
0.0
0.0
0.0
0.0
0.7050526126971448
0.0
0.7071047657536758
0.0
0.0
0.0
2.16
0.0
0.0
0.0
0.7081708889386955
0.0
0.6890826917697463
0.0
0.5891763419050933
0.0
0.6161781609438779
0.0
0.0
0.0
0.5625321957391431
0.0
0.5240192056222903
0.0
0.0
7.43
0.0
0.0
0.3804560108187962
0.0
0.5495134022591435
0.0
0.28990500530326857
0.0
0.18396683902552713
0.0
0.0
7.43
0.0
0.0
0.09403248041773882
0.0
0.030470306065396358
0.0
0.03832613453356082
0.0
0.0
42.69
0.0
82.0
0.0
0.0
0.0
0.0
0.01600011987035055
0.0
0.010609330674288486
0.0
0.006513719109217053
0.0
0.009495884290696033
0.0
-0.0038954132128146135
0.0
0.0
0.0
0.0
0.0
0.0
0.0
-0.034561844108004
0.0
0.0
0.0
22.0
0.0
0.0
0.0
0.0
0.0
-0.04338383802522472
0.0
75.0
75.0
0.0
0.0
0.0
0.0
-0.04334565334186857
0.0
-0.015780528099139435
0.0
-0.011117175698455828
0.0
97.98
97.98
46.7
0.0
0.0
0.0
-0.12354989617106282
0.0
-0.160038597690622
0.0
97.98
97.98
27.07
0.0
0.0
0.0
-0.17125736614669362
0.0
0.0
97.98
0.0
0.0
-0.15977591139007874
0.0
-0.14127828837111966
0.0
-0.15046398381110437
0.0
636.0
6.91
0.0
0.0
0.0
0.0
0.0
0.0
-0.14090303517113822
0.0
0.0
77.0
0.0
0.0
-0.0913890556578143
0.0
-0.11194446681101855
0.0
-0.17285478103696894
0.0
74.05
74.05
87.71
87.71
0.0
0.0
0.0
0.0
0.0
0.0
-0.11383929101551926
0.0
25.6
0.0
0.3042024893239472
0.0
0.33612234662730245
0.0
0.0
0.0
0.49796951038011805
0.0
0.33612234662730245
0.0
0.0
0.0
0.28440649557166475
0.0
0.1544771350678693
0.0
77.0
60.8
0.0
0.0
0.0
0.0
-0.06685053566508614
0.0
60.8
41.55
0.0
0.0
0.0
0.0
0.0
0.0
-0.2735183921760935
0.0
-0.27307975575522025
0.0
-0.28498067157236306
0.0
140.0
27.07
80.67
80.67
0.0
0.0
0.0
0.0
-0.33954687004627493
0.0
-0.23172156771546115
0.0
33.888291699375
119.69163684375
19.556849468124998
0.0
0.0
0.0
-0.4944019850269532
0.0
-0.6120392897175129
0.0
-0.816613017477616
0.0
0.0
0.0
0.0
0.0
0.0
0.0
0.0
0.0
-0.9341678554784334
0.0
-1.7140584534547487
0.0
688.3
0.0
0.0
0.0
-3.141592653589793
0.0
-0.8209902755566358
0.0
0.0
595.0
0.0
0.0
-0.8302638464160825
0.0
0.0
0.0
0.0
0.0
0.0
0.0
0.0
0.0
-0.6912579919563662
0.0
0.0
0.0
0.0
0.0
0.0
0.0
-0.6813172054405019
0.0
0.0
0.0
0.0
0.0
0.0
0.0
0.0
0.0
0.0
0.0
-0.666191989590676
0.0
-0.5767927134484054
0.0
-0.5223114848162438
0.0
-0.4612762389092828
0.0
-0.4436907355717854
0.0
-0.38799937121361294
0.0
-0.42268231350540253
0.0
110.0
41.55
41.55
7.43
0.0
0.0
0.0
0.0
-0.647002608907536
0.0
0.0
0.0
0.0
0.0
0.0
0.0
0.0
0.0
0.0
244.336410675
0.0
0.0
0.0
0.0
0.0
0.0
0.0
0.0
0.0
0.0
-0.6053122605015249
0.0
-0.587397157043319
0.0
-0.6351425114909945
0.0
0.0
0.0
0.0
0.0
0.0
0.0
0.0
0.0
0.0
0.0
0.0
0.0
3.75
0.0
0.0
0.0
0.0
0.0
0.0
0.0
0.0
0.0
0.0
0.0
0.0
0.0
0.0
0.0
0.0
0.0
0.0
0.0
0.0
0.0
0.0
0.0
0.0
0.0
0.0
0.0
0.0
0.0
0.0
0.0
0.0
0.0
0.0
0.0
-0.58893695873381
0.0
0.0
0.0
-0.63037908791584
0.0
0.0
0.0
0.0
0.0
-0.682015359683966
0.0
-0.7370993020895416
0.0
0.0
0.0
640.1
0.0
0.0
0.0
0.0
0.0
0.0
0.0
0.0
0.0
0.0
0.0
0.0
0.0
0.0
0.0
-1.2299531072756433
0.0
-0.5933205763154752
0.0
-0.5584725301338569
0.0
0.0
0.0
-0.48201625743623344
0.0
0.0
0.0
0.0
0.0
0.0
0.0
0.0
0.0
0.0
0.0
0.0
0.0
0.0
0.0
0.0
0.0
0.0
0.0
-0.4820162574362339
0.0
0.0
0.0
0.0
0.0
0.0
1.35
4.65
0.0
0.0
0.0
0.0
0.0
0.0
0.0
0.0
0.0
0.0
0.0
-0.44452856112174954
0.0
532.7177566983412
0.0
0.9357582546071441
0.0
1.249916843546317
0.0
1.2549682580952046
0.0
40.71
27.07
0.0
0.0
-0.17559987103749064
0.0
1.3879083857392178
0.0
0.05682196615166912
0.0
-113.46277755131632
-129.41889663751328
-224.42419672605365
-198.24817990603776
177.88682019643034
-69.7501911905955
-326.0899999999999
709.0755887439618
-326.0899999999999
81.53943077612576
108.51639191544155
-239.4781308340216
-208.7043279951572
-116.89848042096105
-160.23640443624015
96.16608668797744
32.57898927240649
-65.74006924846458
-34.085616220194765
6.546697515743517
-351.82744552153144
-112.51646068114076
289.1778200461504
23.453153266979143
25.36693801126853
9.76804554746559
-60.36391743931529
-127.02852293191648
-174.6717384380034
-240.3795738627403
-318.3718459784377
221.84261804945095
414.45755250022376
100.48624262661963
19.510739821880634
547.0004759249882
-382.98558874396184
455.957381950549
146.4406231924072
-94.79706572915887
350.74737865687473
-90.75445941671984
-21.79682940005705
-186.37571822369307
-206.45044783754815
10.452188088830326
-36.26171828459394
-204.36797440756777
11.635359111568278
-169.8927757860065
266.4169330057107
-68.77785926858701
-75.32767620387165
-474.0286827184016
-88.67101686821718
-79.08211521623286
-99.49518301081207
-106.34310725599846
-105.78989280741041
-92.52778728890564
-117.57843089538642
-66.32327330565226
-50.048956182746565
-29.47425708154617
-23.15229791207321
-112.83464115328815
-112.83464115328815
-90.30468771747576
-44.2099300305797
-7.16860265410844
-6.924380117622718
5.071709491986894
-8.190396026517874
-25.136418765090525
-17.495489263557147
-17.375245354203003
-12.478067775405975
-91.97706005380559
0.2528786977109121
28.535326328013184
-19.693924457348885
33.362813283514356
-24.521411412850057
-38.80857045971902
-31.953881605096853
-33.55826059470053
-37.14831239724822
-25.164621737123753
-31.804979985344062
-83.10198855892168
0.4682465249549068
30.53578392618988
45.92847719992369
-45.92847719992369
-77.58724752954436
-740.4456157241125
31.658770329620666
-116.85438035378934
-116.85438035378934
31.370117306307748
40.88157656325836
133.82156626694723
-20.251636604618056
-199.69841166144124
-51.947299164645756
-40.073892247603226
159.50132439984054
329.16675617149167
-89.91509096882277
89.91509098098004
-89.91509098098004
89.91509098098004
0.0
-14.962958240278454
-106.1881945144404
219.93149677690667
-320.0230554031062
-139.6404435935458
-158.09811996080668
-214.10481604603285
3.537390490900748
-48.77424515534574
-136.14119147810243
-62.88426463952533
-77.50880462564021
-291.4197360612818
-291.4197360612818
-258.94911246726156
-320.97491042766205
-154.98009679291624
-217.65443633278176
-183.39288293827593
-634.0573967432947
-688.3000000000002
110.9584116922531
60.06012084727149
-13.024678173171424
73.93928428471713
139.4241268289436
11.890892963509373
324.89476602339346
103.77726553704565
11.890892963509373
105.42367469438659
91.06361061600057
74.42790799035788
140.6342071321758
-57.22190414004592
95.68160275421133
90.47266885087163
-51.876339600756864
-76.97726245999979
-149.25035866932114
20.637196298517893
-143.1047856614157
32.14900061876551
62.92809532972262
-102.0279033539723
51.27964133067894
14.195803056474574
55.54468355224492
-42.62978075889964
31.19105099002286
-12.287660496426838
-26.162960341646567
-57.27901597075879
-57.54892645667064
-136.60389359215253
-100.70190568300745
-299.41953418573536
126.16612146243551
-269.3190192117575
121.00016034509736
58.97446292838481
100.33631587574484
0.0
58.57452549138134
-404.0855832756058
-128.63217342273538
86.65894912950694
56.18095169973651
48.57129373736154
-67.77999999999997
95.24155044384088
-203.02529920187607
227.3391577368384
1.5038343609666427
0.0
1.3905780125700984
0.0
1.4489900954321167
0.0
0.0
0.0
0.0
0.0
0.0
0.0
0.0
0.0
0.0
0.0
0.0
0.0
1.2528877496678321
0.0
1.2349827309735577
0.0
0.0
0.0
0.0
0.0
0.0
0.0
0.0
0.0
0.0
0.0
1.3310159293750061
0.0
1.3165324099892857
0.0
0.0
0.0
0.0
0.0
0.0
0.0
1.0457001028312805
0.0
0.9462426528437131
0.0
326.09
0.0
0.0
0.0
0.0
0.0
0.0
0.0
0.0
0.0
0.0
0.0
0.0
0.0
0.8412416728399328
0.0
1.3090177931551574
0.0
0.0
0.0
0.0
0.0
0.0
0.0
0.0
0.0
0.0
0.0
0.0
0.0
0.0
0.0
0.0
0.0
0.0
0.0
0.0
0.0
0.0
0.0
0.0
0.0
0.0
0.0
0.0
0.0
0.0
0.0
0.0
0.0
0.0
0.0
0.0
0.0
0.0
0.0
0.0
0.0
943.5
140.0
0.0
0.0
0.0
0.0
0.0
0.0
0.0
0.0
0.0
0.0
0.0
0.0
0.0
0.0
0.0
0.0
0.0
0.0
0.0
0.0
0.0
0.0
0.0
0.0
0.0
0.0
0.0
0.0
0.0
0.0
0.0
0.0
0.0
0.0
0.0
0.0
0.0
0.0
0.0
0.0
0.0
0.0
1.2621126686881663
0.0
1.3794181344128678
0.0
1.2853035396317773
0.0
0.0
0.0
1.2193579167870414
0.0
1.2680661359620018
0.0
1.0666330024756867
0.0
0.0
0.0
0.0
20.0
0.0
0.0
0.0
0.0
0.0
0.0
1.212010710962895
0.0
0.0
0.0
0.0
0.0
1.223025751312269
0.0
1.2522641107036563
0.0
1.2007437967218086
0.0
1.0772593121983913
0.0
0.7991444994289068
0.0
0.0
4.6
30.4
0.8918224179375001
14.0808001925
7.01793458
3.7345683633125004
0.3012515339374999
0.0
0.0
0.0
0.0
0.0
0.0
0.0
0.0
0.6798556413396595
0.0
0.0
0.0
510.9867804292105
0.0
0.0
0.0
0.0
0.0
0.0
0.0
0.0
0.0
0.0
0.0
0.5449877444495073
0.0
0.0
677.8
0.0
0.0
0.0
0.0
0.0
0.0
0.0
0.0
0.0
0.0
0.0
0.0
0.46036218742022017
0.0
8.992291143312501
0.40682773168749997
2.003486115125
1.1258809714375
1.8428436726874997
1.1648380786875
0.0
0.0
0.0
0.0
0.0
0.0
1.221150389320087
0.0
1.3070677572823968
0.0
1.3255192005443481
0.0
0.8527519175673164
0.0
31.239611732500002
31.8682948
0.0
0.0
1.2941851892277008
0.0
0.8
0.0
0.0
0.0
1.2049174406293357
0.0
0.9861617542673393
0.0
0.0
0.0
0.0
0.0
0.0
0.1
0.4
0.48
0.24
0.49
0.05
0.05
0.0
0.0
0.0
0.0
0.0
0.0
0.0
0.0
0.0
0.0
0.0
0.0
0.0
0.0
0.7105020524885219
0.0
0.7125150227497157
0.0
0.0
0.0
2.16
0.0
0.0
0.0
0.713584718832966
0.0
0.6945273008476405
0.0
0.5947364171312017
0.0
0.62091604496334
0.0
0.0
0.0
0.5669152784986329
0.0
0.5281007711649144
0.0
0.0
7.43
0.0
0.0
0.383850254109138
0.0
0.5538221868471882
0.0
0.2926799369893356
0.0
0.18622146797516237
0.0
0.0
7.43
0.0
0.0
0.09599303404640747
0.0
0.03232139015042357
0.0
0.0401970516206247
0.0
0.0
42.69
0.0
82.0
0.0
0.0
0.0
0.0
0.01787711464814068
0.0
0.012308633744691821
0.0
0.007992082381222954
0.0
0.01090524929796155
0.0
-0.0025904076276725974
0.0
0.0
0.0
0.0
0.0
0.0
0.0
-0.03325128430053059
0.0
0.0
0.0
22.0
0.0
0.0
0.0
0.0
0.0
-0.042095017993897255
0.0
75.0
75.0
0.0
0.0
0.0
0.0
-0.042040224946956695
0.0
-0.014330129570554906
0.0
-0.009727310835088154
0.0
97.98
97.98
46.7
0.0
0.0
0.0
-0.12216058654787876
0.0
-0.1584437425472096
0.0
97.98
97.98
27.07
0.0
0.0
0.0
-0.16961908537544668
0.0
0.0
97.98
0.0
0.0
-0.1581518925996117
0.0
-0.1396321982680928
0.0
-0.14868484682733651
0.0
636.0
6.91
0.0
0.0
0.0
0.0
0.0
0.0
-0.1387642713668895
0.0
0.0
77.0
0.0
0.0
-0.08945768378699226
0.0
-0.11020111449426828
0.0
-0.1709909858495129
0.0
74.05
74.05
87.71
87.71
0.0
0.0
0.0
0.0
0.0
0.0
-0.112062014496904
0.0
25.6
0.0
0.30656207579878547
0.0
0.3387660164517583
0.0
0.0
0.0
0.5020536028220075
0.0
0.3387660164517583
0.0
0.0
0.0
0.28617012851176993
0.0
0.1561406319426193
0.0
77.0
60.8
0.0
0.0
0.0
0.0
-0.0655620809858708
0.0
60.8
41.55
0.0
0.0
0.0
0.0
0.0
0.0
-0.2724041098084311
0.0
-0.27200960079454584
0.0
-0.283945842176653
0.0
140.0
27.07
80.67
80.67
0.0
0.0
0.0
0.0
-0.3385323344784057
0.0
-0.23015768589016883
0.0
33.861896599375
119.67194169375
18.099320538125
0.0
0.0
0.0
-0.4934676630032184
0.0
-0.611380737306888
0.0
-0.8163467669996458
0.0
0.0
0.0
0.0
0.0
0.0
0.0
0.0
0.0
-0.9340636685513584
0.0
-1.7140584534547487
0.0
688.3
0.0
0.0
0.0
-3.141592653589793
0.0
-0.8211539759517437
0.0
0.0
595.0
0.0
0.0
-0.8304766916289363
0.0
0.0
0.0
0.0
0.0
0.0
0.0
0.0
0.0
-0.6916283649944415
0.0
0.0
0.0
0.0
0.0
0.0
0.0
-0.6816266970642371
0.0
0.0
0.0
0.0
0.0
0.0
0.0
0.0
0.0
0.0
0.0
-0.6664088482490369
0.0
-0.576873504497784
0.0
-0.5222393904705802
0.0
-0.461038215528907
0.0
-0.4431509133640077
0.0
-0.3872488516774619
0.0
-0.422179523033158
0.0
110.0
41.55
41.55
7.43
0.0
0.0
0.0
0.0
-0.6468334212321274
0.0
0.0
0.0
0.0
0.0
0.0
0.0
0.0
0.0
0.0
244.333558725
0.0
0.0
0.0
0.0
0.0
0.0
0.0
0.0
0.0
0.0
-0.6054766979895314
0.0
-0.5876528596238395
0.0
-0.6353798230467853
0.0
0.0
0.0
0.0
0.0
0.0
0.0
0.0
0.0
0.0
0.0
0.0
0.0
3.75
0.0
0.0
0.0
0.0
0.0
0.0
0.0
0.0
0.0
0.0
0.0
0.0
0.0
0.0
0.0
0.0
0.0
0.0
0.0
0.0
0.0
0.0
0.0
0.0
0.0
0.0
0.0
0.0
0.0
0.0
0.0
0.0
0.0
0.0
0.0
-0.5893767929286726
0.0
0.0
0.0
-0.6309765204562758
0.0
0.0
0.0
0.0
0.0
-0.6826726942661461
0.0
-0.7377621223712176
0.0
0.0
0.0
640.1
0.0
0.0
0.0
0.0
0.0
0.0
0.0
0.0
0.0
0.0
0.0
0.0
0.0
0.0
0.0
-1.2307151499914109
0.0
-0.5940482324822254
0.0
-0.5592266718115493
0.0
0.0
0.0
-0.4828158867680279
0.0
0.0
0.0
0.0
0.0
0.0
0.0
0.0
0.0
0.0
0.0
0.0
0.0
0.0
0.0
0.0
0.0
0.0
0.0
-0.4828158867680279
0.0
0.0
0.0
0.0
0.0
0.0
1.35
4.65
0.0
0.0
0.0
0.0
0.0
0.0
0.0
0.0
0.0
0.0
0.0
-0.44539272745612113
0.0
521.2796685949497
0.0
0.9478454005714436
0.0
1.257827956723558
0.0
1.2628608165811297
0.0
40.71
27.07
0.0
0.0
-0.17373607585003414
0.0
1.3953617538981558
0.0
0.05828442141387402
0.0
-113.3697181145456
-129.3496828623778
-224.3736678336859
-198.15496708570947
177.8392563132037
-69.6323047434962
-326.0899999999999
708.9237008960627
-326.0899999999999
81.58436552868147
108.5558096634652
-239.31185951014868
-208.5476361235843
-116.79839171496917
-160.05806267275835
96.30689637921307
32.801797657126485
-65.49108741110501
-33.81826812415284
7.138449966329404
-349.4849297054184
-111.84516019069218
287.87665049850693
22.342881034062884
24.990050761843918
9.309224683356206
-60.68352650453801
-127.30359228581733
-174.91497658178298
-242.45702861243547
-317.6959437242492
221.53287179422614
414.82370849918743
100.48814963990571
19.56674789062822
551.2399096370355
-382.8337008960629
456.2671282057736
145.58681173811044
-94.66468674928905
351.9279628642621
-90.62715590208211
-21.50059428819327
-187.45672228264436
-207.49947321048506
10.487216502854949
-36.192599407611056
-205.37637564397835
11.502486361155206
-169.9441663549669
266.1090232771005
-69.44458102181375
-75.95953710764297
-477.80648232732585
-89.25746523181317
-79.7012470782754
-100.03553244747388
-106.85223485025381
-106.41493473974083
-93.2063448161474
-118.15590341062597
-66.54014301136658
-50.13515267380285
-29.521683823136073
-23.110840803652763
-113.30437753485307
-113.30437753485307
-90.50771684212282
-44.19789499943795
-7.404894818178946
-7.215352019655256
4.954365504340444
-8.254224419253092
-25.131866123835948
-17.691487523156525
-17.5698965467609
-12.50881710517342
-92.03079212251663
0.3628678605169853
28.685398930105407
-19.879674115418197
33.45022163592205
-24.644496821234952
-38.774226885487906
-31.920462789052408
-33.523163846472926
-37.10174632131407
-25.022866205934406
-31.63899921996051
-82.78031724164907
0.5202316355600942
30.497853126244763
45.263242796218265
-45.263242796218265
-78.11283041214551
-743.9155056044265
32.84958761592725
-116.79521050282028
-116.79521050282028
31.51110495783746
40.9835710301669
133.2610475278948
-20.43687754459461
-201.41696551639416
-51.97386776306587
-40.10466948808835
159.26749015970745
329.62526794804353
-90.71532575624133
90.71532576850666
-90.7153257685066
90.71532576850666
0.0
-15.413414426764916
-106.68187508190948
219.83823477374403
-320.2696959581483
-139.7581275878423
-158.75454981323446
-214.3795606719102
3.181524305511516
-48.919022060945395
-136.3468549828208
-62.97926159171129
-77.53763108563203
-292.90445567610163
-292.90445567610163
-259.16008590688216
-321.7273513910045
-155.2772952267553
-218.02900760546413
-183.64571219076163
-634.1421015620572
-688.3000000000002
110.69577706265227
59.876865275052296
-13.09370179360053
73.85549288832522
139.2661249982425
11.963717621821274
324.8868186065463
103.77472698833776
11.963717621821274
105.58413178044862
91.246492264116
74.63676781971435
141.01653209687856
-57.48273565660327
94.93726347875224
91.0109057461957
-52.15901201170527
-77.45110051149118
-149.66072172391057
20.654966186771276
-143.51259916773472
32.70073522099278
63.166171407017714
-102.40065640440702
50.8692782760894
14.123485233566726
55.5080951847433
-42.613360201104
30.666485834040714
-12.499912973094297
-26.262454246677862
-57.41286236295764
-57.76656086438311
-136.7623646020885
-100.71193438409728
-299.4767517450703
126.06609075889992
-269.37323912109406
120.90819676544425
58.776010012277084
100.27662079162144
0.0
58.47368642485435
-394.64319566990497
-126.6364729250447
86.45509165169244
56.289375507747195
48.392883243948404
-67.77999999999997
95.17791800903876
-203.4432651323234
227.65901174966643
1.508024235520451
0.0
1.394767444552504
0.0
1.4531595692398973
0.0
0.0
0.0
0.0
0.0
0.0
0.0
0.0
0.0
0.0
0.0
0.0
0.0
1.2569700268620778
0.0
1.2390547683096411
0.0
0.0
0.0
0.0
0.0
0.0
0.0
0.0
0.0
0.0
0.0
1.3351567938421551
0.0
1.320689487840232
0.0
0.0
0.0
0.0
0.0
0.0
0.0
1.0496488821419696
0.0
0.9501914321544014
0.0
326.09
0.0
0.0
0.0
0.0
0.0
0.0
0.0
0.0
0.0
0.0
0.0
0.0
0.0
0.845190452150621
0.0
1.313168700322941
0.0
0.0
0.0
0.0
0.0
0.0
0.0
0.0
0.0
0.0
0.0
0.0
0.0
0.0
0.0
0.0
0.0
0.0
0.0
0.0
0.0
0.0
0.0
0.0
0.0
0.0
0.0
0.0
0.0
0.0
0.0
0.0
0.0
0.0
0.0
0.0
0.0
0.0
0.0
0.0
0.0
943.5
140.0
0.0
0.0
0.0
0.0
0.0
0.0
0.0
0.0
0.0
0.0
0.0
0.0
0.0
0.0
0.0
0.0
0.0
0.0
0.0
0.0
0.0
0.0
0.0
0.0
0.0
0.0
0.0
0.0
0.0
0.0
0.0
0.0
0.0
0.0
0.0
0.0
0.0
0.0
0.0
0.0
0.0
0.0
1.2662900984479872
0.0
1.3835788589497815
0.0
1.289471123378287
0.0
0.0
0.0
1.2234723545467627
0.0
1.2723526574499546
0.0
1.0711122341959713
0.0
0.0
0.0
0.0
20.0
0.0
0.0
0.0
0.0
0.0
0.0
1.2162659903220634
0.0
0.0
0.0
0.0
0.0
1.2270342381426982
0.0
1.2561115225635637
0.0
1.2044597743757421
0.0
1.080812195515671
0.0
0.8024148977266057
0.0
0.0
4.6
30.4
0.9138272894375
14.518975395
7.01793458
3.7345685753125006
0.3017734879374999
0.0
0.0
0.0
0.0
0.0
0.0
0.0
0.0
0.682499990283175
0.0
0.0
0.0
510.9867804292105
0.0
0.0
0.0
0.0
0.0
0.0
0.0
0.0
0.0
0.0
0.0
0.5485713542025703
0.0
0.0
677.8
0.0
0.0
0.0
0.0
0.0
0.0
0.0
0.0
0.0
0.0
0.0
0.0
0.46398655082888673
0.0
9.0147208968125
0.41899841918749997
1.9072744626249996
1.1435911521875
1.7584686896874997
1.1288865224374998
0.0
0.0
0.0
0.0
0.0
0.0
1.2251982709249036
0.0
1.3111125340987044
0.0
1.3295452868052795
0.0
0.8564680300435423
0.0
31.648583297500004
31.904471140000002
0.0
0.0
1.2981971506472973
0.0
0.8
0.0
0.0
0.0
1.2089910374535329
0.0
0.9894082027277529
0.0
0.0
0.0
0.0
0.0
0.0
0.1
0.4
0.48
0.24
0.49
0.05
0.05
0.0
0.0
0.0
0.0
0.0
0.0
0.0
0.0
0.0
0.0
0.0
0.0
0.0
0.0
0.7128440842009058
0.0
0.7148261233760032
0.0
0.0
0.0
2.16
0.0
0.0
0.0
0.7158981118320717
0.0
0.6968718736372868
0.0
0.5971987804182501
0.0
0.6227922420834386
0.0
0.0
0.0
0.568566033612651
0.0
0.5295559144246851
0.0
0.0
7.43
0.0
0.0
0.38489122682569343
0.0
0.5554342334247684
0.0
0.29333958242661184
0.0
0.18656839892602228
0.0
0.0
7.43
0.0
0.0
0.09618946690403796
0.0
0.03250079494546387
0.0
0.04034475595498055
0.0
0.0
42.69
0.0
82.0
0.0
0.0
0.0
0.0
0.01803769698345148
0.0
0.01232415278467558
0.0
0.007826913386890677
0.0
0.010682999560131634
0.0
-0.0028959134348855997
0.0
0.0
0.0
0.0
0.0
0.0
0.0
-0.03354696346647401
0.0
0.0
0.0
22.0
0.0
0.0
0.0
0.0
0.0
-0.042407109728849424
0.0
75.0
75.0
0.0
0.0
0.0
0.0
-0.0423392968221199
0.0
-0.01451468932269373
0.0
-0.009962300346238795
0.0
97.98
97.98
46.7
0.0
0.0
0.0
-0.12236023850589994
0.0
-0.158456006257782
0.0
97.98
97.98
27.07
0.0
0.0
0.0
-0.16959251699353217
0.0
0.0
97.98
0.0
0.0
-0.15814082268219032
0.0
-0.1395981594718747
0.0
-0.14852972473877246
0.0
636.0
6.91
0.0
0.0
0.0
0.0
0.0
0.0
-0.13828145074786802
0.0
0.0
77.0
0.0
0.0
-0.08919435436703793
0.0
-0.11009398893152111
0.0
-0.17056085896427264
0.0
74.05
74.05
87.71
87.71
0.0
0.0
0.0
0.0
0.0
0.0
-0.11159400445845424
0.0
25.6
0.0
0.30753623719019263
0.0
0.3398842644971354
0.0
0.0
0.0
0.5039024310845237
0.0
0.3398842644971354
0.0
0.0
0.0
0.28687398663966546
0.0
0.1567367783418372
0.0
77.0
60.8
0.0
0.0
0.0
0.0
-0.06523165664061192
0.0
60.8
41.55
0.0
0.0
0.0
0.0
0.0
0.0
-0.27214053650175174
0.0
-0.27178343364291946
0.0
-0.28374885911113656
0.0
140.0
27.07
80.67
80.67
0.0
0.0
0.0
0.0
-0.33834915299853874
0.0
-0.22981476699773573
0.0
33.752234566875
119.64936891875
16.804236510625
0.0
0.0
0.0
-0.4929597524868612
0.0
-0.6110233488389394
0.0
-0.8162065214886791
0.0
0.0
0.0
0.0
0.0
0.0
0.0
0.0
0.0
-0.9340158026931809
0.0
-1.7140584534547487
0.0
688.3
0.0
0.0
0.0
-3.141592653589793
0.0
-0.821262321014379
0.0
0.0
595.0
0.0
0.0
-0.830630746118981
0.0
0.0
0.0
0.0
0.0
0.0
0.0
0.0
0.0
-0.6918599505557523
0.0
0.0
0.0
0.0
0.0
0.0
0.0
-0.6818369325571076
0.0
0.0
0.0
0.0
0.0
0.0
0.0
0.0
0.0
0.0
0.0
-0.6665865989487685
0.0
-0.576998756789191
0.0
-0.5223030480158042
0.0
-0.4610155866721657
0.0
-0.44297695845711704
0.0
-0.38708788586914
0.0
-0.42220476545924424
0.0
110.0
41.55
41.55
7.43
0.0
0.0
0.0
0.0
-0.6469354792918205
0.0
0.0
0.0
0.0
0.0
0.0
0.0
0.0
0.0
0.0
244.33107057499998
0.0
0.0
0.0
0.0
0.0
0.0
0.0
0.0
0.0
0.0
-0.6056913287413033
0.0
-0.587883259843224
0.0
-0.6355785577006867
0.0
0.0
0.0
0.0
0.0
0.0
0.0
0.0
0.0
0.0
0.0
0.0
0.0
3.75
0.0
0.0
0.0
0.0
0.0
0.0
0.0
0.0
0.0
0.0
0.0
0.0
0.0
0.0
0.0
0.0
0.0
0.0
0.0
0.0
0.0
0.0
0.0
0.0
0.0
0.0
0.0
0.0
0.0
0.0
0.0
0.0
0.0
0.0
0.0
-0.5897179472288689
0.0
0.0
0.0
-0.6313900790424034
0.0
0.0
0.0
0.0
0.0
-0.6831137732208572
0.0
-0.7382057215817941
0.0
0.0
0.0
640.1
0.0
0.0
0.0
0.0
0.0
0.0
0.0
0.0
0.0
0.0
0.0
0.0
0.0
0.0
0.0
-1.2312043342584977
0.0
-0.5945216187819016
0.0
-0.5597122261609613
0.0
0.0
0.0
-0.483322339186528
0.0
0.0
0.0
0.0
0.0
0.0
0.0
0.0
0.0
0.0
0.0
0.0
0.0
0.0
0.0
0.0
0.0
0.0
0.0
-0.483322339186528
0.0
0.0
0.0
0.0
0.0
0.0
1.35
4.65
0.0
0.0
0.0
0.0
0.0
0.0
0.0
0.0
0.0
0.0
0.0
-0.44592882965026304
0.0
516.8992295423523
0.0
0.9534205068394597
0.0
1.2618999731762903
0.0
1.2669317725500955
0.0
40.71
27.07
0.0
0.0
-0.17330594896479434
0.0
1.3995658412163898
0.0
0.0587342715823258
0.0
-113.37016112896242
-129.39779782942333
-224.50198685828332
-198.24518604098319
177.96671396333807
-69.55435578292645
-326.0899999999999
709.3853414406021
-326.0899999999999
81.68411839718908
108.67145457799757
-239.17654016303095
-208.5671202511537
-116.79341924494395
-159.9982041172389
96.32032643274147
32.78787118851017
-65.51002635431087
-33.84552247635088
7.269255395702203
-348.6501609171087
-111.73815839594056
287.43318047645073
21.842287669460802
24.852379846868757
9.04031369530503
-60.83833711234354
-127.47173077720458
-175.0926401161076
-243.72948664926662
-317.3044294050442
221.42618683191813
415.1085378560847
100.48451830831698
19.54692757739963
553.2067118127266
-383.29534144060204
456.3738131680816
145.28785441202103
-94.7073599859483
352.6245791057736
-90.56458188728232
-21.466534394980272
-188.1544628769426
-208.17415139593646
10.509690746168758
-36.12525099037691
-206.01149935577462
11.395625490700809
-169.9171336181389
265.79491528398876
-69.88644486100293
-76.37252381930023
-480.1282400852472
-89.63009664682625
-80.10291413004904
-100.36874687229738
-107.15902784521126
-106.80303626389747
-93.6406012913281
-118.50297831217449
-66.65112980577692
-50.148560597102005
-29.54746611058306
-23.140956739219973
-113.57694421633539
-113.57694421633539
-90.60790426983681
-44.17239400744472
-7.597798136426832
-7.453126712825565
4.857289409963073
-8.305145562606185
-25.123811499845033
-17.84936347512678
-17.726687440670162
-12.532031488495704
-92.06631787351398
0.4490920975276822
28.803941500481187
-20.028986646850058
33.51655948684299
-24.741604633211864
-38.73234846947241
-31.880853260310687
-33.481565554785675
-37.04964262486283
-24.89363293183453
-31.488185659996134
-82.49267211213305
0.5618245553282577
30.45663380578594
44.657826334489755
-44.657826334489755
-78.59250842208485
-745.9231553692359
33.93468208759509
-116.68340736390883
-116.68340736390883
31.626820325964104
41.065669872325884
132.6678280708902
-20.590772970417675
-201.74630135253005
-51.86997818660586
-40.009784394529675
159.36987706028435
330.02381232044945
-91.12120365462943
91.12120366694967
-91.12120366694967
91.12120366694967
0.0
-15.617725283534469
-106.94997082106738
219.94326457764623
-320.5349957824569
-139.80329720850608
-158.9569624189475
-214.54593040305758
2.8798617647671563
-49.03862897124145
-136.51261132675495
-63.05582523629596
-77.5572356106959
-293.33617841281443
-293.33617841281443
-258.8736413467741
-322.13805275085406
-155.44179746689787
-218.2381445039655
-183.7898302137885
-634.1810168939096
-688.3000000000002
110.5426291010649
59.76014831075781
-13.157900427601362
73.81425295680219
139.18836063389017
11.98925598120718
324.83989541904407
103.75973887342025
11.98925598120718
105.64604028083045
91.31870312139858
74.72091364785888
141.21534869123082
-57.48780520219498
94.3071585551777
91.284337796915
-52.1827975272879
-77.64408560959032
-149.79918751981222
20.64246447421681
-143.7728977997092
32.97738247905045
63.15149445948009
-102.5064599383141
50.73081248018775
14.110989617392875
55.470556805183264
-42.58508737477837
30.425488598916218
-12.597426617379938
-26.308164023148606
-57.47435445804501
-57.866547090933636
-136.8351698099952
-100.71654179884285
-299.5030388010115
126.02013436491404
-269.398148988038
120.86594659275204
58.68483620185748
100.24919550410436
0.0
58.427358650414135
-391.0024164417912
-125.89681310056108
86.45250934537728
56.3205150005183
48.38268628465198
-67.77999999999997
95.19695912219129
-203.74741530023573
227.87854451287467
1.5122141100742645
0.0
1.3989568765349158
0.0
1.4573290430476833
0.0
0.0
0.0
0.0
0.0
0.0
0.0
0.0
0.0
0.0
0.0
0.0
0.0
1.2610523040563297
0.0
1.243126805645728
0.0
0.0
0.0
0.0
0.0
0.0
0.0
0.0
0.0
0.0
0.0
1.3392976583093095
0.0
1.3248465656911845
0.0
0.0
0.0
0.0
0.0
0.0
0.0
1.0535976614526632
0.0
0.954140211465095
0.0
326.09
0.0
0.0
0.0
0.0
0.0
0.0
0.0
0.0
0.0
0.0
0.0
0.0
0.0
0.8491392314613151
0.0
1.317319607490731
0.0
0.0
0.0
0.0
0.0
0.0
0.0
0.0
0.0
0.0
0.0
0.0
0.0
0.0
0.0
0.0
0.0
0.0
0.0
0.0
0.0
0.0
0.0
0.0
0.0
0.0
0.0
0.0
0.0
0.0
0.0
0.0
0.0
0.0
0.0
0.0
0.0
0.0
0.0
0.0
0.0
943.5
140.0
0.0
0.0
0.0
0.0
0.0
0.0
0.0
0.0
0.0
0.0
0.0
0.0
0.0
0.0
0.0
0.0
0.0
0.0
0.0
0.0
0.0
0.0
0.0
0.0
0.0
0.0
0.0
0.0
0.0
0.0
0.0
0.0
0.0
0.0
0.0
0.0
0.0
0.0
0.0
0.0
0.0
0.0
1.2704675282078135
0.0
1.3877395834867006
0.0
1.293638707124801
0.0
0.0
0.0
1.2275867923064885
0.0
1.2766391789379128
0.0
1.0755914659162613
0.0
0.0
0.0
0.0
20.0
0.0
0.0
0.0
0.0
0.0
0.0
1.220521269681237
0.0
0.0
0.0
0.0
0.0
1.2310427249731326
0.0
1.2599589344234765
0.0
1.20817575202968
0.0
1.0843650788329553
0.0
0.805685296024309
0.0
0.0
4.6
30.4
0.9358321609375
14.9571505975
7.01793458
3.7345687873125004
0.30229544193749996
0.0
0.0
0.0
0.0
0.0
0.0
0.0
0.0
0.6851443392266936
0.0
0.0
0.0
510.9867804292105
0.0
0.0
0.0
0.0
0.0
0.0
0.0
0.0
0.0
0.0
0.0
0.5521549639556378
0.0
0.0
677.8
0.0
0.0
0.0
0.0
0.0
0.0
0.0
0.0
0.0
0.0
0.0
0.0
0.4676109142375582
0.0
9.037150650312501
0.43116910668749997
1.8110628101249997
1.1613013329375
1.6740937066874997
1.0929349661874999
0.0
0.0
0.0
0.0
0.0
0.0
1.2292461525297256
0.0
1.3151573109150165
0.0
1.3335713730662153
0.0
0.8601841425197732
0.0
32.0575548625
31.94064748
0.0
0.0
1.3022091120668975
0.0
0.8
0.0
0.0
0.0
1.2130646342777354
0.0
0.9926546511881718
0.0
0.0
0.0
0.0
0.0
0.0
0.1
0.4
0.48
0.24
0.49
0.05
0.05
0.0
0.0
0.0
0.0
0.0
0.0
0.0
0.0
0.0
0.0
0.0
0.0
0.0
0.0
0.7151861159132973
0.0
0.7171372240022982
0.0
0.0
0.0
2.16
0.0
0.0
0.0
0.7182115048311846
0.0
0.6992164464269406
0.0
0.5996611437053048
0.0
0.6246684392035435
0.0
0.0
0.0
0.5702167887266745
0.0
0.531011057684462
0.0
0.0
7.43
0.0
0.0
0.3859321995422538
0.0
0.5570462800023548
0.0
0.29399922786389165
0.0
0.18691532987688486
0.0
0.0
7.43
0.0
0.0
0.09638589976167111
0.0
0.0326801997405064
0.0
0.04049246028933817
0.0
0.0
42.69
0.0
82.0
0.0
0.0
0.0
0.0
0.0181982793187645
0.0
0.012339671824661558
0.0
0.007661744392560621
0.0
0.010460749822304383
0.0
-0.0032014192420963816
0.0
0.0
0.0
0.0
0.0
0.0
0.0
-0.033842642632415654
0.0
0.0
0.0
22.0
0.0
0.0
0.0
0.0
0.0
-0.042719201463799816
0.0
75.0
75.0
0.0
0.0
0.0
0.0
-0.04263836869728088
0.0
-0.014699249074830778
0.0
-0.010197289857387215
0.0
97.98
97.98
46.7
0.0
0.0
0.0
-0.12255989046391891
0.0
-0.15846826996835217
0.0
97.98
97.98
27.07
0.0
0.0
0.0
-0.1695659486116159
0.0
0.0
97.98
0.0
0.0
-0.15812975276476715
0.0
-0.13956412067565482
0.0
-0.14837460265020708
0.0
636.0
6.91
0.0
0.0
0.0
0.0
0.0
0.0
-0.1377986301288443
0.0
0.0
77.0
0.0
0.0
-0.08893102494708183
0.0
-0.10998686336877128
0.0
-0.17013073207903195
0.0
74.05
74.05
87.71
87.71
0.0
0.0
0.0
0.0
0.0
0.0
-0.11112599442000493
0.0
25.6
0.0
0.30851039858159757
0.0
0.3410025125425111
0.0
0.0
0.0
0.5057512593470403
0.0
0.3410025125425111
0.0
0.0
0.0
0.2875778447675592
0.0
0.15733292474105376
0.0
77.0
60.8
0.0
0.0
0.0
0.0
-0.06490123229535394
0.0
60.8
41.55
0.0
0.0
0.0
0.0
0.0
0.0
-0.2718769631950737
0.0
-0.2715572664912935
0.0
-0.28355187604562104
0.0
140.0
27.07
80.67
80.67
0.0
0.0
0.0
0.0
-0.3381659715186718
0.0
-0.22947184810530263
0.0
33.642572534375
119.62679614375
15.509152483125
0.0
0.0
0.0
-0.49245184197050396
0.0
-0.6106659603709912
0.0
-0.8160662759777115
0.0
0.0
0.0
0.0
0.0
0.0
0.0
0.0
0.0
-0.9339679368350029
0.0
-1.7140584534547487
0.0
688.3
0.0
0.0
0.0
-3.141592653589793
0.0
-0.8213706660770148
0.0
0.0
595.0
0.0
0.0
-0.8307848006090266
0.0
0.0
0.0
0.0
0.0
0.0
0.0
0.0
0.0
-0.6920915361170641
0.0
0.0
0.0
0.0
0.0
0.0
0.0
-0.6820471680499764
0.0
0.0
0.0
0.0
0.0
0.0
0.0
0.0
0.0
0.0
0.0
-0.6667643496484996
0.0
-0.5771240090805976
0.0
-0.522366705561029
0.0
-0.46099295781542393
0.0
-0.4428030035502255
0.0
-0.38692692006081764
0.0
-0.42223000788533005
0.0
110.0
41.55
41.55
7.43
0.0
0.0
0.0
0.0
-0.6470375373515136
0.0
0.0
0.0
0.0
0.0
0.0
0.0
0.0
0.0
0.0
244.328582425
0.0
0.0
0.0
0.0
0.0
0.0
0.0
0.0
0.0
0.0
-0.6059059594930756
0.0
-0.5881136600626085
0.0
-0.6357772923545877
0.0
0.0
0.0
0.0
0.0
0.0
0.0
0.0
0.0
0.0
0.0
0.0
0.0
3.75
0.0
0.0
0.0
0.0
0.0
0.0
0.0
0.0
0.0
0.0
0.0
0.0
0.0
0.0
0.0
0.0
0.0
0.0
0.0
0.0
0.0
0.0
0.0
0.0
0.0
0.0
0.0
0.0
0.0
0.0
0.0
0.0
0.0
0.0
0.0
-0.5900591015290657
0.0
0.0
0.0
-0.631803637628531
0.0
0.0
0.0
0.0
0.0
-0.6835548521755688
0.0
-0.7386493207923714
0.0
0.0
0.0
640.1
0.0
0.0
0.0
0.0
0.0
0.0
0.0
0.0
0.0
0.0
0.0
0.0
0.0
0.0
0.0
-1.2316935185255846
0.0
-0.5949950050815778
0.0
-0.5601977805103737
0.0
0.0
0.0
-0.48382879160502856
0.0
0.0
0.0
0.0
0.0
0.0
0.0
0.0
0.0
0.0
0.0
0.0
0.0
0.0
0.0
0.0
0.0
0.0
0.0
-0.48382879160502856
0.0
0.0
0.0
0.0
0.0
0.0
1.35
4.65
0.0
0.0
0.0
0.0
0.0
0.0
0.0
0.0
0.0
0.0
0.0
-0.4464649318444054
0.0
512.5187904897651
0.0
0.9589956131074793
0.0
1.265971989629028
0.0
1.2710027285190657
0.0
40.71
27.07
0.0
0.0
-0.1728758220795532
0.0
1.4037699285346283
0.0
0.05918412175077625
0.0
-113.37060414337884
-129.44591279646937
-224.6303058828821
-198.33540499625713
178.0941716134729
-69.47640682235624
-326.0899999999999
709.8469819851416
-326.0899999999999
81.78387126569794
108.78709949253061
-239.04122081591413
-208.58660437872265
-116.78844677491895
-159.93834556171913
96.33375648626975
32.77394471989385
-65.52896529751672
-33.87277682854881
7.400060825075116
-347.81539212879807
-111.63115660118888
286.98971045439407
21.341694304858265
24.714708931893597
8.771402707252037
-60.99314772014907
-127.63986926859172
-175.2703036504322
-245.0019446861004
-316.9129150858387
221.3195018696099
415.3933672129815
100.48088697672756
19.52710726417024
555.173513988419
-383.75698198514175
456.48049813039006
144.98889708593174
-94.75003322260835
353.32119534728554
-90.50200787248326
-21.43247450176773
-188.85220347124
-208.84882958138667
10.532164989482794
-36.05790257314277
-206.6466230675701
11.288764620246297
-169.89010088131272
265.4808072908818
-70.32830870019302
-76.78551053095839
-482.4499978431671
-90.00272806184017
-80.50458118182337
-100.70196129712156
-107.46582084016939
-107.19113778805496
-94.07485776650975
-118.85005321372392
-66.7621166001876
-50.161968520401615
-29.57324839803016
-23.17107267478673
-113.84951089781862
-113.84951089781862
-90.70809169755131
-44.14689301545161
-7.790701454674831
-7.690901405995874
4.7602133155858155
-8.356066705959392
-25.115756875854117
-18.007239427097147
-17.883478334579422
-12.555245871818101
-92.10184362451133
0.5353163345382654
28.92248407085708
-20.178299178281918
33.582897337763825
-24.838712445188776
-38.69047005345692
-31.841243731568966
-33.43996726309854
-36.997538928411586
-24.76439965773477
-31.337372100031644
-82.20502698261703
0.6034174750964212
30.415414485327233
44.05240987276102
-44.05240987276102
-79.07218643202395
-747.930805134049
35.01977655926294
-116.57160422499783
-116.57160422499783
31.74253569409086
41.14776871448498
132.07460861388608
-20.744668396240854
-202.07563718867232
-51.766088610146426
-39.9148993009718
159.4722639608567
330.42235669285355
-91.52708155301883
91.52708156539404
-91.52708156539404
91.52708156539404
0.0
-15.822036140303567
-107.21806656022477
220.04829438154752
-320.80029560676525
-139.84846682916964
-159.15937502466147
-214.71230013420472
2.5781992240238196
-49.158235881536484
-136.6783676706873
-63.13238888087949
-77.57684013575886
-293.76790114952905
-293.76790114952905
-258.58719678666967
-322.5487541107036
-155.6062997070403
-218.44728140246667
-183.93394823681524
-634.2199322257625
-688.3000000000002
110.38948113947731
59.64343134646333
-13.222099061602421
73.77301302527871
139.1105962695367
12.014794340591493
324.79297223154254
103.74475075850296
12.014794340591493
105.70794878121183
91.3909139786806
74.80505947600273
141.4141652855851
-57.49287474778623
93.67705363159962
91.55776984763645
-52.20658304286974
-77.83707070768969
-149.937653315714
20.629962761662227
-144.03319643168265
33.25402973710993
63.1368175119419
-102.61226347222134
50.592346684285985
14.098494001219024
55.43301842562312
-42.55681454845262
30.18449136379195
-12.694940261665579
-26.353873799619237
-57.5358465531325
-57.96653331748416
-136.9079750179019
-100.72114921358843
-299.52932585695277
125.97417797092817
-269.4230588549819
120.82369642005995
58.59366239143776
100.22177021658729
0.0
58.38103087597392
-387.3616372136868
-125.15715327607836
86.44992703906223
56.3516544932894
48.372489325355446
-67.77999999999997
95.21600023534381
-204.05156546814771
228.09807727608256
