3.141592653589793
0.0
2.993520485790768
0.0
3.057558849411331
0.0
0.0
0.0
0.0
0.0
0.0
0.0
0.0
0.0
0.0
0.0
0.0
0.0
2.7488181797902325
0.0
2.718759991097772
0.0
0.0
0.0
0.0
0.0
0.0
0.0
0.0
0.0
0.0
0.0
2.8861253711160266
0.0
2.8771273330100744
0.0
0.0
0.0
0.0
0.0
0.0
0.0
2.39334579860682
0.0
2.0544907986491765
0.0
636.0
0.0
475.0
0.0
0.0
0.0
0.0
0.0
0.0
0.0
0.0
0.0
0.0
0.0
1.696748798636298
0.0
2.8677580181144293
0.0
3.0
3.0
1.3
1.3
3.0
1.35
1.35
1.35
0.71
0.71
0.71
1.57
0.65
0.65
0.65
0.65
0.45
0.45
0.45
0.45
1.0
1.0
1.0
1.9
1.9
1.9
1.9
1.9
1.9
1.9
4.6
3.0
3.0
4.6
3.0
0.0
126.98
170.0
0.0
0.0
943.5
140.0
0.0
0.0
0.0
0.0
0.0
0.0
0.0
0.0
0.0
0.0
0.0
0.0
0.0
0.0
0.0
0.0
0.0
0.0
0.0
0.0
0.0
0.0
0.0
0.0
0.0
0.0
0.0
0.0
0.0
0.0
0.0
0.0
0.0
0.0
0.0
0.0
0.0
0.0
0.0
0.0
0.0
0.0
2.818539552133389
0.0
2.9898306156794803
0.0
2.871880472674242
0.0
41.747989876249996
0.0
2.833593271199973
0.0
2.8613613881281355
0.0
2.647996311146227
0.0
0.0
0.0
0.0
20.0
61.43969795375
0.0
0.0
0.0
0.0
0.0
2.8210779904898153
0.0
62.6
69.99977630375
0.0
0.0
2.8292898755688904
0.0
2.9163970105658983
0.0
2.8757942079542023
0.0
2.737175799400786
0.0
2.401912587334528
0.0
62.6
4.6
30.4
1.15110789675
13.955859705625
7.0179345824375
3.7343479263124997
0.9300540471250001
0.0
0.0
0.0
0.0
0.0
0.0
0.0
0.0
2.2504104229636033
0.0
84.92
0.0
522.3
0.0
0.0
0.0
56.96
0.0
0.0
0.0
0.0
0.0
0.0
0.0
2.0848780615817173
0.0
0.0
677.8
0.0
0.0
0.0
0.0
0.0
0.0
0.0
0.0
0.0
0.0
0.0
0.0
1.9837614757679871
0.0
2.0053728558125004
4.004488172875
14.562795781250001
13.032039726249998
13.637845179374999
6.306873646375
0.0
0.0
0.0
0.0
0.0
0.0
2.9529996752480336
0.0
3.0754818179361436
0.0
3.101660955209403
0.0
2.339024806045984
0.0
17.5049783575
5.1691693959375
0.0
0.0
3.056886078195899
0.0
0.8
84.298006731875
0.0
0.0
2.9159503862453002
0.0
2.5630305675893847
0.0
3.0
3.0
3.0
2.25
0.0
0.1
0.4
0.48
0.24
0.49
0.05
0.05
0.0
0.0
0.0
0.0
0.0
0.0
0.0
0.0
0.0
0.0
0.0
0.0
0.0
0.0
2.232115120867796
0.0
2.2350707328037878
0.0
21.45299911
0.0
2.16
0.0
0.0
0.0
2.23549394866781
0.0
2.2116523605667746
0.0
2.073884177734767
0.0
2.1408735004188006
0.0
0.0
0.0
2.0804384610160707
0.0
2.039417531639299
0.0
0.0
7.43
0.0
0.0
1.8644322694574313
0.0
2.063248272109149
0.0
1.762544277387608
0.0
1.6344554126233781
0.0
0.0
7.43
0.0
0.0
1.5221389847621758
0.0
1.4392780073185154
0.0
1.4380318180233154
0.0
0.0
98.2
0.0
82.0
0.0
0.0
0.0
0.0
1.4031693612321652
0.0
1.4155169328764154
0.0
1.4328626395555153
0.0
1.44296595944998
0.0
1.4349584451110378
0.0
0.0
0.0
107.22748884874999
0.0
0.0
0.0
1.3945630311134085
0.0
0.0
0.0
22.0
1.9743898405625
0.0
0.0
0.0
0.0
1.393981689737176
0.0
75.0
75.0
0.0
0.0
0.0
0.0
1.3910731032413075
0.0
1.4095756880680321
0.0
1.4210983622959859
0.0
97.98
97.98
46.7
0.0
0.0
0.0
1.3187408958051918
0.0
1.249869810988848
0.0
97.98
97.98
27.07
0.0
0.0
0.0
1.2343140803873878
0.0
0.0
97.98
0.0
0.0
1.2341898595302538
0.0
1.2722815809986123
0.0
1.2482093971622108
0.0
636.0
6.91
0.0
0.0
0.0
0.0
0.0
0.0
1.2275185550402234
0.0
596.4
77.0
0.0
0.0
1.1897660183764875
0.0
1.2290697826978096
0.0
1.1984062632196029
0.0
74.05
74.05
87.71
87.71
24.25476366
0.0
0.0
0.0
0.0
0.0
1.3026619630028105
0.0
25.6
0.0
1.8727729138783635
0.0
1.9053516054325463
0.0
0.0
0.0
2.070539337216929
0.0
1.9053516054325463
0.0
0.0
0.0
1.8691764527612573
0.0
1.6914237391204487
0.0
77.0
60.8
1.97636472825
0.0
0.0
0.0
1.4195381728704435
0.0
60.8
41.55
0.0
0.0
0.0
0.0
0.0
0.0
1.0822646388472457
0.0
1.0829477856061036
0.0
1.0630411937902107
0.0
140.0
27.07
80.67
80.67
0.0
0.0
0.0
0.0
0.9719263035456587
0.0
1.118425578159406
0.0
34.632403473125
118.46204663124999
0.0026633924999999994
0.0
0.0
0.0
0.7442762374108671
0.0
0.5581351233096514
0.0
0.23275094923730544
0.0
0.0
0.0
0.0
0.0
0.0
0.0
0.0
0.0
0.04455390502678647
0.0
-1.072152136533144
0.0
479.80159925789803
518.0
0.0
0.0
-3.141592653589793
0.0
0.17152277912635316
0.0
208.3527146847157
595.0
0.0
0.0
0.11382910584166295
0.0
0.0
0.0
0.0
0.0
0.0
0.0
0.0
0.0
0.32028639883338395
0.0
0.0
0.0
0.0
0.0
0.0
0.0
0.30602669150402884
0.0
0.0
0.0
0.0
0.0
315.66236580625
0.0
0.0
0.0
0.0
0.0
0.2843301033147885
0.0
0.44991190267300585
0.0
0.5552350882231325
0.0
0.6902510726565803
0.0
0.7620588921441276
0.0
0.8725272655144618
0.0
0.7641630240315105
0.0
110.0
41.55
41.55
7.43
0.0
0.0
0.0
0.0
0.4056250901560512
0.0
0.0
0.0
0.0
0.0
0.0
0.0
0.0
0.0
76.91678493625001
243.41312653749998
0.0
0.0
0.0
0.0
0.0
0.0
0.0
0.0
0.0
0.0
0.3451594333140493
0.0
0.39205452493788373
0.0
0.3281779941057046
0.0
1.2
1.2
1.6
1.6
1.6
1.6
0.95
0.95
0.95
0.95
1.88
1.88
3.75
2.29
2.29
1.2
0.9
0.9
1.6
0.9
0.9
3.0
1.88
0.0
0.0
0.0
0.0
0.0
0.0
0.0
0.0
0.0
0.0
0.0
0.0
0.0
0.0
0.0
0.0
0.0
0.0
0.0
0.0
0.0
0.0
0.0
0.0
0.0
0.21846214110276518
0.0
362.84369878125005
0.0
0.03768366054011629
0.0
0.0
190.75990689374999
0.0
0.0
0.013226025454953216
0.0
0.04007512198249907
0.0
0.0
0.0
640.1
0.0
0.0
0.0
0.0
0.0
0.0
0.0
0.0
0.0
0.0
0.0
0.0
0.0
0.0
0.0
-0.4508091792050455
0.0
0.0635044952414261
0.0
0.08163610200746074
0.0
188.87231004375002
0.0
0.10350958092551243
0.0
0.0
0.0
0.0
0.0
0.0
0.0
0.0
0.0
0.0
0.0
0.0
0.0
0.0
0.0
0.0
0.0
0.0
0.0
0.10350958092551243
0.0
0.0
0.0
0.0
0.0
0.0
1.35
4.65
0.0
113.83990666875
0.0
0.0
0.0
0.0
0.0
0.0
0.0
0.0
0.0
0.09531528292907998
0.0
619.0
0.0
2.520337197709482
0.0
2.9972959251492544
0.0
3.0054697537502033
0.0
40.71
27.07
0.0
0.0
1.1956611732190812
0.0
3.0087149487058378
0.0
1.5741703133848324
0.0
-148.22038818706466
-198.19293437999357
-376.669031209733
-313.7026465778458
309.9358889474886
-43.25979858907806
-1111.0
1218.7797471376198
-1111.0
172.87767197178118
218.47218040254756
-251.11462233617203
-284.0599571701015
-149.38706079871372
-172.31700260260646
166.99397750648234
75.44684659235986
-63.926900362625474
-19.634462293711067
51.345127075488676
-424.70700232765284
-118.47033703500568
342.7359987344487
16.656967706667274
74.4505427324109
-10.922323936802968
-47.824266935047945
-142.90557582111893
-210.85736607603394
-307.93122836539516
-396.29315719101305
264.7031042122476
532.5899470212344
143.25396802260548
27.761545357075875
796.3183122287
-107.77974713761955
413.09689578775215
261.6057370697779
-135.2715317514892
445.82636503733875
-143.08192070622704
-49.07190595431575
-217.494134735113
-241.77115575233233
4.149175137633279
-47.11946125066254
-247.4494415607644
12.607566419375189
-217.68893932466517
367.38182093127534
-66.77250957249157
-78.10351163232485
-491.00116357856933
-99.89262711294936
-84.23188782299496
-118.03617024377661
-129.61871272018027
-122.53626516463879
-100.45618605165777
-142.16300190306333
-82.82922408152922
-65.24486412860483
-44.50114642263293
-57.77383373816076
-142.80585393057123
-142.80585393057123
-124.3473394571439
-69.03456791017038
16.419643143424537
21.673925783488585
17.18251682622224
-4.8975622867587845
-33.11099507810354
-2.9779688988307953
-2.9575017591619144
-0.8222650300308487
-36.54374735714907
-19.262162223451355
19.153814513562224
-4.433764782278217
31.082048699720417
-16.36199896843641
-33.0667838243063
-28.81761252420472
-30.26452193683133
-34.865984216381776
-47.49729987239061
-56.28454361468357
-115.22763407855314
-27.95000259534845
-0.33037462002494067
120.36091918200987
-120.36091918200987
-51.84819692678866
-858.3829845098448
-68.5127222552212
-232.21256027137724
-232.21256027137724
-20.377908784786655
-4.376134044819764
-102.03388288618498
38.722920514528255
-181.95182387887985
-49.177841725794565
-31.020801921771863
281.7721616072331
448.906260530136
-91.77096209736857
91.77096210977652
-91.77096210977658
91.77096210977652
0.0
-2.718413542732378
-128.6164360064954
318.65719352056544
-437.81456558360526
-227.88752299685098
-218.2151724310338
-304.731916117473
5.509248055282683
-81.58439269330813
-227.5017222599388
-105.08412886075621
-129.42455996504987
-395.943985486113
-395.943985486113
-396.23493735575266
-507.8884422139852
-246.50316218390788
-347.01433669010413
-293.5991328403626
-907.8910907200116
-997.801599257898
124.47928833763899
40.043468680440924
-81.03044000529098
109.8177090346353
207.07852856068007
-17.057066186236852
337.6257376043077
107.84376816024269
-17.057066186236852
195.2615558438307
171.45885120644107
143.88413330951641
311.09673826680864
-115.31176451671382
33.55217874502023
238.0020758189438
-106.42295296761404
-192.37340695215812
-274.9035016432414
20.620111861269493
-362.19940500841653
131.2757211910357
124.82302077678776
-234.08021828750861
-74.37350164324141
37.15934359856283
78.43987620648079
-57.03261681718311
-241.3281756707072
-150.72341801679147
-114.12782863566201
-126.29914809411883
-133.22459009884892
-64.70273833270176
49.08427153386219
-253.57115007272375
71.51987168930941
-268.24278751861925
62.95696793359048
-63.4046112345319
28.705352910714282
0.0
-12.80359061942545
-424.11665590888634
-194.8833440911137
132.91754722017765
70.80982252340186
78.59450577521295
-67.77999999999997
135.83956898303677
-243.7701158742177
284.25025828031744
3.141592653589793
0.0
2.9934653347560385
0.0
3.0575384580743368
0.0
0.0
0.0
0.0
0.0
0.0
0.0
0.0
0.0
0.0
0.0
0.0
0.0
2.7487261244727303
0.0
2.7186656094304116
0.0
0.0
0.0
0.0
0.0
0.0
0.0
0.0
0.0
0.0
0.0
2.886056337807065
0.0
2.8770461566433134
0.0
0.0
0.0
0.0
0.0
0.0
0.0
2.393220413260135
0.0
2.0543654133024916
0.0
636.0
0.0
475.0
0.0
0.0
0.0
0.0
0.0
0.0
0.0
0.0
0.0
0.0
0.0
1.696623413289613
0.0
2.8676442099674135
0.0
3.0
3.0
1.3
1.3
3.0
1.35
1.35
1.35
0.71
0.71
0.71
1.57
0.65
0.65
0.65
0.65
0.45
0.45
0.45
0.45
1.0
1.0
1.0
1.9
1.9
1.9
1.9
1.9
1.9
1.9
4.6
3.0
3.0
4.6
3.0
0.0
126.98
170.0
0.0
0.0
943.5
140.0
0.0
0.0
0.0
0.0
0.0
0.0
0.0
0.0
0.0
0.0
0.0
0.0
0.0
0.0
0.0
0.0
0.0
0.0
0.0
0.0
0.0
0.0
0.0
0.0
0.0
0.0
0.0
0.0
0.0
0.0
0.0
0.0
0.0
0.0
0.0
0.0
0.0
0.0
0.0
0.0
0.0
0.0
2.8184254418676193
0.0
2.989570356091658
0.0
2.871567115892028
0.0
43.18208881125
0.0
2.8326750779725547
0.0
2.8611583982012263
0.0
2.647510188522504
0.0
0.0
0.0
0.0
20.0
62.12609153625
0.0
0.0
0.0
0.0
0.0
2.820119720678031
0.0
62.6
71.77287883125
0.0
0.0
2.8281491603891666
0.0
2.9157110590422626
0.0
2.8754072954929173
0.0
2.737103042965696
0.0
2.4023225696065396
0.0
62.6
4.6
30.4
1.0872792442499999
13.571572090625
7.0179345831875
3.7342792543125
0.928966278625
0.0
0.0
0.0
0.0
0.0
0.0
0.0
0.0
2.251091217622487
0.0
84.92
0.0
522.3
0.0
0.0
0.0
56.96
0.0
0.0
0.0
0.0
0.0
0.0
0.0
2.085147121653847
0.0
0.0
677.8
0.0
0.0
0.0
0.0
0.0
0.0
0.0
0.0
0.0
0.0
0.0
0.0
1.9838912168052438
0.0
1.9298814783125
3.8178136701250005
14.539473721250001
13.013001883749999
13.612699446874998
6.057622846375
0.0
0.0
0.0
0.0
0.0
0.0
2.9535760828479454
0.0
3.0760468743735725
0.0
3.1021810158595127
0.0
2.3388408969001153
0.0
17.10753996
4.9479875084375
0.0
0.0
3.0573742531648644
0.0
0.8
84.902014631875
0.0
0.0
2.916262540955848
0.0
2.5624214950010185
0.0
3.0
3.0
3.0
2.25
0.0
0.1
0.4
0.48
0.24
0.49
0.05
0.05
0.0
0.0
0.0
0.0
0.0
0.0
0.0
0.0
0.0
0.0
0.0
0.0
0.0
0.0
2.2318597087915117
0.0
2.234817102074528
0.0
21.45299911
0.0
2.16
0.0
0.0
0.0
2.2352375925611794
0.0
2.2114280078096957
0.0
2.0738612277668107
0.0
2.140709970696596
0.0
0.0
0.0
2.08032465700129
0.0
2.0393380185592527
0.0
0.0
7.43
0.0
0.0
1.8644937137866133
0.0
2.063142601697601
0.0
1.7626977974931108
0.0
1.6347173432480107
0.0
0.0
7.43
0.0
0.0
1.5225005576886952
0.0
1.4397291045241714
0.0
1.4384476734904954
0.0
0.0
98.2
0.0
82.0
0.0
0.0
0.0
0.0
1.4036090019280616
0.0
1.4155843064329332
0.0
1.432444227614444
0.0
1.44240472614747
0.0
1.4340271250061143
0.0
0.0
0.0
110.76454580874999
0.0
0.0
0.0
1.3933813457039914
0.0
0.0
0.0
22.0
1.9304893493125
0.0
0.0
0.0
0.0
1.392975357457467
0.0
75.0
75.0
0.0
0.0
0.0
0.0
1.390045599554865
0.0
1.4090006464232907
0.0
1.4204155017513198
0.0
97.98
97.98
46.7
0.0
0.0
0.0
1.318602563200101
0.0
1.2503112393026532
0.0
97.98
97.98
27.07
0.0
0.0
0.0
1.2347723166746674
0.0
0.0
97.98
0.0
0.0
1.2348259592856055
0.0
1.2725448911308934
0.0
1.2486808123397521
0.0
636.0
6.91
0.0
0.0
0.0
0.0
0.0
0.0
1.2283190596751492
0.0
590.6579618094404
77.0
0.0
0.0
1.1913872523750149
0.0
1.2302194071467367
0.0
1.1991598333547921
0.0
74.05
74.05
87.71
87.71
24.226455535
0.0
0.0
0.0
0.0
0.0
1.3034466021430235
0.0
25.6
0.0
1.873661843124884
0.0
1.9062225789612972
0.0
0.0
0.0
2.071319267669688
0.0
1.906222578961298
0.0
0.0
0.0
1.8701216647309185
0.0
1.6923335470260534
0.0
77.0
60.8
1.9324203255
0.0
0.0
0.0
1.420417208363281
0.0
60.8
41.55
0.0
0.0
0.0
0.0
0.0
0.0
1.0831477460273087
0.0
1.0837808717316495
0.0
1.0637917708810471
0.0
140.0
27.07
80.67
80.67
0.0
0.0
0.0
0.0
0.9724640518419463
0.0
1.119102931491347
0.0
34.621192208125
118.44264383125
0.0
0.0
0.0
0.0
0.7465133377213355
0.0
0.5615931291919765
0.0
0.2380981259064634
0.0
0.0
0.0
0.0
0.0
0.0
0.0
0.0
0.0
0.05081674366488054
0.0
-1.0682168225013706
0.0
481.6990505748704
518.0
0.0
0.0
-3.141592653589793
0.0
0.1804436810565888
0.0
186.49999999999994
595.0
0.0
0.0
0.1245970509742289
0.0
0.0
0.0
0.0
0.0
0.0
0.0
0.0
0.0
0.3297410741998279
0.0
0.0
0.0
0.0
0.0
0.0
0.0
0.31378017717157425
0.0
0.0
0.0
0.0
0.0
321.40039253125
0.0
0.0
0.0
0.0
0.0
0.2894951759471809
0.0
0.4527568610359314
0.0
0.5560751502230272
0.0
0.6912918694291834
0.0
0.7633470492852901
0.0
0.8734440617606216
0.0
0.7633831491773382
0.0
110.0
41.55
41.55
7.43
0.0
0.0
0.0
0.0
0.4036923186522112
0.0
0.0
0.0
0.0
0.0
0.0
0.0
0.0
0.0
78.03919237125001
243.30714918749996
0.0
0.0
0.0
0.0
0.0
0.0
0.0
0.0
0.0
0.0
0.3422516459860887
0.0
0.3926150334036893
0.0
0.3318104979787697
0.0
1.2
1.2
1.6
1.6
1.6
1.6
0.95
0.95
0.95
0.95
1.88
1.88
3.75
2.29
2.29
1.2
0.9
0.9
1.6
0.9
0.9
3.0
1.88
0.0
0.0
0.0
0.0
0.0
0.0
0.0
0.0
0.0
0.0
0.0
0.0
0.0
0.0
0.0
0.0
0.0
0.0
0.0
0.0
0.0
0.0
0.0
0.0
0.0
0.21169463447203585
0.0
368.01760858125004
0.0
0.027794174897712853
0.0
0.0
193.84365226875
0.0
0.0
0.0032500664257582024
0.0
0.03132075953392244
0.0
0.0
0.0
640.1
0.0
0.0
0.0
0.0
0.0
0.0
0.0
0.0
0.0
0.0
0.0
0.0
0.0
0.0
0.0
-0.4601681346331783
0.0
0.052335201710556056
0.0
0.06997779036193563
0.0
192.05642694375
0.0
0.09055591246138217
0.0
0.0
0.0
0.0
0.0
0.0
0.0
0.0
0.0
0.0
0.0
0.0
0.0
0.0
0.0
0.0
0.0
0.0
0.0
0.09055591246138217
0.0
0.0
0.0
0.0
0.0
0.0
1.35
4.65
0.0
115.78355676875
0.0
0.0
0.0
0.0
0.0
0.0
0.0
0.0
0.0
0.08112160593531215
0.0
619.0
0.0
2.5199541559427345
0.0
2.997738693266305
0.0
3.0059330329233322
0.0
40.71
27.07
0.0
0.0
1.1964147433542704
0.0
3.0086575479550444
0.0
1.5750579394518907
0.0
-148.2755944280343
-198.24102715592358
-376.6981834635826
-313.771156142996
309.98283035193447
-43.3181786746527
-1111.0
1218.8958657867834
-1111.0
172.84605448702519
218.44369582826857
-251.1161637583882
-284.1556702074842
-149.4456351291983
-172.41386701147326
166.7936335382234
75.16502690856521
-64.1961039794935
-19.944634829701727
51.23855673842479
-423.71828241092226
-118.62754563957895
341.80105380750206
16.286895966411407
74.83922961795588
-11.487100465496042
-47.4720418909144
-142.58170362918128
-210.55375682628886
-307.38079668481737
-396.4693099408662
265.06781372760656
532.7785037867407
143.24069180917832
27.71382978192821
795.5394115124664
-107.89586578678336
412.7321862723934
262.22908805676775
-135.36786311445542
445.74151893026146
-143.26062147612424
-49.421909781220165
-217.24564547542445
-241.41273344324304
4.122455751644566
-47.06055184988395
-247.17851210211575
12.604043918081288
-217.35852103532307
366.84474682687505
-66.7151293509138
-78.03770880953311
-490.7030910268568
-99.81043586100839
-84.16147522601432
-117.94040612139793
-129.51429982446155
-122.43064555704115
-100.36710713153275
-142.04267946234455
-82.75574155801769
-65.17437257023028
-44.472425501648445
-57.792164153775616
-142.68876527215332
-142.68876527215332
-124.25179640807755
-68.98746844736172
15.924607053840305
21.04760999008124
16.939623354401874
-5.12391507110658
-33.316212540791184
-3.538981391944617
-3.514658496409311
-0.5742408013072691
-34.92927905351041
-19.40237021505243
19.622201720123144
-4.913179111565569
31.43882213828408
-16.729799529726506
-32.61176733745992
-28.463361097373422
-29.89248382751589
-34.46376008538164
-47.097464755918395
-55.88683101975016
-115.1031305713459
-27.60299467821278
0.14266651844684475
119.32039395571019
-119.32039395571019
-51.89737189045695
-857.5478378537318
-67.42302206525301
-230.92682218343657
-230.92682218343657
-19.926012342992635
-3.9372240503111016
-99.81569541675026
38.258280564172196
-182.2451645022336
-49.0577762345946
-30.914320920442606
281.85613189108835
448.98837872407876
-91.72038261070821
91.72038262310912
-91.72038262310917
91.72038262310912
0.0
-2.67587180188616
-128.60162844686033
318.75979086924144
-437.90176771181575
-227.8847718568336
-218.11767932227167
-304.7452731587658
5.105852454337537
-81.92254447492155
-228.2138024326348
-105.41304208340534
-129.7268735935737
-396.321296393322
-396.321296393322
-394.64760660440453
-504.5571855382623
-245.07197219383693
-345.11917942262426
-292.1706430296839
-909.7833871479579
-999.6990505748704
127.08523274179811
42.64757648079956
-78.43627820430652
109.11916128672033
205.76130713037332
-19.09198209434362
326.53094057315184
104.29988928624743
-19.09198209434362
192.5255720355409
168.72150270488214
141.14520385098058
311.5592607844817
-114.899451964548
31.761719934847633
238.51772040029402
-106.01712004467385
-193.59342838773523
-276.10278309960455
17.883549163227826
-368.6612141942452
131.72793393065706
124.4034039462108
-235.26899620587506
-75.57278309960452
39.90759700077001
75.69825051842236
-54.2897637748556
-248.68002196261364
-154.14581915110307
-116.0987749813749
-128.27358033937776
-135.7776796711267
-64.93150390626738
51.31753767771147
-253.2339896350045
69.82238306635202
-268.57316619595326
61.258988368925316
-66.81672476619974
27.005409579218394
0.0
-14.741103946984254
-423.7741945900492
-195.22580540995068
133.13096781902357
70.65715258175965
78.79172746826998
-67.77999999999997
135.88007577944995
-243.81623196267265
284.26604977704596
3.141592653589793
0.0
2.9934230225260148
0.0
3.057525319634806
0.0
0.0
0.0
0.0
0.0
0.0
0.0
0.0
0.0
0.0
0.0
0.0
0.0
2.748668654227181
0.0
2.718607696995308
0.0
0.0
0.0
0.0
0.0
0.0
0.0
0.0
0.0
0.0
0.0
2.8860093752419615
0.0
2.87698785810465
0.0
0.0
0.0
0.0
0.0
0.0
0.0
2.3931544937892806
0.0
2.054299493831638
0.0
636.0
0.0
475.0
0.0
0.0
0.0
0.0
0.0
0.0
0.0
0.0
0.0
0.0
0.0
1.6965574938187595
0.0
2.86756086761765
0.0
3.0
3.0
1.3
1.3
3.0
1.35
1.35
1.35
0.71
0.71
0.71
1.57
0.65
0.65
0.65
0.65
0.45
0.45
0.45
0.45
1.0
1.0
1.0
1.9
1.9
1.9
1.9
1.9
1.9
1.9
4.6
3.0
3.0
4.6
3.0
0.0
126.98
170.0
0.0
0.0
943.5
140.0
0.0
0.0
0.0
0.0
0.0
0.0
0.0
0.0
0.0
0.0
0.0
0.0
0.0
0.0
0.0
0.0
0.0
0.0
0.0
0.0
0.0
0.0
0.0
0.0
0.0
0.0
0.0
0.0
0.0
0.0
0.0
0.0
0.0
0.0
0.0
0.0
0.0
0.0
0.0
0.0
0.0
0.0
2.8183393233618865
0.0
2.989369035436785
0.0
2.871324036654779
0.0
44.54350092125
0.0
2.8319598260901513
0.0
2.8609996814560468
0.0
2.6471299469566603
0.0
0.0
0.0
0.0
20.0
62.69234474875
0.0
0.0
0.0
0.0
0.0
2.8193777729707836
0.0
62.6
73.05998789875
0.0
0.0
2.8272907290698788
0.0
2.9150370932095253
0.0
2.874845206800849
0.0
2.7366492498250885
0.0
2.4020234172783645
0.0
62.6
4.6
30.4
1.0273260037499998
13.334022618125001
7.0179345831875
3.7342768725625
0.929521265625
0.0
0.0
0.0
0.0
0.0
0.0
0.0
0.0
2.2506173350334215
0.0
84.92
0.0
522.3
0.0
0.0
0.0
56.96
0.0
0.0
0.0
0.0
0.0
0.0
0.0
2.0850200896262745
0.0
0.0
677.8
0.0
0.0
0.0
0.0
0.0
0.0
0.0
0.0
0.0
0.0
0.0
0.0
1.9837783323574847
0.0
1.8479538880625
3.6908279543750004
14.54196336625
13.043261291249998
13.617641326874999
5.834614497874999
0.0
0.0
0.0
0.0
0.0
0.0
2.953739377987585
0.0
3.076276452707252
0.0
3.1024606415926765
0.0
2.338759863024701
0.0
16.6076752275
4.7371339986875
0.0
0.0
3.05766002084005
0.0
0.8
85.36633952937501
0.0
0.0
2.9162253336880166
0.0
2.5621744231746604
0.0
3.0
3.0
3.0
2.25
0.0
0.1
0.4
0.48
0.24
0.49
0.05
0.05
0.0
0.0
0.0
0.0
0.0
0.0
0.0
0.0
0.0
0.0
0.0
0.0
0.0
0.0
2.2321499740316035
0.0
2.235107653779836
0.0
21.45299911
0.0
2.16
0.0
0.0
0.0
2.2355264543297126
0.0
2.2117383289214256
0.0
2.074200422157439
0.0
2.1413196101794654
0.0
0.0
0.0
2.081115956770775
0.0
2.0402706644499755
0.0
0.0
7.43
0.0
0.0
1.865851276434129
0.0
2.0639345310499344
0.0
1.7642513454497024
0.0
1.6365600752515874
0.0
0.0
7.43
0.0
0.0
1.524416058694067
0.0
1.441480187201055
0.0
1.4407443485236575
0.0
0.0
98.2
0.0
82.0
0.0
0.0
0.0
0.0
1.4060142169023297
0.0
1.4175601616369704
0.0
1.4338667218380223
0.0
1.443669349089003
0.0
1.4348722682634234
0.0
0.0
0.0
114.23781918374999
0.0
0.0
0.0
1.393932074141416
0.0
0.0
0.0
22.0
1.8669747358125
0.0
0.0
0.0
0.0
1.3936796615451632
0.0
75.0
75.0
0.0
0.0
0.0
0.0
1.390738481653135
0.0
1.4102265121708228
0.0
1.4215233886634246
0.0
97.98
97.98
46.7
0.0
0.0
0.0
1.3198918806667148
0.0
1.2522757642775133
0.0
97.98
97.98
27.07
0.0
0.0
0.0
1.2366835868891437
0.0
0.0
97.98
0.0
0.0
1.2373020151236451
0.0
1.2739822813890145
0.0
1.250194924251499
0.0
636.0
6.91
0.0
0.0
0.0
0.0
0.0
0.0
1.229501477226254
0.0
571.3285577543714
77.0
0.0
0.0
1.1965625596415395
0.0
1.2341307458825375
0.0
1.198576695126543
0.0
74.05
74.05
87.71
87.71
24.15402126
0.0
0.0
0.0
0.0
0.0
1.3019931287674744
0.0
25.6
0.0
1.8718462793643393
0.0
1.9045227616930855
0.0
0.0
0.0
2.0702063340244266
0.0
1.9045227616930855
0.0
0.0
0.0
1.8677117741842109
0.0
1.689703870937886
0.0
77.0
60.8
1.86884218125
0.0
0.0
0.0
1.4168191024086854
0.0
60.8
41.55
0.0
0.0
0.0
0.0
0.0
0.0
1.0781390914417095
0.0
1.0787023929685997
0.0
1.0585873743417666
0.0
140.0
27.07
80.67
80.67
0.0
0.0
0.0
0.0
0.9669145427957675
0.0
1.1167659350371757
0.0
34.626308695625
118.44128765625
0.0
0.0
0.0
0.0
0.7385794378520734
0.0
0.5532945594369743
0.0
0.229224824919958
0.0
0.0
0.0
0.0
0.0
0.0
0.0
0.0
0.0
0.04165634148701125
0.0
-1.0739486112404597
0.0
478.9354108745101
518.0
0.0
0.0
-3.141592653589793
0.0
0.1693349163467257
0.0
186.49999999999994
595.0
0.0
0.0
0.11208943717495368
0.0
0.0
0.0
0.0
0.0
0.0
0.0
0.0
0.0
0.3169627303951943
0.0
0.0
0.0
0.0
0.0
0.0
0.0
0.3005803731496126
0.0
0.0
0.0
0.0
0.0
326.59710713125
0.0
0.0
0.0
0.0
0.0
0.2756541070968246
0.0
0.4397445600434531
0.0
0.5437682714113272
0.0
0.680346870817023
0.0
0.7540924289148117
0.0
0.8659875769270728
0.0
0.7542389578410149
0.0
110.0
41.55
41.55
7.43
0.0
0.0
0.0
0.0
0.3913223582891545
0.0
0.0
0.0
0.0
0.0
0.0
0.0
0.0
0.0
79.05337018125
243.15932248749996
0.0
0.0
0.0
0.0
0.0
0.0
0.0
0.0
0.0
0.0
0.32718992498170607
0.0
0.37809646552430287
0.0
0.3177459826818758
0.0
1.2
1.2
1.6
1.6
1.6
1.6
0.95
0.95
0.95
0.95
1.88
1.88
3.75
2.29
2.29
1.2
0.9
0.9
1.6
0.9
0.9
3.0
1.88
0.0
0.0
0.0
0.0
0.0
0.0
0.0
0.0
0.0
0.0
0.0
0.0
0.0
0.0
0.0
0.0
0.0
0.0
0.0
0.0
0.0
0.0
0.0
0.0
0.0
0.19333640830396925
0.0
372.45022560625006
0.0
0.0067597136632358
0.0
0.0
196.63198636875
0.0
0.0
-0.0178705402228041
0.0
0.011268027361210908
0.0
0.0
0.0
640.1
0.0
0.0
0.0
0.0
0.0
0.0
0.0
0.0
0.0
0.0
0.0
0.0
0.0
0.0
0.0
-0.4807260929992925
0.0
0.030206215132702496
0.0
0.04743504372790053
0.0
194.74069331875
0.0
0.0669115021045954
0.0
0.0
0.0
0.0
0.0
0.0
0.0
0.0
0.0
0.0
0.0
0.0
0.0
0.0
0.0
0.0
0.0
0.0
0.0
0.0669115021045954
0.0
0.0
0.0
0.0
0.0
0.0
1.35
4.65
0.0
117.53344284375
0.0
0.0
0.0
0.0
0.0
0.0
0.0
0.0
0.0
0.05637544060445032
0.0
619.0
0.0
2.5196182100970557
0.0
2.997799632689203
0.0
3.0060094547551977
0.0
40.71
27.07
0.0
0.0
1.1958316051260223
0.0
3.008611692748353
0.0
1.5719682283284353
0.0
-148.31794901264334
-198.2720140416087
-376.703724686075
-313.8126135463044
310.00310788897445
-43.372678547538726
-1111.0
1218.9258546847195
-1111.0
172.80844968439067
218.40640856336722
-251.13032781945185
-284.22678429140905
-149.49124767057447
-172.4956904440432
166.63224050798715
74.94301738732554
-64.40638680582367
-20.186774647719517
51.15150848971632
-422.95166841437003
-118.75054665050868
341.0848040224723
16.05062089126966
74.996892426974
-11.850500051500603
-47.34026669572859
-142.47005873077364
-210.45649845369235
-307.7359394914669
-396.2541595651119
265.0307781783588
532.956618613247
143.31821601271508
27.766902315929315
794.7682576710413
-107.92585468471952
412.76922182164117
262.65519761595806
-135.34930739837893
445.96870458536387
-143.58851481916093
-49.687475883778916
-216.86929494805713
-240.94767410745624
4.10588774404664
-47.02077437216781
-246.78598186403326
12.59880708390483
-217.1451606988062
366.7677514164602
-66.43275352908836
-77.7514119894588
-489.92489053412464
-99.51017092445028
-83.87123678409739
-117.63097285473225
-129.19954667129866
-122.12028752760386
-100.06867517899047
-141.72172047580284
-82.70207710242039
-65.30383582100774
-44.270746121865386
-56.74555247796093
-142.36441470661612
-142.36441470661612
-123.94938620878281
-68.77253787089319
15.353649912595074
20.330295573518697
16.671134779513295
-5.380477569100094
-33.55753616363313
-4.180672235058182
-4.1519390932924125
-0.35701923090982746
-33.44075904443912
-19.478012529130297
20.173944628064874
-5.4728727358111655
31.86843374665466
-17.167361854400838
-32.28966135002065
-28.22573744464762
-29.642929280115936
-34.19266954832301
-46.63180440541362
-55.47219585448761
-115.49761027786144
-26.69117495789999
1.6447559427706437
118.93678568757787
-118.93678568757787
-50.41543792488119
-856.6926419505849
-68.52134776269668
-227.91257594546596
-227.91257594546596
-18.6878236144114
-2.7104865308585886
-89.02410159010105
37.01299137131139
-193.27988812319063
-50.21132412962652
-32.10527411479711
279.503874735964
448.7032681847131
-92.04642906788587
92.04642908033111
-92.04642908033105
92.04642908033111
0.0
-3.1250983976162843
-129.1790130764159
317.7956902851838
-438.4431114099526
-228.83784525619433
-221.63766071835698
-305.93535744971587
4.542754249095083
-82.43860093491867
-229.32896626882712
-105.9281415696828
-130.21709022253435
-405.00376285915445
-405.00376285915445
-398.07696801679833
-505.5521920476258
-245.50737464195942
-345.70149862728516
-292.61853880390026
-906.9958965472601
-996.9354108745101
125.17507339663348
40.71277207529852
-80.40095389165208
108.97515596472613
205.48976249111956
-19.596121110368927
323.8904355212426
103.4564642065584
-19.596121110368927
193.50289262264494
169.69250905845422
142.10889535507317
314.6972335938858
-116.93522741764286
29.269794460630692
242.03010065428157
-108.05885001057021
-196.9218379155534
-279.41368179709144
17.469768772090333
-373.41094211256836
134.81820493938596
126.43519551367831
-238.5748787021331
-78.88368179709141
40.337987749555964
75.29852521147984
-53.884359683324874
-254.9590794180349
-157.07363298919734
-117.78831732124542
-129.9735067889559
-137.95716053062188
-65.15940182716929
53.269776207710265
-252.92653155718193
68.3879877185368
-268.8492460830425
59.822321507274864
-69.73243584634542
25.559656662226985
0.0
-16.462596093976117
-423.6270327290513
-195.37296727094872
133.29133822870074
70.53991464956744
78.9405967852615
-67.77999999999997
135.90883527876576
-244.77264575744715
285.200599098936
3.141592653589793
0.0
2.9933807102959893
0.0
3.0575121811952766
0.0
0.0
0.0
0.0
0.0
0.0
0.0
0.0
0.0
0.0
0.0
0.0
0.0
2.748611183981632
0.0
2.7185497845602056
0.0
0.0
0.0
0.0
0.0
0.0
0.0
0.0
0.0
0.0
0.0
2.885962412676859
0.0
2.876929559565987
0.0
0.0
0.0
0.0
0.0
0.0
0.0
2.3930885743184316
0.0
2.0542335743607882
0.0
636.0
0.0
475.0
0.0
0.0
0.0
0.0
0.0
0.0
0.0
0.0
0.0
0.0
0.0
1.6964915743479096
0.0
2.867477525267886
0.0
3.0
3.0
1.3
1.3
3.0
1.35
1.35
1.35
0.71
0.71
0.71
1.57
0.65
0.65
0.65
0.65
0.45
0.45
0.45
0.45
1.0
1.0
1.0
1.9
1.9
1.9
1.9
1.9
1.9
1.9
4.6
3.0
3.0
4.6
3.0
0.0
126.98
170.0
0.0
0.0
943.5
140.0
0.0
0.0
0.0
0.0
0.0
0.0
0.0
0.0
0.0
0.0
0.0
0.0
0.0
0.0
0.0
0.0
0.0
0.0
0.0
0.0
0.0
0.0
0.0
0.0
0.0
0.0
0.0
0.0
0.0
0.0
0.0
0.0
0.0
0.0
0.0
0.0
0.0
0.0
0.0
0.0
0.0
0.0
2.818253204856152
0.0
2.989167714781912
0.0
2.8710809574175293
0.0
45.90491303125
0.0
2.831244574207753
0.0
2.860840964710869
0.0
2.646749705390822
0.0
0.0
0.0
0.0
20.0
63.25859796125
0.0
0.0
0.0
0.0
0.0
2.8186358252635397
0.0
62.6
74.34709696625
0.0
0.0
2.826432297750592
0.0
2.91436312737679
0.0
2.8742831181087816
0.0
2.736195456684481
0.0
2.401724264950186
0.0
62.6
4.6
30.4
0.96737276325
13.096473145625001
7.0179345831875
3.7342744908124996
0.9300762526249999
0.0
0.0
0.0
0.0
0.0
0.0
0.0
0.0
2.2501434524443598
0.0
84.92
0.0
522.3
0.0
0.0
0.0
56.96
0.0
0.0
0.0
0.0
0.0
0.0
0.0
2.0848930575986993
0.0
0.0
677.8
0.0
0.0
0.0
0.0
0.0
0.0
0.0
0.0
0.0
0.0
0.0
0.0
1.9836654479097264
0.0
1.7660262978125
3.5638422386250004
14.54445301125
13.073520698749999
13.622583206875
5.611606149375
0.0
0.0
0.0
0.0
0.0
0.0
2.953902673127204
0.0
3.076506031040875
0.0
3.102740267325876
0.0
2.338678829149295
0.0
16.107810495000003
4.5262804889375
0.0
0.0
3.057945788515257
0.0
0.8
85.830664426875
0.0
0.0
2.916188126420174
0.0
2.561927351348314
0.0
3.0
3.0
3.0
2.25
0.0
0.1
0.4
0.48
0.24
0.49
0.05
0.05
0.0
0.0
0.0
0.0
0.0
0.0
0.0
0.0
0.0
0.0
0.0
0.0
0.0
0.0
2.2324402392717104
0.0
2.2353982054851596
0.0
21.45299911
0.0
2.16
0.0
0.0
0.0
2.235815316098261
0.0
2.2120486500331733
0.0
2.074539616548095
0.0
2.1419292496623576
0.0
0.0
0.0
2.0819072565402843
0.0
2.041203310340724
0.0
0.0
7.43
0.0
0.0
1.867208839081675
0.0
2.064726460402289
0.0
1.765804893406325
0.0
1.6384028072552006
0.0
0.0
7.43
0.0
0.0
1.526331559699475
0.0
1.443231269877976
0.0
1.4430410235568596
0.0
0.0
98.2
0.0
82.0
0.0
0.0
0.0
0.0
1.4084194318766379
0.0
1.4195360168410476
0.0
1.4352892160616388
0.0
1.444933972030575
0.0
1.4357174115207698
0.0
0.0
0.0
117.71109255874998
0.0
0.0
0.0
1.394482802578878
0.0
0.0
0.0
22.0
1.8034601223125
0.0
0.0
0.0
0.0
1.3943839656328967
0.0
75.0
75.0
0.0
0.0
0.0
0.0
1.3914313637514422
0.0
1.4114523779183932
0.0
1.4226312755755668
0.0
97.98
97.98
46.7
0.0
0.0
0.0
1.3211811981333659
0.0
1.2542402892524098
0.0
97.98
97.98
27.07
0.0
0.0
0.0
1.2385948571036582
0.0
0.0
97.98
0.0
0.0
1.2397780709617257
0.0
1.2754196716471702
0.0
1.2517090361632803
0.0
636.0
6.91
0.0
0.0
0.0
0.0
0.0
0.0
1.2306838947773882
0.0
551.9991536992168
77.0
0.0
0.0
1.2017378669081156
0.0
1.2380420846183844
0.0
1.1979935568983224
0.0
74.05
74.05
87.71
87.71
24.081586985
0.0
0.0
0.0
0.0
0.0
1.3005396553919528
0.0
25.6
0.0
1.870030715603816
0.0
1.9028229444248925
0.0
0.0
0.0
2.0690934003791774
0.0
1.9028229444248925
0.0
0.0
0.0
1.8653018836375281
0.0
1.6870741948497425
0.0
77.0
60.8
1.8052640370000002
0.0
0.0
0.0
1.4132209964541156
0.0
60.8
41.55
0.0
0.0
0.0
0.0
0.0
0.0
1.0731304368561387
0.0
1.0736239142055783
0.0
1.0533829778025146
0.0
140.0
27.07
80.67
80.67
0.0
0.0
0.0
0.0
0.9613650337496171
0.0
1.1144289385830293
0.0
34.631425183125
118.43993148124999
0.0
0.0
0.0
0.0
0.7306455379828378
0.0
0.544995989681996
0.0
0.2203515239334748
0.0
0.0
0.0
0.0
0.0
0.0
0.0
0.0
0.0
0.03249593930916328
0.0
-1.0796803999795364
0.0
476.1717711741562
518.0
0.0
0.0
-3.141592653589793
0.0
0.15822615163688525
0.0
186.49999999999994
595.0
0.0
0.0
0.09958182337570198
0.0
0.0
0.0
0.0
0.0
0.0
0.0
0.0
0.0
0.3041843865905851
0.0
0.0
0.0
0.0
0.0
0.0
0.0
0.2873805691276754
0.0
0.0
0.0
0.0
0.0
331.79382173125
0.0
0.0
0.0
0.0
0.0
0.2618130382464936
0.0
0.4267322590510001
0.0
0.5314613925996534
0.0
0.6694018722048902
0.0
0.7448378085443603
0.0
0.8585310920935525
0.0
0.7450947665047201
0.0
110.0
41.55
41.55
7.43
0.0
0.0
0.0
0.0
0.37895239792612534
0.0
0.0
0.0
0.0
0.0
0.0
0.0
0.0
0.0
80.06754799125001
243.01149578749997
0.0
0.0
0.0
0.0
0.0
0.0
0.0
0.0
0.0
0.0
0.3121282039773501
0.0
0.36357789764494264
0.0
0.3036814673850077
0.0
1.2
1.2
1.6
1.6
1.6
1.6
0.95
0.95
0.95
0.95
1.88
1.88
3.75
2.29
2.29
1.2
0.9
0.9
1.6
0.9
0.9
3.0
1.88
0.0
0.0
0.0
0.0
0.0
0.0
0.0
0.0
0.0
0.0
0.0
0.0
0.0
0.0
0.0
0.0
0.0
0.0
0.0
0.0
0.0
0.0
0.0
0.0
0.0
0.1749781821359293
0.0
376.88284263125007
0.0
-0.014274747571214608
0.0
0.0
199.42032046875
0.0
0.0
-0.038991146871338866
0.0
-0.008784704811473532
0.0
0.0
0.0
640.1
0.0
0.0
0.0
0.0
0.0
0.0
0.0
0.0
0.0
0.0
0.0
0.0
0.0
0.0
0.0
-0.5012840513653796
0.0
0.008077228554876026
0.0
0.02489229709389207
0.0
197.42495969375
0.0
0.04326709174783527
0.0
0.0
0.0
0.0
0.0
0.0
0.0
0.0
0.0
0.0
0.0
0.0
0.0
0.0
0.0
0.0
0.0
0.0
0.0
0.04326709174783527
0.0
0.0
0.0
0.0
0.0
0.0
1.35
4.65
0.0
119.28332891875
0.0
0.0
0.0
0.0
0.0
0.0
0.0
0.0
0.0
0.03162927527361559
0.0
619.0
0.0
2.5192822642513786
0.0
2.997860572112085
0.0
3.006085876587047
0.0
40.71
27.07
0.0
0.0
1.1952484668978016
0.0
3.00856583754166
0.0
1.5688785172050066
0.0
-148.36030359725373
-198.3030009272925
-376.70926590856334
-313.8540709496101
310.02338542601035
-43.4271784204293
-1111.0
1218.9558435826466
-1111.0
172.77084488175194
218.36912129846223
-251.14449188052822
-284.2978983753353
-149.536860211952
-172.57751387661745
166.47084747775216
74.72100786608814
-64.6166696321527
-20.428914465735147
51.06446024101115
-422.1850544178151
-118.87354766143517
340.3685542374376
15.81434581612291
75.15455523599167
-12.21389963751335
-47.208491500543005
-142.35841383236635
-210.35924008109612
-308.0910822981071
-396.0390091893589
264.9937426291008
533.1347334397419
143.39574021620933
27.819974849888126
793.9971038296108
-107.95584358264682
412.8062573708994
263.0813071751577
-135.33075168234484
446.1958902404581
-143.91640816223082
-49.95304198632539
-216.49294442068424
-240.48261477166398
4.089319736442349
-46.98099689444507
-246.39345162594526
12.593570249734853
-216.93180036230433
366.690756006054
-66.15037770725951
-77.4651151693813
-489.1466900413548
-99.20990598788876
-83.5809983421774
-117.32153958806362
-128.8847935181327
-121.80992949816232
-99.77024322644388
-141.40076148925687
-82.64841264682138
-65.43329907178486
-44.06906674208108
-55.69894080214249
-142.0400641410759
-142.0400641410759
-123.64697600948534
-68.5576072944234
14.782692771349161
19.612981156955016
16.40264620462426
-5.637040067094176
-33.798859786475646
-4.822363078172771
-4.789219690176651
-0.13979766051159004
-31.952239035369075
-19.5536548432068
20.725687536007285
-6.032566360057217
32.298045355025806
-17.604924179075738
-31.967555362581606
-27.988113791922615
-29.393374732716552
-33.92157901126495
-46.166144054908045
-55.0575606892246
-115.89208998438062
-25.779355237582536
3.146845367099445
118.55317741944918
-118.55317741944918
-48.93350395929474
-855.8374460474088
-69.61967346015444
-224.8983297074842
-224.8983297074842
-17.449634885825617
-1.483749011401187
-78.23250776339773
35.76770217844569
-204.3146117441604
-51.36487202466185
-33.29622730915548
277.15161758083855
448.41815764534294
-92.3724755250588
92.37247553754833
-92.37247553754833
92.37247553754833
0.0
-3.574324993344135
-129.75639770596922
316.8315897011237
-438.9844551080874
-229.79091865555426
-225.15764211444275
-307.12544174066466
3.9796560438541064
-82.9546573949142
-230.4441301050158
-106.44324105595842
-130.7073068514935
-413.686229324999
-413.686229324999
-401.50632942919384
-506.54719855699204
-245.94277709008315
-346.2838178319478
-293.0664345781179
-904.2084059465687
-994.1717711741562
123.26491405147067
38.777967669799295
-82.36562957899582
108.83115064273193
205.2182178518658
-20.10026012639389
321.2499304693358
102.61303912686981
-20.10026012639389
194.48021320975
170.6635154120271
143.07258685916668
317.8352064032904
-118.97100287073886
26.777868986414887
245.54248090826968
-110.10057997646771
-200.25024744337236
-282.7245804945791
17.05598838095341
-378.16067003089097
137.90847594811544
128.46698708114695
-241.88076119839184
-82.1945804945791
40.76837849834146
74.89879990453778
-53.478955591794715
-261.23813687345637
-160.00144682729172
-119.47785966111587
-131.6734332385339
-140.13664139011712
-65.38729974807131
55.222014737708946
-252.61907347935937
66.95359237072171
-269.1253259701317
58.38565464562441
-72.64814692649122
24.113903745235575
0.0
-18.184088240968094
-423.47987086806063
-195.52012913193948
133.45170863837177
70.42267671738159
79.08946610224666
-67.77999999999997
135.93759477808157
-245.72905955222086
286.1351484208251
3.141592653589793
0.0
2.9933356070569577
0.0
3.0574742785171534
0.0
0.0
0.0
0.0
0.0
0.0
0.0
0.0
0.0
0.0
0.0
0.0
0.0
2.748425193037357
0.0
2.718349794872937
0.0
0.0
0.0
0.0
0.0
0.0
0.0
0.0
0.0
0.0
0.0
2.885855131505709
0.0
2.876829455804451
0.0
0.0
0.0
0.0
0.0
0.0
0.0
2.392724424401033
0.0
2.0538694244433895
0.0
636.0
0.0
475.0
0.0
0.0
0.0
0.0
0.0
0.0
0.0
0.0
0.0
0.0
0.0
1.696127424430511
0.0
2.8673577704777644
0.0
3.0
3.0
1.3
1.3
3.0
1.35
1.35
1.35
0.71
0.71
0.71
1.57
0.65
0.65
0.65
0.65
0.45
0.45
0.45
0.45
1.0
1.0
1.0
1.9
1.9
1.9
1.9
1.9
1.9
1.9
4.6
3.0
3.0
4.6
3.0
0.0
126.98
170.0
0.0
0.0
943.5
140.0
0.0
0.0
0.0
0.0
0.0
0.0
0.0
0.0
0.0
0.0
0.0
0.0
0.0
0.0
0.0
0.0
0.0
0.0
0.0
0.0
0.0
0.0
0.0
0.0
0.0
0.0
0.0
0.0
0.0
0.0
0.0
0.0
0.0
0.0
0.0
0.0
0.0
0.0
0.0
0.0
0.0
0.0
2.818147791309517
0.0
2.9890158581781474
0.0
2.8708954631316397
0.0
47.526832009375
0.0
2.830766196824733
0.0
2.8606137724941725
0.0
2.6461407529523484
0.0
0.0
0.0
0.0
20.0
63.87838863374999
0.0
0.0
0.0
0.0
0.0
2.817964191469449
0.0
62.6
75.74110627125002
0.0
0.0
2.8259269998391243
0.0
2.9133750044755864
0.0
2.8729043189025667
0.0
2.7343344815017048
0.0
2.3990309564971586
0.0
62.6
4.6
30.4
0.8983809920625
12.769420538125
7.0179345831874995
3.734262036375
0.93039126375
0.0
0.0
0.0
0.0
0.0
0.0
0.0
0.0
2.245951412417827
0.0
84.92
0.0
522.3
0.0
0.0
0.0
56.96
0.0
0.0
0.0
0.0
0.0
0.0
0.0
2.0831995833597974
0.0
0.0
677.8
0.0
0.0
0.0
0.0
0.0
0.0
0.0
0.0
0.0
0.0
0.0
0.0
1.9822855239554364
0.0
1.6582766798750002
3.4043067694999998
14.542138990000002
13.09840595625
13.621733648124998
5.358104677062501
0.0
0.0
0.0
0.0
0.0
0.0
2.9529084371103522
0.0
3.07571448025106
0.0
3.102129964249027
0.0
2.338004803741301
0.0
15.653244210625
4.249365022875
0.0
0.0
3.057378145980657
0.0
0.8
86.24496857624999
0.0
0.0
2.9149412167223563
0.0
2.5632749461148165
0.0
3.0
3.0
3.0
2.25
0.0
0.1
0.4
0.48
0.24
0.49
0.05
0.05
0.0
0.0
0.0
0.0
0.0
0.0
0.0
0.0
0.0
0.0
0.0
0.0
0.0
0.0
2.236768824491733
0.0
2.2426419566356985
0.0
0.0
0.0
2.16
0.0
0.0
0.0
2.243838254618912
0.0
2.2155111176210145
0.0
2.073886254835058
0.0
2.1430674075253506
0.0
0.0
0.0
2.0817332013315024
0.0
2.039974443107205
0.0
0.0
7.43
0.0
0.0
1.8630999808643978
0.0
2.0647539663413568
0.0
1.7595924220402201
0.0
1.6299119991372937
0.0
0.0
7.43
0.0
0.0
1.516285560808189
0.0
1.4322568848058914
0.0
1.4322556492680718
0.0
0.0
98.2
0.0
82.0
0.0
0.0
0.0
0.0
1.3974454017506748
0.0
1.408059381242559
0.0
1.4231668877450359
0.0
1.4326280598965058
0.0
1.4229269635758648
0.0
0.0
0.0
121.54332624999999
0.0
0.0
0.0
1.381355537057555
0.0
0.0
0.0
22.0
1.724158219375
0.0
0.0
0.0
0.0
1.3814202463813547
0.0
75.0
75.0
0.0
0.0
0.0
0.0
1.3784582636438873
0.0
1.3991002204330965
0.0
1.4101415578973793
0.0
97.98
97.98
46.7
0.0
0.0
0.0
1.3087994384991504
0.0
1.242175836393968
0.0
97.98
97.98
27.07
0.0
0.0
0.0
1.2265668489531052
0.0
0.0
97.98
0.0
0.0
1.2277235032880558
0.0
1.26337268816631
0.0
1.2398355118292272
0.0
636.0
6.91
0.0
0.0
0.0
0.0
0.0
0.0
1.2192463762646906
0.0
555.8043902925318
77.0
0.0
0.0
1.1897120161603878
0.0
1.2259894808003189
0.0
1.185291484194451
0.0
74.05
74.05
87.71
87.71
23.972216155625
0.0
0.0
0.0
0.0
0.0
1.2876161892381779
0.0
25.6
0.0
1.8587568753711077
0.0
1.8921600492890427
0.0
0.0
0.0
2.0615282550294705
0.0
1.8921600492890427
0.0
0.0
0.0
1.852685942539293
0.0
1.6739777843971364
0.0
77.0
60.8
1.725882811875
0.0
0.0
0.0
1.3988895362748615
0.0
60.8
41.55
0.0
0.0
0.0
0.0
0.0
0.0
1.0570071060968287
0.0
1.0574033283667452
0.0
1.0369862884368537
0.0
140.0
27.07
80.67
80.67
0.0
0.0
0.0
0.0
0.9444844421191174
0.0
1.100251235069396
0.0
34.647460349999996
118.4431876875
0.0
0.0
0.0
0.0
0.7121572822917992
0.0
0.5266221546167564
0.0
0.20214695465382126
0.0
0.0
0.0
0.0
0.0
0.0
0.0
0.0
0.0
0.014367059881020161
0.0
-1.09104536983217
0.0
470.69203643377114
518.0
0.0
0.0
-3.141592653589793
0.0
0.13743689591895736
0.0
186.4999999999999
595.0
0.0
0.0
0.07690398317149594
0.0
0.0
0.0
0.0
0.0
0.0
0.0
0.0
0.0
0.28111884736787696
0.0
0.0
0.0
0.0
0.0
0.0
0.0
0.2637573621806717
0.0
0.0
0.0
0.0
0.0
337.5421088875
0.0
0.0
0.0
0.0
0.0
0.2373413225130876
0.0
0.4029225502287148
0.0
0.5082150272925343
0.0
0.6475394602655378
0.0
0.7246984877242637
0.0
0.8399712363567593
0.0
0.7246533491652398
0.0
110.0
41.55
41.55
7.43
0.0
0.0
0.0
0.0
0.35532541555431374
0.0
0.0
0.0
0.0
0.0
0.0
0.0
0.0
0.0
81.083785256875
242.891229725
0.0
0.0
0.0
0.0
0.0
0.0
0.0
0.0
0.0
0.0
0.2858386897253484
0.0
0.33808414455547986
0.0
0.27887119884692657
0.0
1.2
1.2
1.6
1.6
1.6
1.6
0.95
0.95
0.95
0.95
1.88
1.88
3.75
2.29
2.29
1.2
0.9
0.9
1.6
0.9
0.9
3.0
1.88
0.0
0.0
0.0
0.0
0.0
0.0
0.0
0.0
0.0
0.0
0.0
0.0
0.0
0.0
0.0
0.0
0.0
0.0
0.0
0.0
0.0
0.0
0.0
0.0
0.0
0.14516401423979763
0.0
381.63404100625
0.0
-0.04695003659438468
0.0
0.0
202.33702033124996
0.0
0.0
-0.07174975200605305
0.0
-0.04040962539181514
0.0
0.0
0.0
640.1
0.0
0.0
0.0
0.0
0.0
0.0
0.0
0.0
0.0
0.0
0.0
0.0
0.0
0.0
0.0
-0.5334524866445989
0.0
-0.025763524065413268
0.0
-0.009392313481126902
0.0
200.3030295625
0.0
0.0078024816320390045
0.0
0.0
0.0
0.0
0.0
0.0
0.0
0.0
0.0
0.0
0.0
0.0
0.0
0.0
0.0
0.0
0.0
0.0
0.0
0.0078024816320390045
0.0
0.0
0.0
0.0
0.0
0.0
1.35
4.65
0.0
121.12949948125001
0.0
0.0
0.0
0.0
0.0
0.0
0.0
0.0
0.0
-0.005002119251622972
0.0
619.0
0.0
2.5185909329475846
0.0
2.9967453449710817
0.0
3.004990832659484
0.0
40.71
27.07
0.0
0.0
1.1825463941939294
0.0
3.0085342851335213
0.0
1.5551951118949976
0.0
-148.4054519846727
-198.39239403607212
-376.8846887530751
-314.00415151362995
310.1950678632825
-43.392671643434596
-1111.0
1219.5706759052173
-1111.0
172.86711836162328
218.4867677752336
-251.0713222709055
-284.3958047188239
-149.57905450477165
-172.59313089161355
166.42693254801247
74.60773949373299
-64.75027060566742
-20.57911092579559
50.91844265105601
-422.483853171655
-119.08551891174557
340.244432741154
16.151741115573145
74.74188430459458
-12.282225851849034
-47.66865204844271
-142.8555024679714
-210.88272012527204
-311.1372846829749
-394.789216421701
264.172930365758
533.5637139440569
143.63279896122526
28.012178151037347
794.1648176686049
-108.57067590521751
413.62706963424216
263.1077370560747
-135.20186786891475
447.4503557696398
-144.6060194951787
-50.28770911336824
-215.02512114936508
-238.52557706658308
11.728411600574077
-54.58921331986983
-244.90410456869154
26.378470626756325
-226.14581772385418
377.6663008097571
-68.34312273066428
-79.62971207199416
-489.1084239395781
-101.37885321398767
-85.74693679096083
-119.47170516635174
-131.01812017265138
-124.35270753606665
-102.32888646309294
-143.92943712845727
-83.79530849732919
-66.16431181256769
-44.46027065610224
-55.698372888347194
-144.1655043603471
-144.1655043603471
-124.98204160520925
-68.93118320965903
14.114334430245435
18.774807295172877
16.090428828001336
-5.933392244972424
-34.07493976712965
-5.567427228718088
-5.529163125043169
0.09152662489282193
-30.337941508783047
-19.615779717465557
21.368485281386825
-6.685940902436755
32.79844124446083
-18.11589686551065
-31.642432864929447
-27.752519977844372
-29.145951940548457
-33.65190356298899
-45.947311795758424
-54.821726366770804
-115.62212918521254
-25.7617345873673
3.076208337541857
117.6858816854126
-117.6858816854126
-49.509936110476474
-866.7747247493352
-68.17594557493612
-226.04285704364406
-226.04285704364406
-17.43646198401791
-1.4820705023375922
-79.8225948852737
35.741344473678396
-212.2180754389949
-52.066485085036334
-33.89790509550062
276.55325690535756
449.717075693422
-94.09344762837645
94.09344764109846
-94.09344764109846
94.09344764109846
0.0
-4.588762533404633
-131.04900069888504
316.689832079139
-440.16787716309676
-231.00164202050019
-228.32582489219612
-308.6396590027605
3.1953408864084167
-83.6763931606464
-232.00549272594822
-107.16444188567766
-131.39466802292003
-420.99133234435226
-420.99133234435226
-404.2788088343816
-506.23500039660894
-245.814545434332
-346.11830726633605
-292.94835368656334
-898.7092924704184
-988.6920364337711
120.6567020025625
36.148510573722206
-85.01813587990569
108.62492776055637
204.82935223654908
-20.76732678235942
317.69770169828826
101.47839299842235
-20.76732678235942
195.26088173700236
171.43905365650608
143.84218182547727
321.02403904730863
-120.76151341463458
23.662651761496363
249.11790609412333
-111.89850728586725
-203.5473082849286
-285.9995274563548
16.4397854933801
-383.4074785564451
141.05855112060271
130.25169339024058
-245.14785444574443
-85.46952745635485
41.398934094615015
74.29315982450044
-52.86870152803158
-267.95176286311494
-163.13172857766403
-121.28412299885491
-133.48539461616838
-142.46651314917796
-65.60771274161573
57.29456419737028
-252.29657629058312
65.41426451038808
-269.42232853780723
56.84448119180058
-75.76477253003202
22.56534791745048
0.0
-20.007188880722083
-423.7535548059823
-195.24644519401772
133.66687621485323
70.28663365302566
79.28353546223957
-67.77999999999997
135.9903527341512
-246.94942308112218
287.3264257539207
