3.090468955908717
0.0
2.9542312626885696
0.0
3.011161105085977
0.0
0.0
0.0
0.0
0.0
6.9
3.9
0.0
0.0
0.0
0.0
0.0
0.0
2.7184932364392056
0.0
2.6899157315893403
0.0
0.0
0.0
0.0
0.0
0.0
0.0
0.0
0.0
0.0
0.0
2.8506538585176955
0.0
2.843979161950811
0.0
0.0
25.0
0.0
0.0
0.0
0.0
2.3760973206053038
0.0
1.9747173206554756
0.0
636.0
0.0
655.0
0.0
25.0
0.0
0.0
0.0
0.0
0.0
0.0
0.0
0.0
0.0
1.5509653206402207
0.0
2.8414037131048353
0.0
3.0
3.0
1.3
1.3
3.0
1.35
1.35
1.35
0.71
0.71
0.71
1.57
0.65
0.65
0.65
0.65
0.45
0.45
0.45
0.45
1.0
1.0
1.0
1.9
1.9
1.9
1.9
1.9
1.9
1.9
4.6
3.0
3.0
4.6
3.0
0.0
0.0
320.0
0.0
0.0
943.5
140.0
0.0
0.0
0.0
0.0
0.0
0.0
0.0
0.0
0.0
0.0
0.0
0.0
0.0
0.0
0.0
0.0
0.0
0.0
0.0
0.0
0.0
0.0
0.0
0.0
0.0
0.0
0.0
0.0
0.0
0.0
0.0
0.0
0.0
0.0
0.0
0.0
0.0
0.0
0.0
0.0
0.0
0.0
2.7921015547299914
0.0
2.9937452423867743
0.0
2.8871401775375354
0.0
0.0
0.0
2.9761668757449344
0.0
2.874030690662984
0.0
2.7654160639526397
0.0
0.0
0.0
3.9
20.0
0.0
0.0
0.0
0.0
0.0
0.0
2.973380708188399
0.0
62.6
0.0
0.0
0.0
3.0006143361428546
0.0
3.0459340489814046
0.0
2.981898830581285
0.0
2.8226298963228666
0.0
2.4606879976104583
0.0
62.6
4.6
30.4
0.024158723437500005
0.00020386706250000012
0.0016920025625000003
3.5675e-8
0.0038576198125
0.0
0.0
0.0
0.0
0.0
0.0
0.0
0.0
2.471071549226756
0.0
0.0
0.0
672.3
0.0
0.0
6.9
712.0
0.0
0.0
0.0
0.0
0.0
0.0
0.0
1.8768286182382514
0.0
0.0
677.8
0.0
0.0
0.0
0.0
0.0
0.0
0.0
0.0
0.0
0.0
0.0
0.0
1.876781983540818
0.0
0.021357639625
0.0052189458749999995
0.055621510750000006
0.0580569649375
0.057784934875000006
0.0003968615625
0.0
0.0
0.0
0.0
0.0
0.0
2.9550701237807555
0.0
3.092118949157012
0.0
3.141592653589793
0.0
2.4595849942682335
0.0
6.2014788119375
0.1235710385
0.0
0.0
3.1085760832873266
0.0
0.8
0.0
0.0
0.0
2.964200542827908
0.0
2.83676979881728
0.0
3.0
3.0
3.0
7.5
0.0
0.1
0.4
0.48
0.24
0.49
0.05
0.05
8.4
0.0
0.0
0.0
0.0
0.0
0.0
0.0
0.0
0.0
0.0
0.0
0.0
0.0
2.644409164418459
0.0
2.6418490001307333
0.0
29.2900042486227
55.36251805914242
2.16
0.0
0.0
0.0
2.6397254922709976
0.0
2.6265294078034973
0.0
2.489340970271451
0.0
2.6324277808288112
0.0
54.0
0.0
2.6117124984053834
0.0
2.617061531566007
0.0
0.0
7.43
0.0
0.0
2.5582508691868906
0.0
2.640798255888459
0.0
2.570406496158352
0.0
2.523309033605516
0.0
0.0
7.43
0.0
0.0
2.4621650886930944
0.0
2.4057399966463358
0.0
2.396939145725737
0.0
0.0
98.2
0.0
82.0
0.0
0.0
0.0
0.0
2.3646211656849445
0.0
2.4035106443109093
0.0
2.4545010421914606
0.0
2.474686899769038
0.0
2.487428884430953
0.0
0.0
0.0
0.0
0.0
0.0
0.0
2.4555693262767626
0.0
0.0
0.0
22.0
0.0
0.0
0.0
0.0
0.0
2.452309134345702
0.0
75.0
75.0
8.4
0.0
0.0
0.0
2.4478819722378233
0.0
2.4392250631093066
0.0
2.4589688209391802
0.0
97.98
97.98
46.7
0.0
0.0
0.0
2.3526746255829902
0.0
2.2577804842373412
0.0
97.98
97.98
27.07
0.0
0.0
0.0
2.238321004917882
0.0
0.0
97.98
0.0
0.0
2.237421165665607
0.0
2.2782398240839097
0.0
2.2396725694231012
0.0
636.0
6.91
8.4
8.4
0.0
0.0
0.0
0.0
2.1829590465268973
0.0
596.4
77.0
0.0
0.0
2.1573272787547095
0.0
2.2169684833731313
0.0
2.2198326067958662
0.0
74.05
74.05
87.71
87.71
0.0
0.0
0.0
0.0
0.0
0.0
2.3258351794532492
0.0
25.6
0.0
2.7153681779416434
0.0
2.694292770114947
0.0
0.0
0.0
2.587431547357344
0.0
2.694292770114947
0.0
0.0
0.0
2.818624225042851
0.0
2.685386927178542
0.0
77.0
60.8
0.0
0.0
0.0
0.0
2.5160613169719266
0.0
60.8
41.55
0.0
8.4
0.0
0.0
0.0
0.0
2.293359214628973
0.0
2.3017914131652466
0.0
2.292843968486639
0.0
140.0
27.07
80.67
80.67
0.0
0.0
0.0
0.0
2.226551497279168
0.0
2.2222053618266973
0.0
5.8180954994375
93.45471498250001
14.541663446874999
0.0
0.0
0.0
2.101820577165011
0.0
1.898114810827086
0.0
1.5414617090723937
0.0
0.0
0.0
0.0
0.0
0.0
0.0
0.0
0.0
1.3347710633516545
0.0
-0.21076530664817916
0.0
688.3
668.0
0.0
0.0
-3.0237315069142854
0.0
1.6065858229531385
0.0
336.5
595.0
0.0
0.0
1.63396055466598
0.0
0.0
0.0
0.0
9.5
0.0
0.0
0.0
0.0
1.88246254873372
0.0
0.0
0.0
0.0
0.0
0.0
0.0
1.8994926067537214
0.0
0.0
0.0
0.0
0.0
0.0
0.0
0.0
0.0
0.0
0.0
1.9254043696787697
0.0
2.066714344765492
0.0
2.146963344999648
0.0
2.21948576130959
0.0
2.201746338005968
0.0
2.2238637223536184
0.0
2.203560878210263
0.0
110.0
41.55
41.55
7.43
0.0
0.0
0.0
0.0
2.0015153698162873
0.0
0.0
100.0
100.0
100.0
0.0
0.0
0.0
0.0
0.0
222.92619885625
0.0
0.0
0.0
0.0
0.0
0.0
0.0
0.0
0.0
0.0
2.075733458063584
0.0
2.0922255461179162
0.0
1.9898027461275234
0.0
1.2
1.2
1.6
1.6
1.6
1.6
0.95
0.95
0.95
0.95
1.88
1.88
3.75
2.29
2.29
1.2
3.0
3.0
1.6
0.9
0.9
3.0
1.88
0.0
0.0
0.0
0.0
0.0
0.0
0.0
0.0
0.0
0.0
0.0
0.0
0.0
0.0
0.0
0.0
0.0
0.0
0.0
0.0
0.0
0.0
0.0
0.0
0.0
2.1867687662008946
0.0
0.0
0.0
2.201613890482477
0.0
0.0
0.0
0.0
0.0
2.1602411928810774
0.0
2.09612202197499
0.0
33.0
0.0
751.1
1.05
0.6
1.54
1.6
1.3
1.3
0.0
0.0
0.0
0.0
0.0
0.0
0.0
0.0
0.0
1.524064208923365
0.0
2.2950815114229233
0.0
2.3475854781216547
0.0
0.0
0.0
2.4575414787249095
0.0
0.0
0.0
0.0
0.0
0.0
0.0
0.0
0.0
0.0
0.0
0.0
0.0
0.0
0.0
0.0
0.0
0.0
0.0
2.4575414787249095
0.0
0.0
1.3
3.1
0.0
0.0
1.35
4.65
0.0
0.0
0.0
0.0
0.0
0.0
0.0
0.0
0.0
0.0
0.0
2.5268979453408296
0.0
619.0
0.0
2.62882514079341
0.0
3.0217824771773802
0.0
3.026293025953658
0.0
40.71
27.07
0.0
0.0
2.2170875167953454
0.0
2.969654469435504
0.0
2.6183472829301326
0.0
-136.37406728729877
-187.04681797516923
-358.1140958400483
-297.44941989596464
297.66319803928627
-32.08988734284344
-1316.0
1175.3498538539934
-1316.0
178.6489486304713
222.12314007870054
-251.5416243453492
-263.1975777937727
-136.9122189724908
-152.58119772965574
208.40154483199672
134.42520906286973
-7.192457709737937
45.65471702760908
98.23637398874325
-482.2673037775212
-60.307954869282185
411.81117674565587
55.2406246561676
38.73479729786732
62.04939187314267
-75.42428554252797
-164.19477757778856
-227.6364142808916
21.10477970581269
-729.8242242152577
0.12208035976573228
661.4978561445078
160.29102379421101
52.46416164354412
788.2244065166133
165.6501461460066
677.677919640234
219.5521556792214
-99.7479465247531
436.69778421092315
-146.57415269351486
12.093270258770644
-112.05552807684768
-144.21262013306523
-20.81870450799954
-30.824129437069473
-148.05661338732324
-17.476388611886023
-190.21017671306254
365.8358334645509
5.564502853980457
-8.819588926884308
55.103659269625496
-34.24013623741257
10.983640985041689
-29.214005035733408
-43.563453611765226
-28.684498666808395
-2.1480717012938157
-52.27243344573719
-45.091404800001555
-44.42920633585368
-34.51108093507628
-65.79012953822507
-59.947276622152685
-59.947276622152685
-85.31605802147146
-63.99600008717664
51.714732213722755
65.60574927489438
34.32968975558708
7.793262790072504
-26.11439192814896
31.469951757720764
31.253663435083354
-4.611304004325461
-80.495853822561
-29.318954355516894
-8.961603649501399
26.652551341501066
11.477069044913947
6.2138786470856076
-44.873397599222926
-37.93121380651712
-39.835709893516196
-46.16983724371562
-65.44423540948355
-76.23574711388369
-144.14429124732692
-36.291120442699594
-2.3931895006544437
192.83627330403874
-192.83627330403874
-5.04315113944358
-310.7321741949256
-187.79312216459516
-225.5646212872557
-225.5646212872557
-36.74031509431711
-17.480925036286635
-69.27504804056025
58.75980750721499
230.45975168105747
-28.76343311455696
-11.970983404509184
286.49343964606237
306.71889644632734
59.36734597316797
-59.36734598119472
59.36734598119472
-59.36734598119472
0.0
78.04689878998727
-21.26329841486495
294.7145472987204
-328.1706843692524
-150.4743934803858
-32.15442061806334
-196.11191224558888
68.00160109870865
-36.669855242541644
-137.74787081745308
-63.62639747727735
-94.16544202593434
11.746312034995071
11.746312034995071
-224.54705455633712
-555.8138234797605
-270.1917437622012
-380.63766722683226
-322.45030523402767
-1256.5336341751063
-1356.3000000000002
266.4850584429539
172.94190249953692
38.447656899443245
132.18191173393006
249.2497432774444
20.370882802384813
577.1164654295726
184.34143895803345
20.370882802384813
166.63912156186416
140.2271995690544
109.6297817744171
167.10234169622754
-13.629208393094359
188.53917141500165
63.04141886907564
-2.8777033475871576
-21.287610248390024
-109.24083857333983
50.95901300466733
-122.81014988730931
-32.43038995355971
24.99139474698063
-71.41196656531827
91.28916142666014
13.06821557327362
115.20282014534337
-91.4489285672405
211.4958250498853
61.7060943190379
9.37192189474365
-16.32466050491098
8.90330301792983
-109.45158097666206
-117.21969087680873
-347.6376961315902
191.80699654572652
-312.59989782428664
182.3054399144853
149.3506412039194
144.29921338952067
0.0
108.36947908737591
-453.7904423604246
-165.20955763957545
94.08812801599106
96.1172768639201
43.37066130863252
-67.77999999999997
126.8235105064739
-139.3755597678637
188.02567270525662
3.0886632584639786
0.0
2.952810165091206
0.0
3.0096748252640184
0.0
0.0
0.0
0.0
0.0
6.9
3.9
0.0
0.0
0.0
0.0
0.0
0.0
2.7182559359152565
0.0
2.6897934840497193
0.0
0.0
0.0
0.0
0.0
0.0
0.0
0.0
0.0
0.0
0.0
2.8497539019356797
0.0
2.843021051372453
0.0
0.0
25.0
0.0
0.0
0.0
0.0
2.377334784872021
0.0
1.9759547849221937
0.0
636.0
0.0
655.0
0.0
25.0
0.0
0.0
0.0
0.0
0.0
0.0
0.0
0.0
0.0
1.5522027849069389
0.0
2.8406352077691537
0.0
3.0
3.0
1.3
1.3
3.0
1.35
1.35
1.35
0.71
0.71
0.71
1.57
0.65
0.65
0.65
0.65
0.45
0.45
0.45
0.45
1.0
1.0
1.0
1.9
1.9
1.9
1.9
1.9
1.9
1.9
4.6
3.0
3.0
4.6
3.0
0.0
0.0
320.0
0.0
0.0
943.5
140.0
0.0
0.0
0.0
0.0
0.0
0.0
0.0
0.0
0.0
0.0
0.0
0.0
0.0
0.0
0.0
0.0
0.0
0.0
0.0
0.0
0.0
0.0
0.0
0.0
0.0
0.0
0.0
0.0
0.0
0.0
0.0
0.0
0.0
0.0
0.0
0.0
0.0
0.0
0.0
0.0
0.0
0.0
2.7911925743916832
0.0
2.993385682220417
0.0
2.887072561270144
0.0
0.0
0.0
2.979029113501623
0.0
2.8738933757835703
0.0
2.7679501343228985
0.0
0.0
0.0
3.9
20.0
0.0
0.0
0.0
0.0
0.0
0.0
2.9760076647816245
0.0
62.6
0.0
0.0
0.0
3.0039921594674652
0.0
3.048129459008342
0.0
2.9835773612129017
0.0
2.8240209494115733
0.0
2.4619628594592884
0.0
62.6
4.6
30.4
0.023018580687500005
0.0003416098125000001
0.0024551415625000002
4.675e-8
0.0041773103125
0.0
0.0
0.0
0.0
0.0
0.0
0.0
0.0
2.472266796070695
0.0
0.0
0.0
672.3
0.0
0.0
6.9
710.6019672247045
0.0
0.0
0.0
0.0
0.0
0.0
0.0
1.879081572880656
0.0
0.0
677.8
0.0
0.0
0.0
0.0
0.0
0.0
0.0
0.0
0.0
0.0
0.0
0.0
1.8795120250050132
0.0
0.015355893625
0.005231603624999999
0.056167546500000005
0.059643026437499996
0.059847210375
0.0005743145625
0.0
0.0
0.0
0.0
0.0
0.0
2.95500141210428
0.0
3.0919127294678104
0.0
3.141592653589793
0.0
2.4633891055402994
0.0
5.8793570761875005
0.08933707275000001
0.0
0.0
3.1088257956610317
0.0
0.8
0.0
0.0
0.0
2.9643481712269146
0.0
2.8449462668765024
0.0
3.0
3.0
3.0
7.5
0.0
0.1
0.4
0.48
0.24
0.49
0.05
0.05
8.4
0.0
0.0
0.0
0.0
0.0
0.0
0.0
0.0
0.0
0.0
0.0
0.0
0.0
2.6597582221397094
0.0
2.6609975534811117
0.0
21.45299911
35.41251805914226
2.16
0.0
0.0
0.0
2.6598765773906266
0.0
2.6408143686516876
0.0
2.4983370591019334
0.0
2.6452686393686626
0.0
54.0
0.0
2.623749106789713
0.0
2.6284475768470372
0.0
0.0
7.43
0.0
0.0
2.567894595352164
0.0
2.653332341642045
0.0
2.5788851815178155
0.0
2.530316386810796
0.0
0.0
7.43
0.0
0.0
2.4681297899742507
0.0
2.41101364076469
0.0
2.402543739140329
0.0
0.0
98.2
0.0
82.0
0.0
0.0
0.0
0.0
2.370141892314951
0.0
2.4088684450139057
0.0
2.459659751565013
0.0
2.4797905964412115
0.0
2.492415605622587
0.0
0.0
0.0
0.0
0.0
0.0
0.0
2.460503080981632
0.0
0.0
0.0
22.0
0.0
0.0
0.0
0.0
0.0
2.457208307255831
0.0
75.0
75.0
8.4
0.0
0.0
0.0
2.4528022844486586
0.0
2.4443204040965636
0.0
2.464019755233725
0.0
97.98
97.98
46.7
0.0
0.0
0.0
2.357332407902403
0.0
2.262411866409428
0.0
97.98
97.98
27.07
0.0
0.0
0.0
2.242955119078534
0.0
0.0
97.98
0.0
0.0
2.2420844977347443
0.0
2.2828690852868165
0.0
2.2442870528454364
0.0
636.0
6.91
8.4
8.4
0.0
0.0
0.0
0.0
2.187529094295444
0.0
596.4
77.0
0.0
0.0
2.162257682100975
0.0
2.2217562118883993
0.0
2.2235050613837846
0.0
74.05
74.05
87.71
87.71
0.0
0.0
0.0
0.0
0.0
0.0
2.328614488471932
0.0
25.6
0.0
2.7162306474616553
0.0
2.6951839482497855
0.0
0.0
0.0
2.588468290299721
0.0
2.6951839482497855
0.0
0.0
0.0
2.819073641262639
0.0
2.6862900622311736
0.0
77.0
60.8
0.0
0.0
0.0
0.0
2.5172112740156862
0.0
60.8
41.55
0.0
8.4
0.0
0.0
0.0
0.0
2.2950166738816087
0.0
2.303457080029233
0.0
2.294546973427815
0.0
140.0
27.07
80.67
80.67
0.0
0.0
0.0
0.0
2.22839581101859
0.0
2.225232214226856
0.0
5.8157699271875
93.95630714
14.070990449375
0.0
0.0
0.0
2.1026717002604354
0.0
1.8987360492555805
0.0
1.5417635652494965
0.0
0.0
0.0
0.0
0.0
0.0
0.0
0.0
0.0
1.3349477658475255
0.0
-0.21069828469217677
0.0
688.3
668.0
0.0
0.0
-3.023664484958283
0.0
1.6065645493500682
0.0
336.5
595.0
0.0
0.0
1.633946205689048
0.0
0.0
0.0
0.0
9.5
0.0
0.0
0.0
0.0
1.8822954494536965
0.0
0.0
0.0
0.0
0.0
0.0
0.0
1.8994063880472423
0.0
0.0
0.0
0.0
0.0
0.0
0.0
0.0
0.0
0.0
0.0
1.9254412132803864
0.0
2.066919288933171
0.0
2.147350693863454
0.0
2.2200210223396564
0.0
2.202565576155968
0.0
2.2251733551381587
0.0
2.204776667093265
0.0
110.0
41.55
41.55
7.43
0.0
0.0
0.0
0.0
2.002215452465572
0.0
0.0
100.0
100.0
100.0
0.0
0.0
0.0
0.0
0.0
223.94845750625
0.0
0.0
0.0
0.0
0.0
0.0
0.0
0.0
0.0
0.0
2.0759819582486134
0.0
2.0923108262000056
0.0
1.9898477991074843
0.0
1.2
1.2
1.6
1.6
1.6
1.6
0.95
0.95
0.95
0.95
1.88
1.88
3.75
2.29
2.29
1.2
3.0
3.0
1.6
0.9
0.9
3.0
1.88
0.0
0.0
0.0
0.0
0.0
0.0
0.0
0.0
0.0
0.0
0.0
0.0
0.0
0.0
0.0
0.0
0.0
0.0
0.0
0.0
0.0
0.0
0.0
0.0
0.0
2.186983951199081
0.0
0.0
0.0
2.2018971477337894
0.0
0.0
0.0
0.0
0.0
2.1606081280021634
0.0
2.0965803798804137
0.0
33.0
0.0
751.1
0.0
0.6
1.54
1.6
1.3
1.3
0.0
0.0
0.0
0.0
0.0
0.0
0.0
0.0
0.0
1.5253302636837969
0.0
2.295299362208821
0.0
2.3477446989432256
0.0
0.0
0.0
2.457571459544001
0.0
0.0
0.0
0.0
0.0
0.0
0.0
0.0
0.0
0.0
0.0
0.0
0.0
0.0
0.0
0.0
0.0
0.0
0.0
2.457571459544001
0.0
0.0
1.3
3.1
0.0
0.0
1.35
4.65
0.0
0.0
0.0
0.0
0.0
0.0
0.0
0.0
0.0
0.0
0.0
2.5268599862227052
0.0
619.0
0.0
2.631051051990208
0.0
3.0216230671947084
0.0
3.0261000043174704
0.0
40.71
27.07
0.0
0.0
2.220759971383263
0.0
2.9681205650010805
0.0
2.6193559406159075
0.0
-135.9890824550912
-186.29347452522705
-356.672329119237
-296.1864270419833
296.2229961088095
-32.3694738637372
-1316.0
1170.2573002722802
-1316.0
177.87684861346702
221.17554800225162
-252.25833354238057
-262.3662186071883
-136.55140679520946
-152.4366970236058
208.96097734813475
135.61525725369881
-5.87420978699447
47.15720627066662
99.1616323324439
-483.0182588950611
-58.824675996489646
411.99510986045766
56.76368090649953
37.72418764173767
63.35798468513258
-76.03309519567983
-164.49114617871197
-227.70949053238496
20.942960590194843
-728.6016082232904
-1.1268380218275524
660.0735209795866
160.13019570918868
52.682846361666634
784.9511052228227
170.74269972772004
678.9268380218273
218.0906342483181
-98.99352847737146
435.7201316092119
-146.67779124646688
12.379813405049845
-107.78363876613065
-139.3659665311277
-10.989961671842934
-40.61002984579511
-143.75485790221137
0.44162407063629416
-201.53035621121307
379.9394921801709
4.202142185758589
-10.157893964811137
64.7184325267217
-35.56947533746302
9.647782456930713
-30.521590947710138
-44.85406036410575
-30.337066064535065
-3.8226534785518425
-53.90543250635267
-45.8603221481294
-44.973345834119755
-34.70161419780766
-65.39479751958311
-61.22374706642643
-61.22374706642643
-86.11531962107745
-64.16207292795639
51.498075395899036
65.3415031023012
34.236130739641
7.721718153657889
-26.157807081232704
31.266847285381914
31.051954869734914
-4.660217433942989
-80.63661292239249
-29.178958986620046
-8.780414440018149
26.456685881998624
11.612288593220683
6.063982848759679
-44.99375188856402
-38.035807388755984
-39.94555503635934
-46.2816957194982
-65.4624424076394
-76.25152588639185
-144.12405429498722
-36.23416875456246
-2.3154822972419424
192.910162206902
-192.910162206902
-4.969902115862169
-315.2210596534492
-187.94026009103982
-226.20697524137222
-226.20697524137222
-36.61780533417425
-17.374603287456125
-68.30111404661875
58.61924117125409
224.84979430213252
-29.661321919324905
-12.817099951190016
284.0795327019164
305.2095740064349
59.286476635651866
-59.286476643667925
59.286476643667925
-59.286476643667925
0.0
77.73468919042875
-21.234457611586777
293.17669978565254
-327.05315029829484
-150.13148658248434
-33.26516296068303
-195.73456147017077
68.06779151282251
-36.51683033601478
-137.36260383440822
-63.448440823191504
-93.9647193012168
8.55026160021589
8.55026160021589
-225.4923489965687
-556.4410667727798
-270.4337000132631
-380.9380293434807
-322.6455527865898
-1256.6228053457335
-1356.3000000000002
266.29096422829866
172.83146812219047
38.45738249795113
132.1006615727133
249.09653334456561
20.46762989994295
577.2178368722525
184.37381883061107
20.46762989994295
166.83735336146424
140.44903834259026
109.87896851783512
167.4431531391583
-14.192436738981769
188.47901114061142
63.5384145953376
-3.450166896944552
-21.869577708022348
-109.79629055883868
51.030760999034555
-123.04954416105647
-31.91123616937466
25.545512978185684
-71.9523513128106
90.7337094411613
12.938881101854236
115.21750597422681
-91.48484562271466
211.43236755112775
61.72313209662582
9.414896802018916
-16.231275813893944
8.994943943864541
-109.23021095076308
-117.05255598769781
-347.1463739243276
191.59492779007803
-312.1585334226687
182.10186364947322
149.24848776813258
144.12960708705373
0.0
108.26332293547625
-454.81422698979804
-164.18577301020196
93.58643131393433
95.94951713425382
43.04747233252283
-67.77999999999997
126.37713615209702
-139.1561779941772
187.76593123838893
3.0816672433282895
0.0
2.9462249629702164
0.0
3.0030400702436397
0.0
0.0
0.0
0.0
0.0
6.9
3.9
0.0
0.0
0.0
0.0
0.0
0.0
2.7130386500154824
0.0
2.68471178199772
0.0
0.0
0.0
0.0
0.0
0.0
0.0
0.0
0.0
0.0
0.0
2.84377342087914
0.0
2.8369622750081938
0.0
0.0
25.0
0.0
0.0
0.0
0.0
2.3738456212339436
0.0
1.9724656212841163
0.0
636.0
0.0
655.0
0.0
25.0
0.0
0.0
0.0
0.0
0.0
0.0
0.0
0.0
0.0
1.5487136212688615
0.0
2.8347602714730833
0.0
3.0
3.0
1.3
1.3
3.0
1.35
1.35
1.35
0.71
0.71
0.71
1.57
0.65
0.65
0.65
0.65
0.45
0.45
0.45
0.45
1.0
1.0
1.0
1.9
1.9
1.9
1.9
1.9
1.9
1.9
4.6
3.0
3.0
4.6
3.0
0.0
0.0
320.0
0.0
0.0
943.5
140.0
0.0
0.0
0.0
0.0
0.0
0.0
0.0
0.0
0.0
0.0
0.0
0.0
0.0
0.0
0.0
0.0
0.0
0.0
0.0
0.0
0.0
0.0
0.0
0.0
0.0
0.0
0.0
0.0
0.0
0.0
0.0
0.0
0.0
0.0
0.0
0.0
0.0
0.0
0.0
0.0
0.0
0.0
2.7851658288984353
0.0
2.987795419510297
0.0
2.8817829365078254
0.0
0.0
0.0
2.9764486883169043
0.0
2.8688867023361873
0.0
2.7662615653186267
0.0
0.0
0.0
3.9
20.0
0.0
0.0
0.0
0.0
0.0
0.0
2.973726352240626
0.0
62.6
0.0
0.0
0.0
3.0018648276323603
0.0
3.046811772518007
0.0
2.983225751526092
0.0
2.8251094300372905
0.0
2.465805898220202
0.0
62.6
4.6
30.4
0.021349312187500004
0.0006666723125
0.0035060738125000006
4.7175e-8
0.0046556760625
0.0
0.0
0.0
0.0
0.0
0.0
0.0
0.0
2.4736801895952523
0.0
0.0
0.0
672.3
0.0
0.0
6.9
686.5872903109829
0.0
0.0
0.0
0.0
0.0
0.0
0.0
1.8902482367657862
0.0
0.0
677.8
0.0
0.0
0.0
0.0
0.0
0.0
0.0
0.0
0.0
0.0
0.0
0.0
1.8870956126723124
0.0
0.013071876125000001
0.0052519393749999995
0.059486657750000005
0.0640004876875
0.064067284375
0.0008141288124999999
0.0
0.0
0.0
0.0
0.0
0.0
2.957235081309882
0.0
3.0928953667762995
0.0
3.141592653589793
0.0
2.46290608182977
0.0
5.6325279146875005
0.0803900805
0.0
0.0
3.1086776710319004
0.0
0.8
0.0
0.0
0.0
2.9655272763442255
0.0
2.844429951712451
0.0
3.0
3.0
3.0
7.5
0.0
0.1
0.4
0.48
0.24
0.49
0.05
0.05
8.4
0.0
0.0
0.0
0.0
0.0
0.0
0.0
0.0
0.0
0.0
0.0
0.0
0.0
2.6622866765156195
0.0
2.6656407696375872
0.0
21.45299911
19.78
2.16
0.0
0.0
0.0
2.665084351839572
0.0
2.6427597383063066
0.0
2.497687638804937
0.0
2.645612691381329
0.0
54.0
0.0
2.6232289188970537
0.0
2.627217983176436
0.0
0.0
7.43
0.0
0.0
2.5648505118375198
0.0
2.6529713753299617
0.0
2.574440556534288
0.0
2.5244163021474186
0.0
0.0
7.43
0.0
0.0
2.461249594948171
0.0
2.403541562218307
0.0
2.3953393709734794
0.0
0.0
98.2
0.0
82.0
0.0
0.0
0.0
0.0
2.362881648355634
0.0
2.4013597799641637
0.0
2.451844785626994
0.0
2.4718852771692665
0.0
2.4843486263942642
0.0
0.0
0.0
0.0
0.0
0.0
0.0
2.4524008824369172
0.0
0.0
0.0
22.0
0.0
0.0
0.0
0.0
0.0
2.449064870397054
0.0
75.0
75.0
8.4
0.0
0.0
0.0
2.444686443114401
0.0
2.436438410482964
0.0
2.4560613483409712
0.0
97.98
97.98
46.7
0.0
0.0
0.0
2.3490825297907403
0.0
2.2542902737684436
0.0
97.98
97.98
27.07
0.0
0.0
0.0
2.2348667813395435
0.0
0.0
97.98
0.0
0.0
2.2340075342121963
0.0
2.2747827712084536
0.0
2.2362854869708517
0.0
636.0
6.91
8.4
8.4
0.0
0.0
0.0
0.0
2.1797532784438474
0.0
596.4
77.0
0.0
0.0
2.154599498262389
0.0
2.213857172033821
0.0
2.214641567224062
0.0
74.05
74.05
87.71
87.71
0.0
0.0
0.0
0.0
0.0
0.0
2.319193649068234
0.0
25.6
0.0
2.707483862721019
0.0
2.6873136794957073
0.0
0.0
0.0
2.5850423279552945
0.0
2.6873136794957073
0.0
0.0
0.0
2.8083513379409
0.0
2.6756056947069293
0.0
77.0
60.8
0.0
0.0
0.0
0.0
2.505910673916425
0.0
60.8
41.55
0.0
8.4
0.0
0.0
0.0
0.0
2.283202377233521
0.0
2.2916006256983374
0.0
2.282660293618653
0.0
140.0
27.07
80.67
80.67
0.0
0.0
0.0
0.0
2.216505492528139
0.0
2.2152998065797043
0.0
5.7851170081875
94.86874307250001
13.509611824375
0.0
0.0
0.0
2.088701615786804
0.0
1.8842465686425633
0.0
1.526547348034609
0.0
0.0
0.0
0.0
0.0
0.0
0.0
0.0
0.0
1.3194421042549962
0.0
-0.22643643216250497
0.0
688.3
668.0
0.0
0.0
-3.039402632428611
0.0
1.5905945773757235
0.0
336.5
595.0
0.0
0.0
1.6179597318598855
0.0
0.0
0.0
0.0
9.5
0.0
0.0
0.0
0.0
1.8659782419881754
0.0
0.0
0.0
0.0
0.0
0.0
0.0
1.883251696430583
0.0
0.0
0.0
0.0
0.0
0.0
0.0
0.0
0.0
0.0
0.0
1.9095337945821367
0.0
2.051370332802221
0.0
2.1321902267086106
0.0
2.205224500157666
0.0
2.1884345389351205
0.0
2.2121117500473613
0.0
2.1914224335796924
0.0
110.0
41.55
41.55
7.43
0.0
0.0
0.0
0.0
1.9876685901822588
0.0
0.0
100.0
100.0
100.0
0.0
0.0
0.0
0.0
0.0
224.44338518125
0.0
0.0
0.0
0.0
0.0
0.0
0.0
0.0
0.0
0.0
2.060386663876079
0.0
2.076428140081327
0.0
1.973931833651462
0.0
1.2
1.2
1.6
1.6
1.6
1.6
0.95
0.95
0.95
0.95
1.88
1.88
3.75
2.29
2.29
1.2
3.0
3.0
1.6
0.9
0.9
3.0
1.88
0.0
0.0
0.0
0.0
0.0
0.0
0.0
0.0
0.0
0.0
0.0
0.0
0.0
0.0
0.0
0.0
0.0
0.0
0.0
0.0
0.0
0.0
0.0
0.0
0.0
2.170774128238998
0.0
0.0
0.0
2.185335655032226
0.0
0.0
0.0
0.0
0.0
2.143912968062801
0.0
2.0798729789843557
0.0
33.0
0.0
751.1
0.0
0.6
1.54
1.6
1.3
1.3
0.0
0.0
0.0
0.0
0.0
0.0
0.0
0.0
0.0
1.5084014548305742
0.0
2.2784472845469015
0.0
2.3308335207066655
0.0
0.0
0.0
2.4405587787726226
0.0
0.0
0.0
0.0
0.0
0.0
0.0
0.0
0.0
0.0
0.0
0.0
0.0
0.0
0.0
0.0
0.0
0.0
0.0
2.4405587787726226
0.0
0.0
1.3
3.1
0.0
0.0
1.35
4.65
0.0
0.0
0.0
0.0
0.0
0.0
0.0
0.0
0.0
0.0
0.0
2.509703295620959
0.0
619.0
0.0
2.629732783247878
0.0
3.0230052430556853
0.0
3.0275372911088194
0.0
40.71
27.07
0.0
0.0
2.21189647722354
0.0
2.961400313834151
0.0
2.6083567531890743
0.0
-135.57785821615312
-185.44144595139682
-354.97328340788454
-294.748415034265
294.55859054471193
-32.745893612416694
-1316.0
1164.292736924353
-1316.0
176.92096140960916
220.0124479374922
-253.03287026262296
-261.4596331727528
-136.1714008407523
-152.3424885794377
209.35040769824798
136.65786083351236
-4.6426887045347485
48.54653938732929
100.38474030071143
-480.97739807064227
-56.982308176726065
410.8213602826654
57.07601499554448
38.41619220991538
64.50796780598375
-74.89519554443063
-163.00651699061365
-225.97706403228938
16.0046572647625
-719.4470768180195
8.252942652693491
654.5931561456568
158.66700050823056
51.64081316078557
781.8440297230427
176.707263075647
669.5470573473067
219.07620326630058
-99.44103490975101
433.40969479786327
-145.33034988004636
10.983039778446255
-106.12438633794233
-137.48103284243552
-5.4550764513421655
-46.03829242604252
-142.02127704402494
10.439087030842643
-207.73338515972728
386.85893205200864
2.6914651650723727
-11.625487742858468
64.41029069990714
-36.99797104875836
8.191097081529165
-31.900768883140927
-46.19812691517541
-32.001148652693814
-5.541523608172156
-55.520815058279254
-46.58311740081763
-45.43939585010435
-34.8731343781086
-65.05586218027668
-62.529059897510706
-62.529059897510706
-86.84658805975175
-64.27271806156637
51.167728201194564
64.93659654850308
34.082468607124156
7.6228435626024975
-26.186675373356024
30.97551351884647
30.762623397075686
-4.718546025261048
-80.77946935743296
-28.99620716861193
-8.538336054331126
26.178082476140958
11.775264205484518
5.864482216325314
-45.05815640969331
-38.089208495291814
-40.001637369996274
-46.331019747716255
-65.37396966924257
-76.14383230460544
-143.87772168763945
-36.15461595878787
-2.285231721596574
192.4864211880124
-192.4864211880124
-5.293677729351657
-322.4486413521013
-187.19274345866074
-226.63998925588066
-226.63998925588066
-36.42570456172791
-17.22253177637242
-67.98318968709646
58.381944603767806
218.0518048763422
-30.362819708128086
-13.48395039696834
282.57319420451995
305.74032570963163
56.8174175193152
-56.81741752699736
56.81741752699736
-56.81741752699736
0.0
76.24147786687354
-22.608629798628726
292.1410209983799
-326.95971237343986
-150.47857884521682
-35.63492260859084
-196.29980865572725
67.72781019986064
-36.64070524695103
-137.5193499011275
-63.520842577824624
-93.9698878825917
3.258610671821998
3.258610671821998
-228.01965008257025
-557.8582458704741
-270.9842580450003
-381.6246381134458
-323.0971040776186
-1256.8118182545172
-1356.3000000000002
265.8357579715989
172.55354197383872
38.43420573556887
131.9247394257195
248.76480452176497
20.662026848374808
577.3743816859565
184.42382207596665
20.662026848374808
167.2600686530833
140.9217924839827
110.40969116295423
168.28173602575725
-15.423600876673163
188.17532671187178
64.72302901861121
-4.704221073415624
-23.225054581245104
-111.08587492429592
51.13656585519402
-123.7992462605107
-30.694627465208214
26.753910865436524
-73.20434061954552
89.44412507570405
12.711153886221155
115.20221660432617
-91.51455931677236
210.2618369080351
61.24950546477976
9.192883076341559
-16.52994472422688
8.509307907399716
-109.58382798204434
-117.07493433632044
-347.2740509264326
191.37171623589245
-312.279521377397
181.896653320871
148.8056538954172
143.99640166078495
0.0
108.03830757552578
-453.5839935614994
-165.41600643850052
93.91824625454444
94.87477703430125
43.57738512455205
-67.77999999999997
125.88177495659966
-139.8106892261702
188.31999865090597
3.0674023531322305
0.0
2.9323428324024263
0.0
2.9891483467052797
0.0
0.0
0.0
0.0
0.0
6.9
3.9
0.0
0.0
0.0
0.0
0.0
0.0
2.700619969179762
0.0
2.6724420886393823
0.0
0.0
0.0
0.0
0.0
0.0
0.0
0.0
0.0
0.0
0.0
2.8305422949543715
0.0
2.8236287205518664
0.0
0.0
25.0
0.0
0.0
0.0
0.0
2.3633118331640137
0.0
1.9619318332141855
0.0
636.0
0.0
655.0
0.0
25.0
0.0
0.0
0.0
0.0
0.0
0.0
0.0
0.0
0.0
1.5381798331989307
0.0
2.8215683801261555
0.0
3.0
3.0
1.3
1.3
3.0
1.35
1.35
1.35
0.71
0.71
0.71
1.57
0.65
0.65
0.65
0.65
0.45
0.45
0.45
0.45
1.0
1.0
1.0
1.9
1.9
1.9
1.9
1.9
1.9
1.9
4.6
3.0
3.0
4.6
3.0
0.0
0.0
320.0
0.0
0.0
943.5
140.0
0.0
0.0
0.0
0.0
0.0
0.0
0.0
0.0
0.0
0.0
0.0
0.0
0.0
0.0
0.0
0.0
0.0
0.0
0.0
0.0
0.0
0.0
0.0
0.0
0.0
0.0
0.0
0.0
0.0
0.0
0.0
0.0
0.0
0.0
0.0
0.0
0.0
0.0
0.0
0.0
0.0
0.0
2.771824856774157
0.0
2.9746170137667862
0.0
2.8688649405927524
0.0
0.0
0.0
2.965373439621038
0.0
2.856797956290025
0.0
2.7579922539456927
0.0
0.0
0.0
3.9
20.0
0.0
0.0
0.0
0.0
0.0
0.0
2.9637886324941434
0.0
62.6
0.0
0.0
0.0
2.9910309841074403
0.0
3.0400001243106782
0.0
2.9797113381785625
0.0
2.8256985031337347
0.0
2.473515302491899
0.0
62.6
4.6
30.4
0.019680043687500006
0.0009917348125000002
0.0045570060625
4.76e-8
0.0051340418125
0.0
0.0
0.0
0.0
0.0
0.0
0.0
0.0
2.476554346560876
0.0
0.0
0.0
672.3
0.0
0.0
6.9
632.8214171821502
0.0
0.0
0.0
0.0
0.0
0.0
0.0
1.913059099428783
0.0
0.0
677.8
0.0
0.0
0.0
0.0
0.0
0.0
0.0
0.0
0.0
0.0
0.0
0.0
1.9006585426962648
0.0
0.010787858625
0.005272275125
0.06280576900000001
0.0683579489375
0.068287358375
0.0010539430625
0.0
0.0
0.0
0.0
0.0
0.0
2.9626378660691897
0.0
3.0955401153010804
0.0
3.141592653589793
0.0
2.4556490587987874
0.0
5.3856987531875005
0.07144308825
0.0
0.0
3.1079461330277907
0.0
0.8
0.0
0.0
0.0
2.9681663353433017
0.0
2.8296241547078385
0.0
3.0
3.0
3.0
7.5
0.0
0.1
0.4
0.48
0.24
0.49
0.05
0.05
8.4
0.0
0.0
0.0
0.0
0.0
0.0
0.0
0.0
0.0
0.0
0.0
0.0
0.0
2.6427383159765627
0.0
2.6441370610741677
0.0
21.45299911
33.898678155960326
2.16
0.0
0.0
0.0
2.6430691812995306
0.0
2.6238011447474427
0.0
2.4822772965857354
0.0
2.6261105248916445
0.0
54.0
0.0
2.6034662252852705
0.0
2.6072287546255577
0.0
0.0
7.43
0.0
0.0
2.544385347102491
0.0
2.632738652415245
0.0
2.5533432190280845
0.0
2.5030453952291296
0.0
0.0
7.43
0.0
0.0
2.439759843573478
0.0
2.3820559389912592
0.0
2.3738389054572124
0.0
0.0
98.2
0.0
82.0
0.0
0.0
0.0
0.0
2.341409061964667
0.0
2.379725346058816
0.0
2.430008333013747
0.0
2.4499841351991254
0.0
2.462357186036531
0.0
0.0
0.0
0.0
0.0
0.0
0.0
2.4304274711505123
0.0
0.0
0.0
22.0
0.0
0.0
0.0
0.0
0.0
2.4270749302048653
0.0
75.0
75.0
8.4
0.0
0.0
0.0
2.422710309874521
0.0
2.414584914758306
0.0
2.434150237585646
0.0
97.98
97.98
46.7
0.0
0.0
0.0
2.327258627580873
0.0
2.232701588987438
0.0
97.98
97.98
27.07
0.0
0.0
0.0
2.213325934665855
0.0
0.0
97.98
0.0
0.0
2.2124442488356184
0.0
2.2532517212510097
0.0
2.2149061739317553
0.0
636.0
6.91
8.4
8.4
0.0
0.0
0.0
0.0
2.158785114859132
0.0
596.4
77.0
0.0
0.0
2.133319453449884
0.0
2.1923992333136457
0.0
2.193124221016407
0.0
74.05
74.05
87.71
87.71
0.0
0.0
0.0
0.0
0.0
0.0
2.2979465980885454
0.0
25.6
0.0
2.6901378287012685
0.0
2.671712036193062
0.0
0.0
0.0
2.5782854826527526
0.0
2.671712036193062
0.0
0.0
0.0
2.7876341180930106
0.0
2.6544981106547727
0.0
77.0
60.8
0.0
0.0
0.0
0.0
2.4836416206903182
0.0
60.8
41.55
0.0
8.4
0.0
0.0
0.0
0.0
2.2596323590036
0.0
2.267959243179101
0.0
2.2589312145567373
0.0
140.0
27.07
80.67
80.67
0.0
0.0
0.0
0.0
2.1926069566318063
0.0
2.1929415507267382
0.0
5.7544640891875
95.78117900500001
12.948233199374998
0.0
0.0
0.0
2.0628631176983605
0.0
1.8578798414826805
0.0
1.4994402012552923
0.0
0.0
0.0
0.0
0.0
0.0
0.0
0.0
0.0
1.2920388685417796
0.0
-0.25407215375351955
0.0
688.3
668.0
0.0
0.0
-3.067038354019626
0.0
1.5627147469889549
0.0
336.5
595.0
0.0
0.0
1.5900548247009327
0.0
0.0
0.0
0.0
9.5
0.0
0.0
0.0
0.0
1.8377406886406895
0.0
0.0
0.0
0.0
0.0
0.0
0.0
1.8551742047519006
0.0
0.0
0.0
0.0
0.0
0.0
0.0
0.0
0.0
0.0
0.0
1.8816998417105761
0.0
2.023891041964408
0.0
2.105096144197663
0.0
2.178497882169493
0.0
2.16237784183852
0.0
2.187084318278078
0.0
2.166082331474289
0.0
110.0
41.55
41.55
7.43
0.0
0.0
0.0
0.0
1.961156094273865
0.0
0.0
100.0
100.0
100.0
0.0
0.0
0.0
0.0
0.0
224.93831285625
0.0
0.0
0.0
0.0
0.0
0.0
0.0
0.0
0.0
0.0
2.0328425420016645
0.0
2.0486061926561625
0.0
1.9460850966978622
0.0
1.2
1.2
1.6
1.6
1.6
1.6
0.95
0.95
0.95
0.95
1.88
1.88
3.75
2.29
2.29
1.2
3.0
3.0
1.6
0.9
0.9
3.0
1.88
0.0
0.0
0.0
0.0
0.0
0.0
0.0
0.0
0.0
0.0
0.0
0.0
0.0
0.0
0.0
0.0
0.0
0.0
0.0
0.0
0.0
0.0
0.0
0.0
0.0
2.1426154777770368
0.0
0.0
0.0
2.1568253348287847
0.0
0.0
0.0
0.0
0.0
2.115268980621561
0.0
2.051216750586419
0.0
33.0
0.0
751.1
0.0
0.6
1.54
1.6
1.3
1.3
0.0
0.0
0.0
0.0
0.0
0.0
0.0
0.0
0.0
1.479523818475469
0.0
2.249646379383103
0.0
2.3019735149682248
0.0
0.0
0.0
2.4115972704993647
0.0
0.0
0.0
0.0
0.0
0.0
0.0
0.0
0.0
0.0
0.0
0.0
0.0
0.0
0.0
0.0
0.0
0.0
0.0
2.4115972704993647
0.0
0.0
1.3
3.1
0.0
0.0
1.35
4.65
0.0
0.0
0.0
0.0
0.0
0.0
0.0
0.0
0.0
0.0
0.0
2.4805977775173327
0.0
619.0
0.0
2.622872060241283
0.0
3.0265652910847276
0.0
3.0312744492541395
0.0
40.71
27.07
0.0
0.0
2.190379131015886
0.0
2.947365836036189
0.0
2.5866784869864485
0.0
-135.19471544511453
-184.56133590966715
-353.10627241324073
-293.2465352379911
292.77815986599705
-33.23833847571359
-1316.0
1157.7912189903473
-1316.0
175.7971089224601
218.6602514731212
-253.79348647354345
-260.58112920621676
-135.82718120695154
-152.3643052498869
209.36885585613652
137.25612987057752
-3.7821498142997143
49.491537961243466
101.8862104178736
-474.55648886611016
-54.86157820806784
407.5175813248113
55.258319704527366
41.85396598563193
65.12067128554736
-71.0115266856426
-158.77611859497654
-221.49886832465495
6.176918838767847
-700.5702538288947
32.46219039776747
643.9133537510229
155.44122713527395
48.83620178790579
779.2350391506261
183.20878100965297
645.3378096022325
223.8988349800852
-101.65111951412922
429.0121707107887
-141.90842398982238
7.3224758583223775
-109.12321938355694
-141.0091773826141
-10.469409555660718
-40.91733668147049
-144.9457816596414
1.2345721007658312
-201.45926835062392
377.39692847839206
2.1786605133640933
-12.10411872670852
49.31155146125593
-37.428594391075876
7.725932935623177
-32.28463288489229
-46.55067223674928
-32.35347733707226
-5.948639834012056
-55.824443706425654
-46.67076080523941
-45.436145340147846
-34.87880323608431
-65.03500324254969
-62.840955147007435
-62.840955147007435
-86.9012544429122
-64.21751187285122
50.9525054427171
64.67100076581664
33.97245269404766
7.567615190987567
-26.171897446038884
30.80221770729952
30.5905186220034
-4.741924958478194
-80.80797148806278
-28.904770398356277
-8.411382104870995
26.01460350651041
11.842575266077233
5.760646135562183
-44.99295402132043
-38.02855868253812
-39.937942378365506
-46.25407907008105
-65.21175075278904
-75.95512861380939
-143.52336533716198
-36.109340728086295
-2.344909122894933
191.72773659627546
-191.72773659627546
-5.896415171926492
-328.0853770171361
-185.83132142434897
-226.43047720093682
-226.43047720093682
-36.29577769748312
-17.13249189910573
-68.82611192445893
58.206679670098424
214.6194134829675
-30.276940569410613
-13.414340702130744
283.3037218477548
308.8119926072079
51.90364085286251
-51.9036408598804
51.9036408598804
-51.9036408598804
0.0
73.69334043068932
-25.276395779223776
292.2553381520877
-327.92120056121405
-151.3576092532311
-37.93489018307628
-197.5316416612045
67.15229173764487
-37.00011730714118
-138.19670591431532
-63.833716545842435
-94.2105936132204
-0.9043083647875392
-0.9043083647875392
-230.6790637512488
-559.2995257377429
-271.54518199913423
-382.32498173058855
-323.5590212910442
-1257.000831163301
-1356.3000000000002
265.3685082916286
172.26355847918353
38.398985549916006
131.74779996373968
248.43115739186942
20.853488174725726
577.5148852253624
184.4687014481283
20.853488174725726
167.67830218344045
141.3900648641138
110.93593204681133
169.12842847438606
-16.6094037340697
187.76363047002963
65.91679819487717
-5.912889032100452
-24.559838108124495
-112.35478755149984
51.23481365082307
-124.57517619750661
-29.46990919901191
27.916922534901005
-74.43563657993695
88.17521244850025
12.491006857112552
115.17934704790093
-91.53669282430548
209.09130626494152
60.77587883293427
8.970869350664202
-16.828613634560043
8.023671870935232
-109.93744501332503
-117.09731268494488
-347.4017279285361
191.14850468170653
-312.4005093321268
181.69144299226832
148.36282002270218
143.86319623451573
0.0
107.8132922155753
-448.9042979925687
-170.09570200743133
95.4231302903404
92.62696783916294
45.28036701176711
-67.77999999999997
125.38641376110218
-140.99713860344502
189.40600420870464
3.0503313372215732
0.0
2.916727612980207
0.0
2.971970624440237
0.0
0.0
0.0
11.14
0.0
6.9
3.9
0.0
0.0
0.0
0.0
0.0
0.0
2.681766920433504
0.0
2.6541310280252643
0.0
0.0
0.0
0.0
0.0
0.0
0.0
0.0
0.0
0.0
0.0
2.8137491983882414
0.0
2.8076759931434445
0.0
0.0
50.0
0.0
0.0
0.0
0.0
2.344633435684649
0.0
1.9345193040909177
0.0
636.0
0.0
655.0
25.0
28.636497196708433
0.0
0.0
0.0
0.0
0.0
0.0
0.0
0.0
0.0
1.501546351977991
0.0
2.806194825027455
0.0
3.0
3.0
1.3
1.3
3.0
1.35
1.35
1.35
0.71
0.71
0.71
1.57
0.65
0.65
0.65
0.65
0.45
0.45
0.45
0.45
1.0
1.0
1.0
1.9
1.9
1.9
1.9
1.9
1.9
1.9
4.6
3.0
3.0
4.6
3.0
0.0
0.0
320.0
0.0
0.0
943.5
140.0
0.0
0.0
0.0
0.0
0.0
0.0
0.0
0.0
0.0
0.0
0.0
0.0
0.0
0.0
0.0
0.0
0.0
0.0
0.0
0.0
0.0
0.0
0.0
0.0
0.0
0.0
0.0
0.0
0.0
0.0
0.0
0.0
0.0
0.0
0.0
0.0
0.0
0.0
0.0
0.0
0.0
0.0
2.7573985190003665
0.0
2.9637658542007506
0.0
2.8597641361391375
0.0
0.0
0.0
2.9716064230605888
0.0
2.848228683463434
0.0
2.763135527681392
0.0
0.0
0.0
3.9
20.0
0.0
0.0
0.0
0.0
0.0
0.0
2.970480511860025
0.0
62.6
0.0
0.0
0.0
2.999933866264235
0.0
3.0498476228733864
0.0
2.9906055733413943
0.0
2.838109631395067
0.0
2.4887888968953824
0.0
62.6
4.6
30.4
0.0180724131875
0.0012645678125
0.0056082783125
4.969375e-8
0.0054312405625
0.0
0.0
0.0
0.0
0.0
0.0
0.0
0.0
2.520916947584257
0.0
0.0
0.0
672.3
0.0
0.0
6.9
712.0
0.0
0.0
0.0
0.0
0.0
0.0
0.0
1.8920239961688132
0.0
0.0
677.8
0.0
0.0
0.0
0.0
0.0
0.0
0.0
0.0
0.0
0.0
0.0
0.0
1.8884494542286507
0.0
0.008051586312500001
0.005550327625
0.0605730414375
0.06799297700000001
0.068584651625
0.00146582275
0.0
0.0
0.0
0.0
0.0
0.0
2.9590241375677158
0.0
3.0934645794064224
0.0
3.141592653589793
0.0
2.463310055982869
0.0
5.1131361425625
0.059108768749999985
0.0
0.0
3.1088624668934344
0.0
0.8
0.0
0.0
0.0
2.9698663745338436
0.0
2.85165397683088
0.0
3.0
3.0
3.0
7.5
0.0
0.1
0.4
0.48
0.24
0.49
0.05
0.05
8.4
0.0
0.0
0.0
0.0
0.0
0.0
0.0
0.0
0.0
0.0
0.0
0.0
0.0
2.6800895755487613
0.0
2.6738239192543025
0.0
58.95299911
53.84867815637055
2.16
0.0
0.0
0.0
2.67061930147929
0.0
2.663936303383986
0.0
2.5341396872724955
0.0
2.6833326711958456
0.0
54.0
0.0
2.6704755094976385
0.0
2.682053481475462
0.0
0.0
7.43
0.0
0.0
2.6409810410335552
0.0
2.7013664572234415
0.0
2.6677236651296816
0.0
2.6342547701646666
0.0
0.0
7.43
0.0
0.0
2.5835685767620946
0.0
2.535063991104076
0.0
2.521630650077536
0.0
0.0
98.2
0.0
82.0
0.0
0.0
0.0
0.0
2.490286480248896
0.0
2.529693203629302
0.0
2.5812847538006594
0.0
2.6015721580181195
0.0
2.6148740969479096
0.0
0.0
0.0
0.0
0.0
0.0
0.0
2.5836970341750423
0.0
0.0
0.0
22.0
0.0
0.0
0.0
0.0
0.0
2.580676400148116
0.0
75.0
75.0
8.4
0.0
0.0
0.0
2.576129761053723
0.0
2.5665441762347987
0.0
2.5863306077234967
0.0
97.98
97.98
46.7
0.0
0.0
0.0
2.484762952492442
0.0
2.391856098545121
0.0
97.98
97.98
27.07
0.0
0.0
0.0
2.3727164795196884
0.0
0.0
97.98
0.0
0.0
2.371349195725589
0.0
2.412757130791319
0.0
2.3754484148858674
0.0
636.0
6.91
8.4
8.4
0.0
0.0
0.0
0.0
2.3221907780479274
0.0
596.4
77.0
0.0
0.0
2.2905380247323848
0.0
2.350368889014037
0.0
2.3788227564964437
0.0
74.05
74.05
87.71
87.71
0.0
0.0
0.0
0.0
0.0
0.0
2.48963750146304
0.0
25.6
0.0
2.8561480820879046
0.0
2.8272277776488455
0.0
0.0
0.0
2.680589614331061
0.0
2.8272277776488455
0.0
0.0
0.0
2.9773777652030695
0.0
2.852139795513799
0.0
77.0
60.8
0.0
0.0
0.0
0.0
2.702990991055451
0.0
60.8
41.55
0.0
8.4
0.0
0.0
0.0
0.0
2.510587673214765
0.0
2.519490057992284
0.0
2.5116312235653586
0.0
140.0
27.07
80.67
80.67
0.0
0.0
0.0
0.0
2.448738633691468
0.0
2.403513328513027
0.0
5.7222899686875
96.673545201875
12.372103307062499
0.0
0.0
0.0
2.387678561643792
0.0
2.2141348524507425
0.0
1.9044562211916238
0.0
0.0
0.0
0.0
0.0
0.0
0.0
0.0
0.0
1.7207810132569001
0.0
0.17449604489005166
0.0
688.3
668.0
0.0
0.0
-2.638470155376055
0.0
2.035374144059066
0.0
0.0
595.0
0.0
0.0
2.0936003364049407
0.0
0.0
0.0
0.0
9.5
0.0
0.0
0.0
0.0
2.294853831277397
0.0
0.0
100.0
0.0
0.0
0.0
0.0
2.2531446266289583
0.0
0.0
0.0
0.0
0.0
0.0
0.0
0.0
0.0
0.0
0.0
2.3168827745707503
0.0
2.4195592608334575
0.0
2.4667141175097864
0.0
2.52410647841093
0.0
2.4879634339113146
0.0
2.478863960765999
0.0
2.4586909259702097
0.0
110.0
41.55
41.55
7.43
0.0
0.0
0.0
0.0
2.2868840513806337
0.0
0.0
100.0
100.0
100.0
0.0
0.0
0.0
0.0
0.0
225.56583196875002
0.0
0.0
0.0
0.0
0.0
0.0
0.0
0.0
0.0
0.0
2.386037380508192
0.0
2.4368677766637745
0.0
2.365633654962741
0.0
1.2
1.2
1.6
1.6
1.6
1.6
0.95
0.95
0.95
0.95
1.88
1.88
3.75
2.29
2.29
1.2
3.0
3.0
1.6
0.9
0.9
3.0
1.88
0.0
0.0
0.0
0.0
0.0
0.0
0.0
0.0
0.0
0.0
0.0
0.0
0.0
0.0
0.0
0.0
0.0
0.0
0.0
0.0
0.0
0.0
0.0
0.0
0.0
2.495350525630169
0.0
0.0
0.0
2.509297263172928
0.0
0.0
0.0
0.0
0.0
2.467640899059166
0.0
2.4035795103329693
0.0
33.0
0.0
751.1
0.0
0.6
1.54
1.6
1.3
1.3
0.0
0.0
0.0
0.0
0.0
0.0
0.0
0.0
0.0
1.8317209206572507
0.0
2.601900891887695
0.0
2.6541838083878453
0.0
0.0
0.0
2.7637316196622805
0.0
0.0
0.0
0.0
0.0
0.0
0.0
0.0
0.0
0.0
0.0
0.0
0.0
0.0
0.0
0.0
0.0
0.0
0.0
2.7637316196622805
0.0
0.0
1.3
3.1
0.0
0.0
1.35
4.65
0.0
0.0
0.0
0.0
0.0
0.0
0.0
0.0
0.0
0.0
0.0
2.832624378439821
0.0
619.0
0.0
2.627570712098784
0.0
3.025804389907698
0.0
3.0301150107882098
0.0
40.71
27.07
0.0
0.0
2.376077666495922
0.0
2.93227764975566
0.0
2.794489025932565
0.0
-133.73746170293612
-184.81300183981682
-346.31444118384866
-294.295922598217
295.58920439953033
-29.198102140318383
-1344.6364971967084
1159.1670124930893
-1344.6364971967084
180.85451247963283
222.96744431149318
-248.96074502023112
-258.651126530644
-134.1075658999198
-147.87492397093047
215.55544345172598
144.78870882414174
3.208088731660041
57.35501893178366
108.90907006453256
-477.0501037485765
-47.247726701429315
410.58412712745906
59.743112384035385
42.66133043512923
71.89706396893143
-69.77862138465366
-157.21231127701168
-219.69857515351976
65.30091602776793
-745.95612590821
9.357439633502281
654.6013137252921
157.24028281533663
51.03719425294969
772.7460611899451
235.46948470361917
668.4425603664977
221.19445886366975
-98.88273925561623
417.2397897807441
-141.1127840663787
14.360578760282806
-96.42479600455084
-129.49161567583496
-31.417821324841952
-19.894599340533432
-132.1955446785317
-35.33684354675768
-171.84332086405539
346.1243096739063
18.29846019957529
3.892384591210657
131.16598388017178
-21.251506939399405
23.77406976561781
-16.117195881077805
-30.424029955294714
-13.709369231018172
12.657276427096576
-37.146387294187434
-37.37919867225037
-38.192587132145945
-32.77138978015705
-71.64401736828802
-46.654662778642546
-46.654662778642546
-77.40230640601908
-62.067663033217286
52.40255768503414
66.42209748310552
34.50238812272437
8.135742464609507
-25.5549694844741
32.32199097363889
32.09984671152472
-4.272466799043059
-79.23846201483525
-30.11019267677034
-9.922965647508818
27.500725824392134
10.559882677144287
7.017877499739143
-43.14613243951021
-36.40111894853544
-38.228790189258234
-44.44552718468731
-64.07369237618138
-74.69764865223715
-141.77495573614874
-36.55419396814375
-3.636393069299629
186.54357952725877
-186.54357952725877
-10.193788680912803
-214.9583257937345
-176.34979084634597
-217.35414096634577
-217.35414096634577
-37.06934448984907
-17.931886078231628
-85.54798194331033
58.946664318284206
353.94986530323104
-16.35222809235222
-0.20030209439437385
299.4993107534722
288.59100836488096
81.46564628316082
-81.46564629417583
81.46564629417583
-81.46564629417583
0.0
91.63241353949502
-2.84275643571209
297.1330278932246
-308.4679056145356
-130.0022417889267
20.742744308618512
-170.86149190826222
71.79342562486613
-32.2083378173304
-127.52379282516449
-58.90384716622293
-89.33606513318853
122.23055454975884
122.23055454975884
-144.0904004895142
-473.5162596597097
-234.60502368865775
-333.34718865648824
-286.5447860784944
-1257.1422507336692
-1356.3000000000002
308.42463805305897
215.50249893661476
81.77836003503239
107.0497313117105
201.85907207237142
-49.89139312832333
442.14344195670947
141.22861363085462
50.10860687167667
121.08076210031095
94.82996388470701
64.41920312958007
132.2404628807351
21.552088034821963
189.2167401444285
24.452608052934465
32.2540975233635
9.215085443021394
-78.57018558715515
23.44223929754571
-139.0978224137598
-66.07503565192599
-10.281890561272235
-40.58857288547301
121.95981441284482
40.27765146824822
87.21087728344776
-63.60189437897657
208.21551454407745
60.42151110629766
8.804758549538406
-17.052077890274177
7.660318700645803
-110.2020214856966
-117.11405617864784
-347.49725593717676
190.98149766458084
-312.4910325915574
181.53790450279234
148.0314914566959
143.76353185563846
0.0
107.6449355899075
-450.38144708947766
-168.61855291052234
91.40198589914303
95.93910014006474
41.448277695568095
-67.77999999999997
124.91366482770786
-119.8560698153371
168.19491704275356
