2.903409515020715
0.0
2.7981544643943996
0.0
2.840712123257573
0.0
0.0
0.0
0.0
0.0
0.0
0.0
0.0
0.0
0.0
0.0
0.0
0.0
2.6091268841940423
0.0
2.585701897777718
0.0
0.0
0.0
0.0
0.0
0.0
0.0
0.0
0.0
0.0
0.0
2.71471917157627
0.0
2.7107112783341423
0.0
0.0
0.0
0.0
0.0
0.0
0.0
2.3323777164734594
0.0
1.990081334404394
0.0
636.0
0.0
486.28322003886
0.0
0.0
0.0
0.0
0.0
0.0
0.0
0.0
0.0
0.0
0.0
1.6287061375388712
0.0
2.7085928779120234
0.0
3.0
3.0
1.3
1.3
3.0
1.35
1.35
1.35
0.71
0.71
0.71
1.57
0.65
0.65
0.65
0.65
0.45
0.45
0.45
0.45
1.0
1.0
1.0
0.0
0.0
0.0
0.0
0.0
0.0
1.9
4.6
3.0
3.0
4.6
3.0
0.0
0.0
0.0
0.0
0.0
943.5
140.0
0.0
0.0
0.0
0.0
0.0
0.0
0.0
0.0
0.0
0.0
0.0
0.0
0.0
0.0
0.0
0.0
0.0
0.0
0.0
0.0
0.0
0.0
0.0
0.0
0.0
0.0
0.0
0.0
0.0
0.0
0.0
0.0
0.0
0.0
0.0
0.0
0.0
0.0
0.0
0.0
0.0
0.0
2.6720835961937537
0.0
2.828084224847526
0.0
2.7461838921738737
0.0
0.0
0.0
2.8150268466642023
0.0
2.741265184158971
0.0
2.6670905209594338
0.0
0.0
0.0
0.0
20.0
0.0
0.0
0.0
0.0
0.0
0.0
2.8271548625167426
0.0
0.0
0.0
0.0
0.0
2.8464108550549803
0.0
2.9465349487246417
0.0
2.9433019860103506
0.0
2.872188029465777
0.0
2.676639019984747
0.0
0.0
4.6
30.4
0.47488317368750005
3.0660347896875
0.0005192763125
6.95625e-7
0.2500217663125
0.0
0.0
0.0
0.0
0.0
0.0
0.0
0.0
2.549174118020086
0.0
0.0
0.0
0.0
0.0
0.0
0.0
0.0
0.0
0.0
0.0
0.0
0.0
0.0
0.0
2.515051103376134
0.0
0.0
677.8
0.0
0.0
0.0
0.0
0.0
0.0
0.0
0.0
0.0
0.0
0.0
0.0
2.306477991383842
0.0
0.034428419187499996
0.9408010852500001
3.6677792228125
2.634821894375
3.24046322375
1.2256662033125
0.0
0.0
0.0
0.0
0.0
0.0
3.075800468147742
0.0
3.141592653589793
0.0
3.1345426003376495
0.0
2.419823487935556
0.0
0.0
0.6630623530625
0.0
0.0
3.0926197909483673
0.0
0.8
0.0
0.0
0.0
3.0263674474707862
0.0
2.6184249079165376
0.0
3.0
3.0
3.0
0.0
0.0
0.1
0.4
0.48
0.24
0.49
0.05
0.05
0.0
0.0
0.0
0.0
0.0
0.0
0.0
0.0
0.0
0.0
0.0
0.0
0.0
0.0
2.376371348255086
0.0
2.3811150894423925
0.0
0.0
0.0
2.16
0.0
0.0
0.0
2.382224562529329
0.0
2.357258356968541
0.0
2.2405512834795847
0.0
2.296712280120361
0.0
54.0
0.0
2.244843724853359
0.0
2.222802991893216
0.0
0.0
7.43
0.0
0.0
2.1087681679096555
0.0
2.2681579535066207
0.0
2.063370287361697
0.0
1.9729034674973924
0.0
0.0
7.43
0.0
0.0
1.8859593717884175
0.0
1.8156911189480285
0.0
1.827307523016228
0.0
0.0
98.2
0.0
82.0
0.0
0.0
0.0
0.0
1.800932163159434
0.0
1.8131098534379753
0.0
1.8309625050683769
0.0
1.84095437979959
0.0
1.8375484203907977
0.0
0.0
0.0
0.0
0.0
0.0
0.0
1.8052693898384273
0.0
0.0
0.0
22.0
0.0
0.0
0.0
0.0
0.0
1.7984246367151098
0.0
75.0
75.0
8.4
0.0
0.0
0.0
1.796621866833621
0.0
1.8106675465099267
0.0
1.8215512402575769
0.0
97.98
97.98
46.7
0.0
0.0
0.0
1.7066901804816856
0.0
1.647811587651658
0.0
97.98
97.98
27.07
0.0
0.0
0.0
1.6317870964366321
0.0
0.0
97.98
0.0
0.0
1.645248233579105
0.0
1.660633693816413
0.0
1.6367702292242
0.0
636.0
6.91
8.4
0.0
0.0
0.0
0.0
0.0
1.6063517189647918
0.0
0.0
77.0
0.0
0.0
1.6821582651204618
0.0
1.6811402640956459
0.0
1.5587516345470398
0.0
74.05
74.05
87.71
87.71
0.0
0.0
0.0
0.0
0.0
0.0
1.6274879857151436
0.0
0.0
0.0
2.0959407256585934
0.0
2.1350410547746517
0.0
0.0
0.0
2.333296244611308
0.0
2.1350410547746517
0.0
0.0
0.0
2.0552061704186695
0.0
1.9135733982975953
0.0
77.0
60.8
0.0
0.0
0.0
0.0
1.6776477207646927
0.0
60.8
41.55
8.4
0.0
0.0
0.0
0.0
0.0
1.4099919551298266
0.0
1.4113252287445937
0.0
1.3955890433193847
0.0
140.0
27.07
80.67
80.67
0.0
0.0
0.0
0.0
1.3210888093397433
0.0
1.474821755714549
0.0
37.124721963125005
60.2066026825
42.176374979375005
0.0
0.0
0.0
1.1158930997074474
0.0
0.9674206133445438
0.0
0.7111917935654217
0.0
100.0
0.0
0.0
0.0
0.0
0.0
0.0
0.0
0.5653831772166189
0.0
-0.202895631387912
0.0
688.3
0.0
0.0
0.0
-1.6304298315229568
0.0
0.6737598520116244
0.0
0.0
595.0
0.0
0.0
0.6457713559905844
0.0
0.0
0.0
0.0
0.0
0.0
0.0
0.0
0.0
0.7705650282715979
0.0
100.0
0.0
0.0
0.0
0.0
0.0
0.7329547585740022
0.0
0.0
0.0
0.0
0.0
0.0
0.0
0.0
0.0
0.0
0.0
0.8029295635234623
0.0
0.9093429781826412
0.0
0.9745621228562085
0.0
1.076369362072393
0.0
1.1350147239113877
0.0
1.2327693632676704
0.0
1.1467607606742716
0.0
110.0
41.55
41.55
7.43
0.0
0.0
0.0
0.0
0.825778136752422
0.0
0.0
0.0
100.0
100.0
0.0
0.0
0.0
0.0
0.0
193.34855793125
0.0
0.0
0.0
0.0
0.0
0.0
0.0
0.0
0.0
0.0
0.7933296205305989
0.0
0.849152572620441
0.0
0.8239728541035292
0.0
1.2
1.2
1.6
1.6
1.6
1.6
0.95
0.95
0.95
0.95
1.88
1.88
3.75
2.29
2.29
1.2
0.0
0.0
1.6
0.9
0.9
3.0
1.88
0.0
0.0
0.0
0.0
0.0
0.0
0.0
0.0
0.0
0.0
0.0
0.0
0.0
0.0
0.0
0.0
0.0
0.0
0.0
0.0
0.0
0.0
0.0
0.0
0.0
0.7386456067434981
0.0
0.0
0.0
0.5958257448767883
239.04194010796274
0.0
0.0
0.0
0.0
0.5719460551474365
0.0
0.5295291494157688
0.0
0.0
0.0
751.1
0.0
0.6
1.54
0.0
0.0
0.0
0.0
0.0
0.0
0.0
0.0
0.0
0.0
0.0
0.0
-0.061817090213966974
0.0
0.6873061061861172
0.0
0.7328192492572696
0.0
0.0
0.0
0.8347531551515952
0.0
0.0
0.0
0.0
0.0
0.0
0.0
0.0
0.0
0.0
0.0
0.0
0.0
0.0
0.0
0.0
0.0
0.0
0.0
0.8347531551515956
0.0
0.0
1.3
0.0
0.0
0.0
1.35
4.65
0.0
0.0
0.0
0.0
0.0
0.0
0.0
0.0
0.0
0.0
0.0
0.8786015972514853
0.0
619.0
0.0
2.5512238477950024
0.0
3.095219613466819
0.0
3.1027900698991946
0.0
40.71
27.07
0.0
0.0
1.556006544546518
0.0
2.811103721128368
0.0
1.8117889138568914
0.0
-105.36041103724733
-147.87120698617548
-293.5461956744998
-236.12057914140314
238.92087742383944
-19.268717511460068
-1122.28322003886
948.7797052442165
-1122.28322003886
144.57266527851084
180.1920530044763
-186.2718454894566
-204.6605002782432
-105.39282941488727
-113.61082984057919
163.46285489446507
104.80947097601995
-5.34262609815346
35.304079224397356
82.9515442960926
-338.5270610426196
-41.18526552239973
316.95909222438513
39.05880839547649
85.57614843552233
79.65484363173618
-3.8079655071587695
-73.31335725878137
-122.98679841377441
-259.0750039673066
-201.984895760766
546.0029109494712
344.01801518870525
76.94992447554353
-7.476196449339795
637.2861676790853
173.50351479464325
131.79708905052848
272.25161227059016
-126.65501325003447
303.3204054384919
-67.26126238755535
-65.47419955935982
-158.04014368777058
-190.29939546782828
10.877187127240404
-48.00147379980626
-183.92010629809533
21.84035177201156
-203.3296944929648
311.2188626761199
-57.11894042189715
-66.91347149284957
-331.98556383391264
-85.73314920251346
-45.25817855522803
-74.35822783377671
-84.4702399831773
-83.45055669918668
-64.37441686183308
-100.40712522674238
-64.1180646783389
-55.32933294496695
-31.03272421805866
-23.614329261750413
-95.30526462245177
-95.30526462245177
-92.45769050390851
-52.228435365210316
16.193737072010435
21.919957597790017
16.992984235670065
-2.083155601683643
-26.45822176270383
1.5007704769620887
1.4904559035040847
-9.681404700581538
-90.54997912105739
-11.938873386816113
14.540041067575316
-1.8226171104442983
25.8068047774658
-13.089380820334668
-42.99136910507377
-35.82935711214543
-37.628320645657595
-42.50901586743191
-40.60592608886225
-49.93538936586606
-118.69993491959235
-4.569258595593055
35.800896654367534
119.31732296106384
-119.31732296106384
-18.593779060173347
-643.2044265100326
-100.72354390089049
-129.2425441324683
-129.2425441324683
16.93120712794564
30.676949159406377
204.88255720002417
-1.0029566747195986
-297.5005276109532
-67.74770814646877
-53.53215353068981
185.77392209639083
368.86042515084773
-110.141772125395
110.14177214028655
-110.1417721402866
110.14177214028655
0.0
-30.789535328127954
-129.33853005128026
234.4962398080811
-348.8491923892298
-180.84849030033877
-215.34260453970205
-251.91667994271472
10.752206570661087
-64.49256322219753
-183.30545522811917
-84.66966265891529
-105.82419595994486
-415.49444970734385
-415.49444970734385
-344.7817767102484
-405.1091032446059
-194.11274226312253
-271.6469163124315
-227.47054025340958
-624.6169175790255
-688.3000000000002
106.25164195992511
46.467155362206995
-39.30968542217988
66.37961291330862
125.16917981033612
-44.98836088966948
311.2043713833541
99.4043058330285
55.01163911033052
125.4875172847594
108.62820210846394
89.09719220444629
234.57889215862122
-102.23850848632003
36.07853623709582
184.6405075127093
-94.56043480525443
-161.41485987091733
-240.44207406959185
-3.2542179632268926
-312.4698315896287
107.21272731667273
110.45721962873961
-197.44756433416956
-39.91207406959177
44.23371797696393
37.64452698416687
-22.481891534036322
-104.16002627416401
-96.81562531429904
-90.16405420690603
-102.58433944629502
-115.19671227525993
-63.173782364660156
-77.54461742961678
-346.3186586473468
164.0968009447729
-323.14002163685126
158.03174676472065
53.01023077801062
133.7715300445119
0.0
68.5131907810786
-384.93911347846154
-234.06088652153858
112.50353920200291
36.423214230916756
72.7928503083939
-67.77999999999997
99.30008924099593
-211.61015476216687
246.58307552134863
2.890281901060982
0.0
2.785143706742236
0.0
2.827806978783549
0.0
0.0
0.0
0.0
0.0
0.0
0.0
0.0
0.0
0.0
0.0
0.0
0.0
2.597128216575989
0.0
2.5738113749377156
0.0
0.0
0.0
0.0
0.0
0.0
0.0
0.0
0.0
0.0
0.0
2.702167060040435
0.0
2.6980404121657955
0.0
0.0
0.0
0.0
0.0
0.0
0.0
2.3217326713832227
0.0
1.9794362893141573
0.0
636.0
0.0
486.28322003886
0.0
0.0
0.0
0.0
0.0
0.0
0.0
0.0
0.0
0.0
0.0
1.6180610924486354
0.0
2.695921544030128
0.0
3.0
3.0
1.3
1.3
3.0
1.35
1.35
1.35
0.71
0.71
0.71
1.57
0.65
0.65
0.65
0.65
0.45
0.45
0.45
0.45
1.0
1.0
1.0
0.0
0.0
0.0
0.0
0.0
0.0
1.9
4.6
3.0
3.0
4.6
3.0
0.0
0.0
0.0
0.0
0.0
943.5
140.0
0.0
0.0
0.0
0.0
0.0
0.0
0.0
0.0
0.0
0.0
0.0
0.0
0.0
0.0
0.0
0.0
0.0
0.0
0.0
0.0
0.0
0.0
0.0
0.0
0.0
0.0
0.0
0.0
0.0
0.0
0.0
0.0
0.0
0.0
0.0
0.0
0.0
0.0
0.0
0.0
0.0
0.0
2.6592998902952916
0.0
2.8149241804626266
0.0
2.7330520558821787
0.0
0.0
0.0
2.8012782548999535
0.0
2.729210893297198
0.0
2.657177888424017
0.0
0.0
0.0
0.0
20.0
0.0
0.0
0.0
0.0
0.0
0.0
2.8151429463833004
0.0
0.0
0.0
0.0
0.0
2.8327216811908613
0.0
2.939622286242347
0.0
2.9414989291099136
0.0
2.8763936388848226
0.0
2.6908940165254327
0.0
0.0
4.6
30.4
0.46029410593750003
2.9570638384375
0.0003070213125
7.83125e-7
0.2376364090625
0.0
0.0
0.0
0.0
0.0
0.0
0.0
0.0
2.5778040553169834
0.0
0.0
0.0
0.0
0.0
0.0
0.0
0.0
0.0
0.0
0.0
0.0
0.0
0.0
0.0
2.519605897861962
0.0
0.0
677.8
0.0
0.0
0.0
0.0
0.0
0.0
0.0
0.0
0.0
0.0
0.0
0.0
2.3070808927113635
0.0
0.014220211437499998
0.925258793
3.4920232015625
2.500101463625
3.072161124
1.1976495700625
0.0
0.0
0.0
0.0
0.0
0.0
3.0774538911240636
0.0
3.141592653589793
0.0
3.132920734569944
0.0
2.4115294570247663
0.0
0.0
0.6250631383125
0.0
0.0
3.0905285963122484
0.0
0.8
0.0
0.0
0.0
3.0283041640632904
0.0
2.594284553740799
0.0
3.0
3.0
3.0
0.0
0.0
0.1
0.4
0.48
0.24
0.49
0.05
0.05
0.0
0.0
0.0
0.0
0.0
0.0
0.0
0.0
0.0
0.0
0.0
0.0
0.0
0.0
2.3417438354275086
0.0
2.3458999435704353
0.0
0.0
0.0
2.16
0.0
0.0
0.0
2.347172375723492
0.0
2.3212422901274703
0.0
2.2314424434898257
0.0
2.2093243686764357
0.0
54.0
0.0
2.1281286215535955
0.0
2.08263332553884
0.0
0.0
7.43
0.0
0.0
1.9035609370276259
229.29636260801018
2.2467340092078496
0.0
2.061204017268377
0.0
1.9778020523321782
0.0
0.0
7.43
0.0
0.0
1.8983385699488728
0.0
1.836755133728043
0.0
1.8371676332306999
0.0
0.0
98.2
0.0
82.0
0.0
0.0
0.0
0.0
1.810115183785312
0.0
1.8266455248326654
0.0
1.849742080206119
0.0
1.8610264344142244
0.0
1.861202703958531
0.0
0.0
0.0
0.0
0.0
0.0
0.0
1.8315855388473405
0.0
0.0
0.0
22.0
0.0
0.0
0.0
0.0
0.0
1.8259792382902233
0.0
75.0
75.0
8.4
0.0
0.0
0.0
1.8234847793132944
0.0
1.8319502494617481
0.0
1.8437819847476202
0.0
97.98
97.98
46.7
0.0
0.0
0.0
1.7478563092923602
0.0
1.6942973077092516
0.0
97.98
97.98
27.07
0.0
0.0
0.0
1.6789962430988163
0.0
0.0
97.98
0.0
0.0
1.6907685160078634
0.0
1.7082304801445298
0.0
1.687698962452381
0.0
636.0
6.91
8.4
0.0
0.0
0.0
0.0
0.0
1.6665031664268648
0.0
0.0
77.0
0.0
0.0
1.720860176883372
0.0
1.723015546539843
0.0
1.6443037550025057
0.0
74.05
74.05
87.71
87.71
0.0
0.0
0.0
0.0
0.0
0.0
1.7203204185806982
0.0
0.0
0.0
2.1844052354864862
0.0
2.2183436512971486
0.0
0.0
0.0
2.390425759591599
0.0
2.2183436512971486
0.0
0.0
0.0
2.159235972452038
0.0
2.0227070599357067
0.0
77.0
60.8
0.0
0.0
0.0
0.0
1.8055088974004594
0.0
60.8
41.55
8.4
0.0
0.0
0.0
0.0
0.0
1.5648449026490674
0.0
1.5673683378954744
0.0
1.5539672225148404
0.0
140.0
27.07
80.67
80.67
0.0
0.0
0.0
0.0
1.4861933662812854
0.0
1.5884675687754202
0.0
37.124814923125
60.9164215875
41.651045069375
0.0
0.0
0.0
1.3236253932132342
0.0
1.185555610168235
0.0
0.9454554715511572
0.0
100.0
0.0
0.0
0.0
0.0
0.0
0.0
0.0
0.8074904074553704
0.0
0.03916995825759928
0.0
688.3
0.0
0.0
0.0
-1.3883642418774453
0.0
0.9303807305099658
0.0
0.0
595.0
0.0
0.0
0.9125784253319562
0.0
0.0
0.0
0.0
0.0
0.0
0.0
0.0
0.0
1.0395854501715611
0.0
100.0
0.0
0.0
0.0
0.0
0.0
1.0049204684426716
0.0
0.0
0.0
0.0
0.0
0.0
0.0
0.0
0.0
0.0
0.0
1.0793766206371895
0.0
1.1834108268221595
0.0
1.246590381485638
0.0
1.3278803295973587
0.0
1.3607033771028592
0.0
1.4289846713186165
0.0
1.3728592536744202
0.0
110.0
41.55
41.55
7.43
0.0
0.0
0.0
0.0
1.107084213945928
0.0
0.0
0.0
100.0
100.0
0.0
0.0
0.0
0.0
0.0
189.55282708125003
0.0
0.0
0.0
0.0
0.0
0.0
0.0
0.0
0.0
0.0
1.120495812274367
0.0
1.1545274064558102
0.0
1.1100480116716742
0.0
1.2
1.2
1.6
1.6
1.6
1.6
0.95
0.95
0.95
0.95
1.88
1.88
3.75
2.29
2.29
1.2
0.0
0.0
1.6
0.9
0.9
3.0
1.88
0.0
0.0
0.0
0.0
0.0
0.0
0.0
0.0
0.0
0.0
0.0
0.0
0.0
0.0
0.0
0.0
0.0
0.0
0.0
0.0
0.0
0.0
0.0
0.0
0.0
1.1269463959305002
0.0
0.0
0.0
1.0823568845598475
0.0
0.0
0.0
0.0
0.0
1.021113218757855
0.0
0.957669565141515
0.0
0.0
0.0
751.1
0.0
0.6
1.54
0.0
0.0
0.0
0.0
0.0
0.0
0.0
0.0
0.0
0.0
0.0
0.0
0.3767959467893789
0.0
1.124428851230343
0.0
1.1650086518221574
0.0
0.0
0.0
1.2538995831120534
0.0
0.0
0.0
0.0
0.0
0.0
0.0
0.0
0.0
0.0
0.0
0.0
0.0
0.0
0.0
0.0
0.0
0.0
0.0
1.2538995831120534
0.0
0.0
1.3
0.0
0.0
0.0
1.35
4.65
0.0
0.0
0.0
0.0
0.0
0.0
0.0
0.0
0.0
0.0
0.0
1.2977222315816999
0.0
619.0
0.0
2.542841311393202
0.0
3.0969154838736204
0.0
3.1044554770095782
0.0
40.71
27.07
0.0
0.0
1.641558665001984
0.0
2.797967751110267
0.0
1.929714140801991
0.0
-105.24343775639727
-147.34651480291018
-292.19099795464035
-235.18111466548305
237.69571317219913
-19.839653244730357
-1122.28322003886
944.1149945710104
-1122.28322003886
143.59495268577973
179.0471687786876
-186.84517210455306
-204.29190976907518
-105.3169303051609
-113.94271139978622
162.79430427480474
104.31706589365422
-5.583439264837693
34.98779436668974
83.82614266114501
-329.7491223056031
-39.99611597962439
312.80209500015985
35.656662897016076
91.3680385054522
79.80565048485914
2.2104156281651512
-67.11885589879932
-116.6664291549821
-229.8576447096351
-214.1101483293387
556.3481809969176
342.2380326675791
75.01609643351799
-9.19609652103702
633.1145140067629
178.16822546784977
121.45181900308216
277.2557312079646
-128.07292523907427
292.63672812050663
-63.17201241085354
-65.09897622673941
-166.39365044941349
-198.7764557770223
12.47482503043841
-49.61298480437267
-192.283284231278
20.255747375339865
-218.1015456971113
239.46625773032633
-105.58294476343781
-114.94861223899738
-333.494469535829
-134.20784648537546
-93.41949898772435
-122.71458170106257
-132.64621370471457
-75.60309369797665
-56.51982523283243
-92.56599878348743
-58.60138818480846
-48.490894661877064
-32.36557498312823
-42.6239199083692
-28.930573757378625
-28.930573757378625
-90.15423040117997
-53.5692068279061
21.981836498436678
28.92474191302665
19.191078583985018
0.10781011884068903
-24.276364843829924
7.429188601797364
7.378128887641765
-7.929703758291225
-84.82470717508045
-16.51959587297347
8.763426651576879
3.9587497231092357
21.011599820971924
-8.28942344628581
-36.51514590318095
-30.130864550022352
-31.64371130272923
-36.20154263442896
-36.93724247037062
-45.906710797990854
-113.34121933032225
-6.290181284853475
31.309236459228487
102.65758846074732
-102.65758846074732
-32.47283341245884
-572.9607272661553
-70.18475504828848
-97.12187912518198
-97.12187912518198
13.803514162166493
27.56156455721998
146.91083908780274
2.1235169029769168
-138.74632140224367
-41.91314440104793
-27.714433704352018
205.4504421258216
365.4211156723877
-95.60117126941702
95.6011712823431
-95.60117128234305
95.6011712823431
0.0
-19.024386269045976
-114.67955713532228
247.85790273563202
-336.2781096199047
-162.61080727030844
-153.93615438759934
-229.04560146119763
20.350284245139164
-54.92260402250611
-162.1681162141217
-74.9062251136711
-96.26968211912993
-276.4167635280653
-276.4167635280653
-282.78957740592676
-376.72519242266594
-181.8940444126979
-255.4494613016725
-215.2341092853569
-624.650771719872
-688.3000000000002
120.48070888163284
60.7445190058113
-25.003237609164444
67.55692810401092
127.3891924065365
-41.465289156189556
330.2934560829956
105.50170480310408
58.534710843810444
122.68184691427598
105.83149420703239
86.31086705319342
187.30402787160153
-68.95054351083525
69.95846017540089
131.31529988294392
-61.25127942827555
-104.93899315156636
-184.03356909336117
13.938709027600225
-217.40442967025797
60.00557131134565
77.15400477552703
-140.98516279910632
16.496430906638807
26.966397923666364
54.868320287002916
-39.71374534488518
12.28682601321816
-18.6955528000384
-28.149944046543624
-65.12810903094805
-71.10316468562587
-162.02027992991032
-115.98474153533698
-352.08594094595884
146.96391535607393
-317.41727776964234
140.90208537922683
70.02382083373539
116.65476547183846
0.0
68.47288823382212
-379.85573761959495
-239.14426238040505
112.10999968290707
36.43938715137608
72.49993399669268
-67.77999999999997
99.04847201267796
-193.33247221127516
228.31846212055586
1.3536119157172326
0.0
1.2487519900857222
0.0
1.2912721641098832
0.0
0.0
0.0
0.0
0.0
0.0
0.0
0.0
0.0
0.0
0.0
0.0
0.0
1.061094202495017
0.0
1.037804379062841
0.0
0.0
0.0
0.0
0.0
0.0
0.0
0.0
0.0
0.0
0.0
1.165922690399781
0.0
1.1618312902608672
0.0
0.0
0.0
0.0
0.0
0.0
0.0
0.7860710509372923
0.0
0.44377466886822736
0.0
636.0
0.0
486.28322003886
0.0
0.0
0.0
0.0
0.0
0.0
0.0
0.0
0.0
0.0
0.0
0.08239947200270503
0.0
1.1598963627866166
0.0
3.0
3.0
1.3
1.3
3.0
1.35
1.35
1.35
0.71
0.71
0.71
1.57
0.65
0.65
0.65
0.65
0.45
0.45
0.45
0.45
1.0
1.0
1.0
0.0
0.0
0.0
0.0
0.0
0.0
1.9
4.6
3.0
3.0
4.6
3.0
0.0
0.0
0.0
0.0
0.0
943.5
140.0
0.0
0.0
0.0
0.0
0.0
0.0
0.0
0.0
0.0
0.0
0.0
0.0
0.0
0.0
0.0
0.0
0.0
0.0
0.0
0.0
0.0
0.0
0.0
0.0
0.0
0.0
0.0
0.0
0.0
0.0
0.0
0.0
0.0
0.0
0.0
0.0
0.0
0.0
0.0
0.0
0.0
0.0
1.1232240494450672
0.0
1.2796771705121168
0.0
1.198062928567504
0.0
0.0
0.0
1.2696061416127025
0.0
1.1932858354823654
0.0
1.1221058207836343
0.0
0.0
0.0
0.0
20.0
0.0
0.0
0.0
0.0
0.0
0.0
1.2817908164893366
0.0
0.0
0.0
0.0
0.0
1.3013950575006819
0.0
1.4015810940151407
0.0
1.3987643799718192
0.0
1.3284558697589048
0.0
1.1346135650285207
0.0
0.0
4.6
30.4
0.44887108343750004
2.8869136594375
0.00023466656250000005
7.76125e-7
0.22605459656250002
0.0
0.0
0.0
0.0
0.0
0.0
0.0
0.0
1.0097850502982908
0.0
0.0
0.0
0.0
0.0
0.0
0.0
0.0
0.0
0.0
0.0
0.0
0.0
0.0
0.0
0.9719002870369042
0.0
0.0
677.8
0.0
0.0
0.0
0.0
0.0
0.0
0.0
0.0
0.0
0.0
0.0
0.0
0.763280150786918
0.0
0.017096118937499998
0.91034237825
3.3296772630625
2.377283433875
2.92013608275
1.1637746855625
0.0
0.0
0.0
0.0
0.0
0.0
1.5305573812367594
0.0
1.5957942328787524
0.0
1.5885212231543875
0.0
0.8765197812087848
0.0
0.0
0.6314717463125
0.0
0.0
1.546713166451342
0.0
0.8
0.0
0.0
0.0
1.481219239904803
0.0
1.0764472409216683
0.0
3.0
3.0
3.0
0.0
0.0
0.1
0.4
0.48
0.24
0.49
0.05
0.05
0.0
0.0
0.0
0.0
0.0
0.0
0.0
0.0
0.0
0.0
0.0
0.0
0.0
0.0
0.8382082189835058
0.0
0.8429991879442507
0.0
0.0
0.0
2.16
0.0
0.0
0.0
0.844097863315127
0.0
0.8191791587310453
0.0
0.7027380855033067
0.0
0.7602364324920119
0.0
54.0
0.0
0.7092680702586378
0.0
0.6879527943784973
0.0
0.0
7.43
0.0
0.0
0.5758833468430056
0.0
0.7328328768317953
0.0
0.5321479642325828
0.0
0.4431743202605207
0.0
0.0
7.43
0.0
0.0
0.35730685762909387
0.0
0.2877767996985052
0.0
0.29900869404525343
0.0
0.0
98.2
0.0
82.0
0.0
0.0
0.0
0.0
0.27271860801400605
0.0
0.2850532298365551
0.0
0.30309703447833014
0.0
0.31314044720431244
0.0
0.30985090190029485
0.0
0.0
0.0
0.0
0.0
0.0
0.0
0.2776330957486266
0.0
0.0
0.0
22.0
0.0
0.0
0.0
0.0
0.0
0.27082422726282385
0.0
75.0
75.0
8.4
0.0
0.0
0.0
0.2690000566902575
0.0
0.2828697452461908
0.0
0.2937942610883555
0.0
97.98
97.98
46.7
0.0
0.0
0.0
0.17938091407808887
0.0
0.12056552287890909
0.0
97.98
97.98
27.07
0.0
0.0
0.0
0.1045449196560142
0.0
0.0
97.98
0.0
0.0
0.11797047856259901
0.0
0.13339830336131842
0.0
0.10957311646262857
0.0
636.0
6.91
8.4
0.0
0.0
0.0
0.0
0.0
0.07926318661654053
0.0
0.0
77.0
0.0
0.0
0.15462585644554494
0.0
0.15374005611754704
0.0
0.03365288561772273
0.0
74.05
74.05
87.71
87.71
0.0
0.0
0.0
0.0
0.0
0.0
0.10243212884703734
0.0
0.0
0.0
0.567104834104561
0.0
0.6052947434052802
0.0
0.0
0.0
0.7989337200948459
0.0
0.6052947434052802
0.0
0.0
0.0
0.5282809057966675
0.0
0.38786628165537307
0.0
77.0
60.8
0.0
0.0
0.0
0.0
0.15457989790964888
0.0
60.8
41.55
8.4
0.0
0.0
0.0
0.0
0.0
-0.10937789300701573
0.0
-0.10788211678296111
0.0
-0.12331436964463105
0.0
140.0
27.07
80.67
80.67
0.0
0.0
0.0
0.0
-0.196962772675783
0.0
-0.04778830839554571
0.0
37.124738665625
61.2869081725
41.168297166875
0.0
0.0
0.0
-0.39839393473486506
0.0
-0.5459148912731662
0.0
-0.8006447394380602
0.0
100.0
0.0
0.0
0.0
0.0
0.0
0.0
0.0
-0.9457050959409772
0.0
-1.7140584534547487
0.0
688.3
0.0
0.0
0.0
-3.141592653589793
0.0
-0.8359223517498511
0.0
0.0
595.0
0.0
0.0
-0.8628307195894025
0.0
0.0
0.0
0.0
0.0
0.0
0.0
0.0
0.0
-0.7379010080069084
0.0
100.0
0.0
0.0
0.0
0.0
0.0
-0.7751485133730638
0.0
0.0
0.0
0.0
0.0
0.0
0.0
0.0
0.0
0.0
0.0
-0.7046217512110746
0.0
-0.5983482973469032
0.0
-0.5332246160690608
0.0
-0.43348057656634387
0.0
-0.3773693008892911
0.0
-0.2823658754365561
0.0
-0.36525701965190827
0.0
110.0
41.55
41.55
7.43
0.0
0.0
0.0
0.0
-0.6808164210854368
0.0
0.0
0.0
100.0
100.0
0.0
0.0
0.0
0.0
0.0
185.91895495625002
0.0
0.0
0.0
0.0
0.0
0.0
0.0
0.0
0.0
0.0
-0.7087433059202208
0.0
-0.6553203693669802
0.0
-0.6825589397225662
0.0
1.2
1.2
1.6
1.6
1.6
1.6
0.95
0.95
0.95
0.95
1.88
1.88
3.75
2.29
2.29
1.2
0.0
0.0
1.6
0.9
0.9
3.0
1.88
0.0
0.0
0.0
0.0
0.0
0.0
0.0
0.0
0.0
0.0
0.0
0.0
0.0
0.0
0.0
0.0
0.0
0.0
0.0
0.0
0.0
0.0
0.0
0.0
0.0
-0.7767667108303167
0.0
0.0
0.0
-0.8322739402046464
0.0
0.0
0.0
0.0
0.0
-0.9119272512164387
0.0
-0.9575400657948387
0.0
0.0
0.0
751.1
0.0
0.6
1.54
0.0
0.0
0.0
0.0
0.0
0.0
0.0
0.0
0.0
0.0
0.0
0.0
-1.547361310257269
0.0
-0.8818379299317392
0.0
-0.8712562256925347
0.0
0.0
0.0
-0.8617274911503454
0.0
0.0
0.0
0.0
0.0
0.0
0.0
0.0
0.0
0.0
0.0
0.0
0.0
0.0
0.0
0.0
0.0
0.0
0.0
-1.0285478615597325
220.95413294947969
0.0
1.3
0.0
0.0
0.0
1.35
4.65
0.0
0.0
0.0
0.0
0.0
0.0
0.0
0.0
0.0
0.0
0.0
-0.8179252272350204
0.0
619.0
0.0
1.006218034052302
0.0
1.5497962664624607
0.0
1.5573401740015251
0.0
40.71
27.07
0.0
0.0
0.030907795617201028
0.0
1.2615639768287226
0.0
0.2873280322158589
0.0
-104.96489052192715
-147.02771605271647
-291.8524239434364
-234.69239355550474
237.25613212442568
-19.67019297680872
-1122.28322003886
942.8214536386536
-1122.28322003886
143.60779111231864
179.02050401528777
-187.10363948572558
-203.7791243693718
-105.03007166551015
-113.5507082976626
163.85883408732548
105.8541430302156
-4.12071558913658
36.68882720119825
84.00693766755307
-337.52933821512806
-39.52249567172805
316.20791232014096
39.76519475068915
85.62909103791401
80.68252763478768
-3.3176843868584456
-72.48300021587579
-121.91339919954879
-253.71649332875393
-203.39159748952034
546.1260111004954
342.7344136109748
76.30041125925379
-7.712629611809916
632.953710335601
179.46176640020644
131.6739888995046
271.66176945472137
-126.30832839738235
300.6120337042174
-66.49129596040211
-65.34853155276232
-155.27242820816446
-187.5250358391637
10.771327165863681
-47.9276241807853
-181.17470576478343
21.976284821944432
-202.43681115185427
310.509528646116
-55.606345507632454
-65.42326694367466
-321.8179550358906
-84.2452268328658
-43.76853362734414
-72.88782699885019
-83.01440557728006
-81.77869298866972
-62.68610478767732
-98.74988228371728
-63.32408748255409
-54.74807711048072
-30.84558919776839
-24.0931066951988
-93.85905226303316
-93.85905226303316
-91.64285604614668
-52.059576304705615
16.40242263584355
22.1740339155873
17.08063388663163
-2.0119543143607643
-26.408037827704447
1.7005147868414952
1.6888274002926664
-9.630648494760635
-90.3983147604286
-12.080599817790244
14.357855642823893
-1.6294661121764875
25.666878249711772
-12.938488719064367
-42.848749093644415
-35.70483769391251
-37.49754920643761
-42.37410249916718
-40.562338757243765
-49.890662950544424
-118.67113497788091
-4.625747443634964
35.7062736865837
119.12593449344922
-119.12593449344922
-18.76192838499105
-632.3274836820067
-100.36400610845817
-128.5013619011097
-128.5013619011097
16.814393523177273
30.572288508471956
203.68289145214658
-0.8727096827768719
-285.06438124261194
-66.71874400630077
-52.55755529697558
185.889846586163
365.88401988635087
-107.5772092660419
107.577209280587
-107.577209280587
107.577209280587
0.0
-29.345372870084134
-127.11954075198656
233.96242032113173
-345.8488279072466
-178.34985873389684
-209.71289292459528
-248.74646058010626
12.062711484264696
-63.24693796171118
-180.58738075131555
-83.41417111477995
-104.61420881759193
-403.174227828775
-403.174227828775
-338.82302677302016
-402.51284178635115
-192.9771577068525
-270.12851667716444
-226.30320820091686
-624.6775264483281
-688.3000000000002
107.63014136793913
47.90426378861821
-37.79265145943964
66.45197424388107
125.30562845774784
-44.55443226347427
313.28508592900744
100.06892369854245
55.44556773652573
125.32246917744237
108.47919945610295
88.96677772937221
229.82497576904518
-99.12446606029931
39.66912046691709
179.35019005051504
-91.438011558477
-155.82800645501214
-234.88041184746749
-1.3971371893454716
-302.6184307718096
102.58002866570143
107.34850335306282
-191.89178004603087
-34.35041184746751
42.331962401308715
39.46835687439818
-24.320152104368958
-129.56839032114067
-60.55423248849013
-35.042442786095535
-83.17571716276984
-108.64487330584655
-210.7230450443568
-83.3872295811866
-347.23172623168045
42.80131051401008
-322.3066909443827
36.742028605998485
-46.86198583195903
12.504900973951635
-220.95413294947969
68.44103736769523
-385.00925821898943
-233.99074178101046
112.05396495632124
36.14411978201292
72.53757248810382
-67.77999999999997
98.8142338474446
-209.01922960377044
244.02230569432743
1.1170742120767923
0.0
1.01232345704652
0.0
1.0549414004973503
0.0
0.0
0.0
0.0
0.0
0.0
0.0
0.0
0.0
0.0
0.0
0.0
0.0
0.8256065415731224
0.0
0.8024172098808502
0.0
0.0
0.0
0.0
0.0
0.0
0.0
0.0
0.0
0.0
0.0
0.9299204890391009
0.0
0.925718868210196
0.0
0.0
0.0
0.0
0.0
0.0
0.0
0.5518413695793121
0.0
0.20954498751024664
0.0
636.0
0.0
486.28322003886
0.0
0.0
0.0
0.0
0.0
0.0
0.0
0.0
0.0
0.0
0.0
-0.1518302093552757
0.0
0.9237840786713472
0.0
3.0
3.0
1.3
1.3
3.0
1.35
1.35
1.35
0.71
0.71
0.71
1.57
0.65
0.65
0.65
0.65
0.45
0.45
0.45
0.45
1.0
1.0
1.0
0.0
0.0
0.0
0.0
0.0
0.0
1.9
4.6
3.0
3.0
4.6
3.0
0.0
0.0
0.0
0.0
0.0
943.5
140.0
0.0
0.0
0.0
0.0
0.0
0.0
0.0
0.0
0.0
0.0
0.0
0.0
0.0
0.0
0.0
0.0
0.0
0.0
0.0
0.0
0.0
0.0
0.0
0.0
0.0
0.0
0.0
0.0
0.0
0.0
0.0
0.0
0.0
0.0
0.0
0.0
0.0
0.0
0.0
0.0
0.0
0.0
0.8870071235224657
0.0
1.043113621539991
0.0
0.9615261911546913
0.0
0.0
0.0
1.0325070351999575
0.0
0.9577448314825929
0.0
0.8885518299030171
0.0
0.0
0.0
0.0
20.0
0.0
0.0
0.0
0.0
0.0
0.0
1.0462962163012444
0.0
0.0
0.0
0.0
0.0
1.0643523997585884
0.0
1.1708040889385316
0.0
1.1727129990070013
0.0
1.1079626487781002
0.0
0.9234174494650125
0.0
0.0
4.6
30.4
0.4374480609375
2.8167634804375
0.00016231181250000006
7.69125e-7
0.2144727840625
0.0
0.0
0.0
0.0
0.0
0.0
0.0
0.0
0.8119011855897025
0.0
0.0
0.0
0.0
0.0
0.0
0.0
0.0
0.0
0.0
0.0
0.0
0.0
0.0
0.0
0.7517265363124537
0.0
0.0
677.8
0.0
0.0
0.0
0.0
0.0
0.0
0.0
0.0
0.0
0.0
0.0
0.0
0.5394552521208316
0.0
0.0199720264375
0.8954259635
3.1673313245625003
2.254465404125
2.7681110415
1.1298998010625
0.0
0.0
0.0
0.0
0.0
0.0
1.307671204485942
0.0
1.3713738236587414
0.0
1.3625964725734514
0.0
0.6444750206872429
0.0
0.0
0.6378803543125
0.0
0.0
1.320353434893459
0.0
0.8
0.0
0.0
0.0
1.2586013189522793
0.0
0.8297580611719502
0.0
3.0
3.0
3.0
0.0
0.0
0.1
0.4
0.48
0.24
0.49
0.05
0.05
0.0
0.0
0.0
0.0
0.0
0.0
0.0
0.0
0.0
0.0
0.0
0.0
0.0
0.0
0.5818378096149348
0.0
0.586087458527206
0.0
0.0
0.0
2.16
0.0
0.0
0.0
0.5873366215709517
0.0
0.561525156542444
0.0
0.46997347822609736
0.0
0.4550746574376463
0.0
52.96566634221553
0.0
0.3769825520885801
0.0
0.3337244560471646
0.0
0.0
7.43
0.0
0.0
0.16080202671061405
213.64623694874746
0.4886600461390742
0.0
0.3057588411771288
0.0
0.22330712212451997
0.0
0.0
7.43
0.0
0.0
0.14435500826800007
0.0
0.08286517226455148
0.0
0.08370272486437136
0.0
0.0
98.2
0.0
82.0
0.0
0.0
0.0
0.0
0.05677839857447875
0.0
0.07316280959998389
0.0
0.09608598872006135
0.0
0.1073327685922063
0.0
0.10737408294162876
0.0
0.0
0.0
0.0
0.0
0.0
0.0
0.07762716045439877
0.0
0.0
0.0
22.0
0.0
0.0
0.0
0.0
0.0
0.07196911688242924
0.0
75.0
75.0
8.4
0.0
0.0
0.0
0.06950197270561853
0.0
0.07818391006289627
0.0
0.08999160398692929
0.0
97.98
97.98
46.7
0.0
0.0
0.0
-0.006842899469343688
0.0
-0.060730182858464765
0.0
97.98
97.98
27.07
0.0
0.0
0.0
-0.07608137961507921
0.0
0.0
97.98
0.0
0.0
-0.06422297129287013
0.0
-0.046868521790831785
0.0
-0.06760718620507333
0.0
636.0
6.91
8.4
0.0
0.0
0.0
0.0
0.0
-0.08937329182187748
0.0
0.0
77.0
0.0
0.0
-0.03391299955972249
0.0
-0.03184328337130937
0.0
-0.11144444264862985
0.0
74.05
74.05
87.71
87.71
0.0
0.0
0.0
0.0
0.0
0.0
-0.03592136693769765
0.0
0.0
0.0
0.42469979661784274
0.0
0.4581035616496112
0.0
0.0
0.0
0.6274747645869412
0.0
0.4581035616496112
0.0
0.0
0.0
0.4003085377440936
0.0
0.26462759569812544
0.0
77.0
60.8
0.0
0.0
0.0
0.0
0.04871162670185436
0.0
60.8
41.55
8.4
0.0
0.0
0.0
0.0
0.0
-0.19022895431451436
0.0
-0.18763086670610019
0.0
-0.20090302495846446
0.0
140.0
27.07
80.67
80.67
0.0
0.0
0.0
0.0
-0.26833323957109245
0.0
-0.16684922757615128
0.0
37.124662408125
61.65739475749999
40.685549264375005
0.0
0.0
0.0
-0.4301607387423205
0.0
-0.5680570084326497
0.0
-0.8078663182098484
0.0
100.0
0.0
0.0
0.0
0.0
0.0
0.0
0.0
-0.945672187624977
0.0
-1.7140584534547487
0.0
688.3
0.0
0.0
0.0
-3.141592653589793
0.0
-0.8224675038765015
0.0
0.0
595.0
0.0
0.0
-0.8399632901455916
0.0
0.0
0.0
0.0
0.0
0.0
0.0
0.0
0.0
-0.7129804877872665
0.0
100.0
0.0
0.0
0.0
0.0
0.0
-0.7475103972157631
0.0
0.0
0.0
0.0
0.0
0.0
0.0
0.0
0.0
0.0
0.0
-0.6728487283153504
0.0
-0.5687877624588245
0.0
-0.5055627264082645
0.0
-0.42479858841688056
0.0
-0.39257971616403164
0.0
-0.3248963709877999
0.0
-0.38016201335650956
0.0
110.0
41.55
41.55
7.43
0.0
0.0
0.0
0.0
-0.6446192838595626
0.0
0.0
0.0
100.0
100.0
0.0
0.0
0.0
0.0
0.0
182.28508283125
0.0
0.0
0.0
0.0
0.0
0.0
0.0
0.0
0.0
0.0
-0.6300935171610611
0.0
-0.5968073920675749
0.0
-0.6418855914707602
0.0
1.2
1.2
1.6
1.6
1.6
1.6
0.95
0.95
0.95
0.95
1.88
1.88
3.75
2.29
2.29
1.2
0.0
0.0
1.6
0.9
0.9
3.0
1.88
0.0
0.0
0.0
0.0
0.0
0.0
0.0
0.0
0.0
0.0
0.0
0.0
0.0
0.0
0.0
0.0
0.0
0.0
0.0
0.0
0.0
0.0
0.0
0.0
0.0
-0.6238169062308554
0.0
0.0
0.0
-0.6685059751237965
0.0
0.0
0.0
0.0
0.0
-0.7297874820518135
0.0
-0.7932346010766755
0.0
0.0
0.0
751.1
0.0
0.6
1.54
0.0
0.0
0.0
0.0
0.0
0.0
0.0
0.0
0.0
0.0
0.0
0.0
-1.3741708999071993
0.0
-0.6265162729055849
0.0
-0.5859532036559445
0.0
0.0
0.0
-0.4970910076812616
0.0
0.0
0.0
0.0
0.0
0.0
0.0
0.0
0.0
0.0
0.0
0.0
0.0
0.0
0.0
0.0
0.0
0.0
0.0
-0.4970910076812616
0.0
0.0
1.3
0.0
0.0
0.0
1.35
4.65
0.0
0.0
0.0
0.0
0.0
0.0
0.0
0.0
0.0
0.0
0.0
-0.45330912832025794
0.0
619.0
0.0
0.7740762083575774
0.0
1.3269522320221938
0.0
1.3344674570616748
0.0
40.71
27.07
0.0
0.0
-0.1141895326491511
0.0
1.0250191174748018
0.0
0.17224509292470414
0.0
-104.85561064080912
-146.53964994917067
-290.59312895724315
-233.8186950087309
236.1171836452795
-20.200100140259792
-1122.28322003886
938.4862932491724
-1122.28322003886
142.69990856386858
177.95728563791954
-187.6375262577967
-203.43560632302047
-104.95892310930287
-113.85807262691162
163.24150870178732
105.40179297334032
-4.339847111494123
36.40043284227011
84.81739560833307
-329.4169456946945
-38.41921242945989
312.3651216118859
36.62511857612617
90.98434972635573
80.82579837248386
2.24842175409799
-66.75293837697222
-116.06616308813545
-226.6590728946304
-214.6136414406983
555.6839900048635
341.0703485641652
74.5059873190985
-9.307901468474029
629.063941368353
183.79692678968763
122.11600999513644
276.2646225081862
-127.62247032158166
290.70587118165815
-62.692503469133726
-64.99322585972709
-162.98149037614644
-195.35003649775064
12.246696507776392
-49.421130763685255
-188.89641170751986
20.517955062061674
-216.09205391513046
244.13780887410803
-100.42499915386276
-109.8467883583649
-323.15100458352924
-129.07786008239162
-88.82565920751841
-118.13143462591671
-128.09068839039998
-74.53186836078771
-55.429960423947136
-91.51134186537212
-58.22427275209884
-48.41719370330895
-32.09115523998298
-41.73883790411685
-32.205457625225336
-32.205457625225336
-89.53157180073936
-53.31549760907956
21.787780618325883
28.69167163914028
19.127176652083335
0.025268715242759754
-24.382723348773993
7.214104455767597
7.164522983127199
-8.002890483683018
-85.08049999956415
-16.338703156967654
8.987512788995332
3.747089897613364
21.21079842026427
-8.476195733655572
-36.83822936099648
-30.416283734892772
-31.943461157941783
-36.52086022199785
-37.163643715891794
-46.15898676613142
-113.71256856126047
-6.2260043383703305
31.538320004865568
103.69332207120829
-103.69332207120829
-31.620124667742402
-567.2888134576374
-72.07319740346566
-98.68487284932553
-98.68487284932553
13.903656757407134
27.674946941477288
149.89268180609724
2.03912924971587
-137.94469266720057
-42.75973333368961
-28.611038737524837
204.11642086281017
362.693829569841
-94.0951127377665
94.09511275048885
-94.09511275048891
94.09511275048885
0.0
-18.43632567895986
-113.52638363804391
246.35160870359914
-334.1895124024262
-161.44633853038545
-152.77978948184398
-227.54204604637732
20.95231942261114
-54.394091201695346
-161.039763407573
-74.38503357918125
-95.78155481683291
-274.28111353001077
-274.28111353001077
-281.27993495749155
-376.2517589857189
-181.67371953399424
-255.14539135535222
-214.9857556494639
-624.7042811767842
-688.3000000000002
120.78890564035032
61.103408949637924
-24.572733523610168
67.54404380545839
127.36489703915731
-41.30371941885369
330.91992444941116
105.7018101320009
58.69628058114631
122.71340313073222
105.87721639604297
86.37300009567434
186.09248381575708
-68.26729483742929
70.90758977673795
130.0149714907683
-60.560097901269046
-103.54516090952404
-182.66312829391256
14.493291914679276
-214.70825991432037
58.90104616932558
76.47835614318933
-139.62653844402155
17.86687170608741
26.375693416599347
55.39022692414528
-40.24839232620445
11.955449392362425
-18.829636255037826
-28.212796017684127
-65.21266204529695
-71.24064799687392
-162.1203887289363
-115.9910768342811
-352.12208623935055
146.90072428030112
-317.45152939717457
140.8439904411248
69.89845479295116
116.61705508441958
0.0
68.40918650156834
-380.3176795286163
-238.68232047138372
111.68449847310569
36.162284169279474
72.26177922288525
-67.77999999999997
98.57999568221135
-192.063415329166
227.0835776009992
3.079763448336137
0.0
2.9678881401508317
0.0
3.0209248350004536
0.0
0.0
0.0
0.0
0.0
0.0
3.9
0.0
0.0
0.0
0.0
0.0
0.0
2.8073584376319882
0.0
2.7872121800580576
0.0
0.0
0.0
0.0
0.0
0.0
0.0
0.0
0.0
0.0
0.0
2.8978869039737916
0.0
2.887338401075863
0.0
0.0
50.0
0.0
0.0
0.0
0.0
2.5701006086395486
0.0
2.376120608663796
0.0
636.0
0.0
0.0
0.0
0.0
0.0
0.0
0.0
0.0
0.0
0.0
0.0
0.0
0.0
2.171328608656424
0.0
2.882241232038675
0.0
3.0
3.0
1.3
1.3
3.0
1.35
1.35
1.35
0.71
0.71
0.71
1.57
0.65
0.65
0.65
0.65
0.45
0.45
0.45
0.45
1.0
1.0
1.0
0.0
0.0
1.9
0.0
0.0
0.0
1.9
4.6
3.0
3.0
4.6
3.0
0.0
0.0
0.0
0.0
0.0
943.5
140.0
0.0
0.0
0.0
0.0
0.0
0.0
0.0
0.0
0.0
0.0
0.0
0.0
0.0
0.0
0.0
0.0
0.0
0.0
0.0
0.0
0.0
0.0
0.0
0.0
0.0
0.0
0.0
0.0
0.0
0.0
0.0
0.0
0.0
0.0
0.0
0.0
0.0
0.0
0.0
0.0
0.0
0.0
2.8383327151844444
0.0
2.975827579614644
0.0
2.885182997387938
0.0
0.0
0.0
2.8801909380926967
0.0
2.875016959690676
0.0
2.732849405043643
0.0
0.0
0.0
3.9
20.0
0.0
0.0
0.0
0.0
0.0
0.0
2.882763461047082
0.0
0.0
0.0
0.0
0.0
2.895467894819724
0.0
2.9621936487772764
0.0
2.9354668782512707
0.0
2.838169440389761
0.0
2.6004727380899366
0.0
0.0
4.6
30.4
0.42581493093749995
2.7503353520625002
7.374106249999999e-5
8.697499999999999e-7
0.20080882868750002
0.0
0.0
0.0
0.0
0.0
0.0
0.0
0.0
2.394581533970321
0.0
0.0
0.0
0.0
0.0
0.0
6.9
0.0
0.0
0.0
0.0
0.0
0.0
0.0
0.0
2.5006146527780153
0.0
0.0
677.8
0.0
0.0
0.0
0.0
0.0
0.0
0.0
0.0
0.0
0.0
0.0
0.0
2.322991841158723
0.0
0.023435454562499996
0.8800234837500001
2.9802038463750002
2.1118921709375
2.5912629565625
1.091478926625
0.0
0.0
0.0
0.0
0.0
0.0
3.0663201310008636
0.0
3.1396031167856613
0.0
3.141592653589793
0.0
2.5060160243913376
0.0
0.0
0.6514567624375
0.0
0.0
3.103228206112812
0.0
0.8
0.0
0.0
0.0
3.014852534466332
0.0
2.649046756834392
0.0
3.0
3.0
3.0
0.0
0.0
0.1
0.4
0.48
0.24
0.49
0.05
0.05
0.0
0.0
0.0
0.0
0.0
0.0
0.0
0.0
0.0
0.0
0.0
0.0
0.0
0.0
2.367527890814751
0.0
2.3722835063869887
0.0
0.0
0.0
2.16
0.0
0.0
0.0
2.3733934002586885
0.0
2.348398271324612
0.0
2.236580189272054
0.0
2.2659922960208227
0.0
54.0
0.0
2.2016222815021997
0.0
2.1695915024097534
0.0
0.0
7.43
0.0
0.0
2.0277876389689897
0.0
2.219969619568631
0.0
1.9576774050845307
0.0
1.846075561168158
0.0
0.0
7.43
0.0
0.0
1.7423680753139053
0.0
1.6584706758355274
0.0
1.6805536644730266
0.0
0.0
98.2
0.0
82.0
0.0
0.0
0.0
0.0
1.653317935664937
0.0
1.6649073872874292
0.0
1.6820550030557575
0.0
1.6918808414427122
0.0
1.6879684839449558
0.0
0.0
0.0
0.0
0.0
0.0
0.0
1.6552689567564052
0.0
0.0
0.0
22.0
0.0
0.0
0.0
0.0
0.0
1.6482415033235975
0.0
75.0
75.0
8.4
0.0
0.0
0.0
1.6465383976428214
0.0
1.661382277627201
0.0
1.6721494611566863
0.0
97.98
97.98
46.7
0.0
0.0
0.0
1.554318478750572
0.0
1.4944961131988475
0.0
97.98
97.98
27.07
0.0
0.0
0.0
1.478335044952515
0.0
0.0
97.98
0.0
0.0
1.4920686850651128
0.0
1.5071166828024438
0.0
1.482659793711373
0.0
636.0
6.91
8.4
0.0
0.0
0.0
0.0
0.0
1.4506033020978233
0.0
0.0
77.0
0.0
0.0
1.5298847578274337
0.0
1.5284689946595407
0.0
1.376003569240953
0.0
74.05
74.05
87.71
87.71
0.0
0.0
0.0
0.0
0.0
0.0
1.3976139100005058
0.0
320.0
0.0
1.703402700535067
0.0
1.7487691618425263
0.0
0.0
0.0
1.9787962895434514
84.34248004268284
1.7487691618425263
0.0
0.0
0.0
1.7331280188131428
0.0
1.614379442117075
0.0
77.0
60.8
0.0
0.0
0.0
0.0
1.4093712435959445
0.0
60.8
41.55
8.4
0.0
0.0
0.0
0.0
0.0
1.1861695679658482
0.0
1.1895327431062679
0.0
1.177764558274312
0.0
140.0
27.07
80.67
80.67
0.0
0.0
0.0
0.0
1.1146712656140503
0.0
1.2837148885888974
0.0
37.124767595625
62.604834537500004
39.673540844375005
0.0
0.0
0.0
0.8961717511146015
0.0
0.7421398125117049
0.0
0.4773564636021135
0.0
100.0
0.0
0.0
0.0
0.0
0.0
0.0
0.0
0.32744064351924695
0.0
-0.4410100749586805
0.0
688.3
0.0
0.0
0.0
-1.8685442750937251
0.0
0.4282763792132642
0.0
0.0
595.0
0.0
0.0
0.3952514681001347
0.0
0.0
0.0
0.0
9.5
0.0
0.0
0.0
0.0
0.48815481993215526
0.0
100.0
100.0
0.0
0.0
0.0
0.0
0.4179989934765649
0.0
0.0
0.0
0.0
0.0
0.0
0.0
0.0
0.0
0.0
0.0
0.5656547216294703
0.0
0.6916051184386331
0.0
0.7737471948718238
0.0
0.8718662992548643
0.0
0.9260161534766223
0.0
1.0250368990576693
0.0
0.9565223969788743
0.0
110.0
41.55
41.55
7.43
0.0
0.0
0.0
0.0
0.6501223538398895
0.0
0.0
100.0
100.0
100.0
0.0
0.0
0.0
0.0
0.0
177.274926025
0.0
0.0
0.0
0.0
0.0
0.0
0.0
0.0
0.0
0.0
0.6298142801148625
0.0
0.6538731333865222
0.0
0.6006673963172995
0.0
1.2
1.2
1.6
1.6
1.6
1.6
0.95
0.95
0.95
0.95
1.88
1.88
3.75
2.29
2.29
1.2
0.0
0.0
1.6
0.9
0.9
3.0
1.88
0.0
0.0
0.0
0.0
0.0
0.0
0.0
0.0
0.0
0.0
0.0
0.0
0.0
0.0
0.0
0.0
0.0
0.0
0.0
0.0
0.0
0.0
0.0
0.0
0.0
0.6331473186532541
0.0
0.0
0.0
0.5874690414884478
0.0
0.0
0.0
0.0
0.0
0.525258594329836
0.0
0.4620798918176052
0.0
0.0
0.0
751.1
0.0
0.6
1.54
0.0
1.3
1.3
0.0
0.0
0.0
0.0
0.0
0.0
0.0
0.0
0.0
-0.12143269355326014
0.0
0.6265683384275222
0.0
0.666329286009419
0.0
0.0
0.0
0.7530844128594909
0.0
0.0
0.0
0.0
0.0
0.0
0.0
0.0
0.0
0.0
0.0
0.0
0.0
0.0
0.0
0.0
0.0
0.0
0.0
0.7530844128594909
0.0
0.0
1.3
3.0999999999999996
0.0
0.0
1.35
4.65
3.25
0.0
0.0
0.0
0.0
0.0
0.0
0.0
0.0
0.0
0.0
0.7927623680108367
0.0
619.0
0.0
2.6070044337567717
0.0
3.084089496103032
0.0
3.0917656908236832
0.0
40.71
27.07
0.0
0.0
1.373258479240432
0.0
2.9759946490913194
0.0
1.5271163499970646
0.0
-111.98729548067308
-138.7703144687307
-252.45936807821613
-216.40060642208516
204.95319245294036
-50.71395624328579
-636.0
813.151952865298
-636.0
108.84127093298616
139.3387859120544
-224.02304516030563
-210.31724827326428
-114.12007488500535
-144.13437028905452
128.0250992749377
66.26631146173531
-39.13119538710271
-2.5600304077139526
43.985904669566935
-337.16597945086505
-78.9381202993435
296.8595168681795
25.76964254183588
57.03055893802173
38.77400184540329
-31.480295096164127
-100.3066369656134
-149.4947813182522
-418.478057111843
-124.822606639902
464.98118222806534
347.05857558816297
85.71109446500157
2.1097951262083825
584.6221151674463
-127.15195286529786
212.81881777193485
236.96660336562036
-115.90467514730938
359.3927114987682
-89.72149402234788
-68.16900201919907
-185.80721966094234
-213.74089231227094
10.881312468054375
-48.05882307250283
-211.72428556645616
21.886229270874537
-203.50659027586107
298.18155217742606
-77.74148613440661
-87.36666060298762
-498.95525026080986
-106.39671821366414
-65.77162030185195
-94.99160793613487
-105.03989883923214
-106.8835429818838
-87.78005427783705
-123.86442161285595
-76.48044679064378
-66.06094447089936
-32.70603748191388
-8.244384272945126
-115.93489265637379
-115.93489265637379
-103.6331319905645
-53.932136259035474
15.411504816650904
20.975961599160314
16.710609500553574
-2.392879203493294
-26.802891136601374
0.6750938031871101
0.6704539833540366
-9.93982097991659
-91.41946717119475
-11.278845567559415
15.366335382055922
-2.630678850858544
26.512488100100086
-13.776831568902708
-44.02550283779112
-36.74100354254517
-38.585740118498734
-43.52318099245758
-41.25680382795065
-50.6556225345704
-119.71161663291127
-4.32696636957462
36.52563859616566
122.28444545535513
-122.28444545535513
-16.137122236351843
-797.1368024382359
-106.14732321900328
-134.31248950707914
-134.31248950707914
17.34682236689207
31.111375721702416
214.27420469819344
-1.394840559532895
-466.24833035543793
-93.90092362572244
-78.92099557323195
58.40632638359375
240.77857522310092
-167.9656946137008
127.79284873295933
-212.13532877564217
127.79284873295933
0.0
22.468116611855407
-63.137062711710314
177.67666565901368
-292.4841790315419
-150.81194299873778
-209.35083369747167
-214.2120431132065
27.12238016457161
-48.230265707827584
-147.4191800994272
-68.09362128878774
-89.62115431828244
-456.8746567390317
-456.8746567390317
-339.9739940927968
-420.2781407319276
-200.59344615004863
-280.2021412212076
-233.87803437627718
-624.7566817037414
-688.3000000000002
98.85856440965608
39.197008429552284
-46.38330212443998
49.416676504812585
93.18290052607358
-83.91845271183729
337.4321852403482
107.78194403387761
116.08154728816271
148.52641132918347
131.70409698777758
112.21595144602497
226.0808856322535
-103.6566550298943
56.310193140955334
175.2231974447891
-95.96827258346036
-146.43413762106275
-225.50918047108973
21.749002873359245
-248.16019785186654
98.99424903973647
111.88784813152051
-182.51850104883096
-24.979180471089762
19.064067567673533
62.63448067016418
-47.505122385514824
6.348644835825553
-20.757469913580735
-28.837296189303288
-66.39306112376335
-73.24645777048272
-164.57790256695029
-115.50037022980894
-353.3832174019606
144.11058907549886
-318.85933624973865
138.05884576163908
66.15394053877401
113.85187250620015
0.0
61.99680492397795
-418.089605577464
-200.910394422536
113.13229024880627
34.33948693230741
73.80956461868902
-67.77999999999997
98.32995279259114
-181.42014993746903
216.44321028232525
