3.141592653589793
0.0
3.003281301558715
0.0
3.0603293714106536
0.0
0.0
0.0
0.0
0.0
0.0
0.0
0.0
0.0
0.0
0.0
0.0
0.0
2.7599340265240997
0.0
2.7306134633538672
0.0
0.0
0.0
0.0
0.0
0.0
0.0
0.0
0.0
0.0
0.0
2.896335624953805
0.0
2.890162449153694
0.0
0.0
0.0
0.0
0.0
0.0
0.0
2.4109201521204664
0.0
2.0977956715243673
0.0
551.6376414270153
0.0
475.0
0.0
0.0
0.0
0.0
0.0
0.0
0.0
0.0
0.0
0.0
0.0
1.7672183509729678
0.0
2.8791136591716686
0.0
0.9
0.9
0.26
0.26
0.6
0.27
0.27
0.27
0.14
0.14
0.14
0.31
0.13
0.13
0.13
0.13
0.09
0.09
0.09
0.09
0.2
0.2
0.2
1.9
1.9
1.9
1.9
1.9
1.9
0.57
1.38
0.9
0.9
1.38
0.9
0.0
0.0
170.0
0.0
0.0
943.5
140.0
0.0
0.0
0.0
0.0
0.0
0.0
0.0
0.0
0.0
0.0
0.0
0.0
0.0
0.0
0.0
0.0
0.0
0.0
0.0
0.0
0.0
0.0
0.0
0.0
0.0
0.0
0.0
0.0
0.0
0.0
0.0
0.0
0.0
0.0
0.0
0.0
0.0
0.0
0.0
0.0
0.0
0.0
2.8382575311009903
0.0
2.986078560029336
0.0
2.8766591835914266
0.0
41.627572249375
0.0
2.805894226209613
0.0
2.8558641315453537
0.0
2.602442486525371
0.0
0.0
0.0
0.0
20.0
101.61109523375
0.0
0.0
0.0
0.0
0.0
2.7756378400247037
0.0
0.0
16.853868774374998
0.0
0.0
2.8132213904518553
0.0
2.8727959438561577
0.0
2.8171005176777486
0.0
2.665579465182571
0.0
2.31425189713244
0.0
62.6
4.6
30.4
3.0918063341249997
13.6235861575
7.0179646912499996
3.7346060715625
0.46276899462500004
0.0
0.0
0.0
0.0
0.0
0.0
0.0
0.0
2.1726940035101965
0.0
0.0
0.0
522.3
0.0
0.0
0.0
56.96
0.0
0.0
0.0
0.0
0.0
0.0
0.0
2.0357008282565676
0.0
0.0
677.8
0.0
0.0
0.0
0.0
0.0
0.0
0.0
0.0
0.0
0.0
0.0
0.0
1.9453589568928429
0.0
10.0161267203125
3.3998168223749996
7.350163672999999
7.3506688331875
7.183545753312499
2.5916248849375
0.0
0.0
0.0
0.0
0.0
0.0
2.797837009514586
0.0
2.9071223740491554
0.0
2.9238725679127313
0.0
2.324879497704826
0.0
68.47553593062501
30.977541159375
0.0
0.0
2.8783280141691314
0.0
0.8
230.0915629125
0.0
0.0
2.740451851705677
0.0
2.5521720025660297
0.0
0.6
0.6
0.6
2.25
0.0
0.1
0.4
0.48
0.24
0.49
0.05
0.05
0.0
0.0
0.0
0.0
0.0
0.0
0.0
0.0
0.0
0.0
0.0
0.0
0.0
0.0
2.2438817026124234
0.0
2.248872734051014
0.0
0.0
0.0
2.16
0.0
0.0
0.0
2.250118477360269
0.0
2.222888137054987
0.0
2.0846976726297584
0.0
2.154808469634874
0.0
0.0
0.0
2.0972665827251875
0.0
2.0580657792859967
0.0
0.0
7.43
0.0
0.0
1.8922620151959162
0.0
2.0821390138085745
0.0
1.7954927338894393
0.0
1.673758916673533
0.0
0.0
7.43
0.0
0.0
1.5666294584552976
0.0
1.4872525642884877
0.0
1.4889488404789892
0.0
0.0
42.69
0.0
82.0
0.0
0.0
0.0
0.0
1.4566398335452737
0.0
1.4582051861358991
0.0
1.4618394663628909
0.0
1.4678782907260715
0.0
1.4510058620101312
0.0
0.0
0.0
161.20944234375
0.0
0.0
0.0
1.4063190818987295
0.0
0.0
0.0
22.0
4.963983510499999
0.0
0.0
0.0
0.0
1.4072817977772205
0.0
75.0
75.0
0.0
0.0
0.0
0.0
1.404903656244521
0.0
1.434937180974706
0.0
1.4432026082486562
0.0
97.98
97.98
46.7
0.0
0.0
0.0
1.3468820318761159
0.0
1.2923144298064857
0.0
97.98
97.98
27.07
0.0
0.0
0.0
1.2777003404327587
0.0
0.0
97.98
0.0
0.0
1.281878666847157
0.0
1.3114701835965414
0.0
1.2931220756805804
0.0
636.0
6.91
0.0
0.0
0.0
0.0
0.0
0.0
1.2827946567768898
0.0
446.39999999999986
77.0
0.0
0.0
1.2682756675602098
0.0
1.2920021107807713
0.0
1.2563410083454523
0.0
74.05
74.05
87.71
87.71
85.43249899
0.0
0.0
0.0
0.0
0.0
1.341650206573914
0.0
25.6
0.0
1.8670060336677388
0.0
1.8889813506316617
0.0
26.0
0.0
2.0004054929572046
0.0
1.8889813506316617
0.0
0.0
0.0
1.8789159597396576
0.0
1.7142362624469776
0.0
77.0
60.8
4.96894874375
0.0
0.0
0.0
1.4639508850506573
0.0
60.8
41.55
0.0
0.0
0.0
0.0
0.0
0.0
1.1725259148776548
0.0
1.1730496325564133
0.0
1.1542637924090187
0.0
140.0
27.07
80.67
80.67
0.0
0.0
0.0
0.0
1.068655966055351
0.0
1.19006062627754
0.0
32.127018626875
4.050296395375001
0.0
0.0
0.0
0.0
0.9218205642583523
0.0
0.7443756988908485
0.0
0.43295866347804246
0.0
0.0
0.0
0.0
0.0
0.0
0.0
0.0
0.0
0.2519483402411016
0.0
-0.9428951411595503
0.0
542.1241621129443
518.0
0.0
0.0
-3.141592653589793
0.0
0.42442095871836294
0.0
186.4999999999999
374.2
0.0
0.0
0.4004497998366574
0.0
0.0
0.0
0.0
0.0
0.0
0.0
0.0
0.0
0.5930895282467223
0.0
0.0
0.0
0.0
0.0
0.0
0.0
0.5648371768018965
0.0
0.0
0.0
0.0
0.0
321.2324567125
0.0
0.0
0.0
0.0
0.0
0.5218503454092085
0.0
0.6540932901532757
0.0
0.7311416616329316
0.0
0.8580396369756715
0.0
0.9209327414316713
0.0
1.000601632285285
0.0
0.8805851726273266
0.0
110.0
41.55
41.55
7.43
0.0
0.0
0.0
0.0
0.5434904400436951
0.0
0.0
0.0
0.0
0.0
0.0
0.0
0.0
0.0
77.86505696
164.6911959875
0.0
0.0
0.0
0.0
0.0
0.0
0.0
0.0
0.0
0.0
0.499259401571281
0.0
0.580973251772289
0.0
0.5494101509811165
0.0
0.36
0.36
0.48
0.48
0.48
0.48
0.28
0.19
0.19
0.19
0.56
0.56
3.75
0.69
0.69
0.36
0.9
0.9
0.32
0.27
0.18
0.9
0.56
0.0
0.0
0.0
0.0
0.0
0.0
0.0
0.0
0.0
0.0
0.0
0.0
0.0
0.0
0.0
0.0
0.0
0.0
0.0
0.0
0.0
0.0
0.0
0.0
0.0
0.3382109170182299
0.0
433.16654401875
0.0
0.11717628679270531
0.0
0.0
203.7541214375
0.0
0.0
0.09669321107754847
0.0
0.1344117160285796
0.0
0.0
0.0
640.1
0.0
0.0
0.0
0.0
0.0
0.0
0.0
0.0
0.0
0.0
0.0
0.0
0.0
0.0
0.0
-0.36335640327197094
0.0
0.1335513951455627
0.0
0.14621809427960963
0.0
227.0854717875
0.0
0.15398178748417557
0.0
0.0
0.0
0.0
0.0
0.0
0.0
0.0
0.0
0.0
0.0
0.0
0.0
0.0
0.0
0.0
0.0
0.0
0.0
0.15398178748417557
0.0
0.0
0.0
0.0
0.0
0.0
1.35
4.65
0.0
128.68578154375
0.0
0.0
0.0
0.0
0.0
0.0
0.0
0.0
0.0
0.1353689402650864
0.0
619.0
0.0
2.458003725862083
0.0
2.827243031737191
0.0
2.8366081762250026
0.0
40.71
27.07
0.0
0.0
1.2535959183449306
0.0
3.019481832212027
0.0
1.606421568728564
0.0
-138.44980183277266
-191.65868438169667
-367.42560361350047
-305.2925074514392
306.8928918762899
-29.678729810127265
-1026.6376414270153
1197.3532255741056
-1026.6376414270153
173.22621023247166
217.7422226328763
-208.44963300032396
-267.8957312003877
-138.7949001935399
-152.66152370579448
146.32681374941274
54.31634015614918
-73.7251775071627
-36.28972173281113
21.11103170107208
-465.5646216113555
-140.71162967324983
342.96109607257654
76.23438220807316
50.918421713027556
18.596863559063422
-65.60120871681431
-156.20727060577457
-220.96073461918843
-287.7192959513988
-348.1888360948401
236.49704544389806
467.5682093490577
127.8191397764765
17.76266581399068
715.3685279910151
-170.71558414709057
441.3029545561021
176.5102544064465
-137.59683909297524
369.6443664825663
-139.9757994006926
-76.006831520157
-203.95677141759035
-230.50189791346736
12.213169699040009
-52.28289135029195
-231.89004613036343
23.271547569197537
-223.33580375338488
368.5079051800062
-64.22610133870114
-74.7747347153329
-444.7811575820037
-95.11055687646615
-80.49446290046524
-112.02435383463467
-122.81760302293446
-116.807775025252
-96.21813729820633
-135.10967499311403
-79.00402523000935
-62.501491469679195
-41.10085607208009
-48.98036918914295
-134.86754849001932
-134.86754849001932
-116.73068985343588
-63.9782315583094
2.081585891721943
3.795352421622624
10.270109460533718
-10.319528266511952
-36.628508285909675
-17.412024788893632
-17.292354518525713
1.3616914830134874
-14.821211040964954
-15.74928167281098
31.09060529961971
-17.36418295573185
39.64694823025286
-25.920525886365
-25.921085923825785
-23.116185007217382
-24.276830277288582
-27.98877011431796
-37.63282901278512
-46.121127631210356
-108.25251387350386
-18.602073008193884
11.112570250701538
91.74053957980391
-91.74053957980391
-57.54378824458445
-813.2890627620098
-34.19675133521946
-204.96644832951665
-204.96644832951665
-6.239907929380365
8.652516182568093
-39.240511400748346
23.375806129181683
-165.33530269648168
-52.41265576422995
-35.490625607450625
230.56540064282626
413.6660055840339
-74.28626240541575
61.902301296920655
-87.90230129692065
61.902301296920655
0.0
9.002211694393282
-108.34735548243498
305.3984064356173
-405.6150179306295
-196.90876363749635
-167.4497937585054
-270.9906691395181
4.223529667391972
-76.99114814998495
-214.16484292187533
-98.92376078512416
-121.60202603163776
-328.12070333930797
-328.12070333930797
-293.91014151737363
-484.16061484068473
-235.92199653240277
-332.72118828883424
-282.3873996558187
-971.417464575718
-1060.1241621129443
169.09080243511312
85.83899398870324
-33.66735797938463
102.46794064037249
193.2193865541235
-33.79467876729586
240.39711996968504
76.78718884513728
-33.79467876729586
155.9468687994712
132.46285836838547
105.25733811938107
292.3916481996065
-81.16660694339282
-1.6751374089817546
218.40170283916495
-72.86331241737957
-174.13962353959118
-254.9347213628422
-7.657947062632047
-399.7970000982983
114.97825312515374
90.02134561125672
-213.03115702328495
-54.404721362842224
64.74948510042952
49.30197777684191
-28.181339993471056
-306.759018234633
-187.29564448731503
-139.5420645334135
-148.6262805825965
-159.32213342205193
-54.188031002665866
68.95521929269796
-251.39323187040242
52.42984932597403
-272.0044367604809
43.98159421262574
-101.61562576919772
10.188573759232327
0.0
-29.08257377982693
-479.8629922061268
-139.13700779387318
141.81565363718937
52.32276208003509
90.04946622535317
-67.77999999999997
129.445929367615
-224.14697238732896
261.89463909703795
3.141592653589793
0.0
3.003282428662706
0.0
3.0603051118069953
0.0
0.0
0.0
0.0
0.0
0.0
0.0
0.0
0.0
0.0
0.0
0.0
0.0
2.7598064721587745
0.0
2.7304726296757877
0.0
0.0
0.0
0.0
0.0
0.0
0.0
0.0
0.0
0.0
0.0
2.896277950292445
0.0
2.890124911436507
0.0
0.0
0.0
0.0
0.0
0.0
0.0
2.4106238173870924
0.0
2.0972046876170047
0.0
552.6037042926735
0.0
475.0
0.0
0.0
0.0
0.0
0.0
0.0
0.0
0.0
0.0
0.0
0.0
1.7663162948228512
0.0
2.8790778919524236
0.0
0.9
0.9
0.26
0.26
0.6
0.27
0.27
0.27
0.14
0.14
0.14
0.31
0.13
0.13
0.13
0.13
0.09
0.09
0.09
0.09
0.2
0.2
0.2
1.9
1.9
1.9
1.9
1.9
1.9
0.57
1.38
0.9
0.9
1.38
0.9
0.0
0.0
170.0
0.0
0.0
943.5
140.0
0.0
0.0
0.0
0.0
0.0
0.0
0.0
0.0
0.0
0.0
0.0
0.0
0.0
0.0
0.0
0.0
0.0
0.0
0.0
0.0
0.0
0.0
0.0
0.0
0.0
0.0
0.0
0.0
0.0
0.0
0.0
0.0
0.0
0.0
0.0
0.0
0.0
0.0
0.0
0.0
0.0
0.0
2.8382458050167134
0.0
2.986106993334901
0.0
2.876698931845735
0.0
41.238160401875
0.0
2.806045928017163
0.0
2.855884979743755
0.0
2.602484159785601
0.0
0.0
0.0
0.0
20.0
102.60279668875
0.0
0.0
0.0
0.0
0.0
2.7755055413012695
0.0
0.0
16.227408349374997
0.0
0.0
2.8133756337213853
0.0
2.8730105744301877
0.0
2.8173421596576738
0.0
2.6658370354654277
0.0
2.3145180833868064
0.0
62.6
4.6
30.4
3.178304919875
13.7543657775
7.017964472999999
3.7346058050625
0.473241608375
0.0
0.0
0.0
0.0
0.0
0.0
0.0
0.0
2.1726920880637515
0.0
0.0
0.0
522.3
0.0
0.0
0.0
56.96
0.0
0.0
0.0
0.0
0.0
0.0
0.0
2.035934089303611
0.0
0.0
677.8
0.0
0.0
0.0
0.0
0.0
0.0
0.0
0.0
0.0
0.0
0.0
0.0
1.9454888041492016
0.0
10.098392861562498
3.5247082871249997
7.347215085249999
7.3882732206875
7.223530502812499
2.6397747149375
0.0
0.0
0.0
0.0
0.0
0.0
2.798444453720845
0.0
2.907566010312081
0.0
2.924117902943424
0.0
2.3247765285738566
0.0
69.18230204562502
31.258649586875002
0.0
0.0
2.8784950066872357
0.0
0.8
227.7535609125
0.0
0.0
2.74139115959451
0.0
2.5521555047655813
0.0
0.6
0.6
0.6
2.25
0.0
0.1
0.4
0.48
0.24
0.49
0.05
0.05
0.0
0.0
0.0
0.0
0.0
0.0
0.0
0.0
0.0
0.0
0.0
0.0
0.0
0.0
2.243690415978559
0.0
2.248674860179447
0.0
0.0
0.0
2.16
0.0
0.0
0.0
2.2499216243940605
0.0
2.2226909815224216
0.0
2.0844543874752173
0.0
2.154574909918008
0.0
0.0
0.0
2.097017586421133
0.0
2.057802485781849
0.0
0.0
7.43
0.0
0.0
1.891975421612619
0.0
2.081886863721282
0.0
1.7951661760820912
0.0
1.673409753442102
0.0
0.0
7.43
0.0
0.0
1.5662544243225094
0.0
1.4868417955344704
0.0
1.4886082311727566
0.0
0.0
42.69
0.0
82.0
0.0
0.0
0.0
0.0
1.456311724938777
0.0
1.4579841635393969
0.0
1.4617583014822673
0.0
1.467836122424223
0.0
1.4510817511924987
0.0
0.0
0.0
159.99567459375
0.0
0.0
0.0
1.4064922380562503
0.0
0.0
0.0
22.0
4.7082445342499994
0.0
0.0
0.0
0.0
1.4074207943895605
0.0
75.0
75.0
0.0
0.0
0.0
0.0
1.4050276205495518
0.0
1.4349144252148083
0.0
1.4432073558867025
0.0
97.98
97.98
46.7
0.0
0.0
0.0
1.3466241647106498
0.0
1.2918893589540392
0.0
97.98
97.98
27.07
0.0
0.0
0.0
1.2772678624399836
0.0
0.0
97.98
0.0
0.0
1.281433994384125
0.0
1.3110727894828607
0.0
1.2926523878113514
0.0
636.0
6.91
0.0
0.0
0.0
0.0
0.0
0.0
1.2821738748043492
0.0
446.39999999999986
77.0
0.0
0.0
1.2677895911180155
0.0
1.2915302917234577
0.0
1.2555206683865574
0.0
74.05
74.05
87.71
87.71
85.23421111500001
0.0
0.0
0.0
0.0
0.0
1.3408247482565798
0.0
25.6
0.0
1.8663515371988852
0.0
1.8883831521611052
0.0
26.0
0.0
2.0000927491258302
0.0
1.8883831521611052
0.0
0.0
0.0
1.878124395996414
0.0
1.7133740344680657
0.0
77.0
60.8
4.712953964
0.0
0.0
0.0
1.4629862263356959
0.0
60.8
41.55
0.0
0.0
0.0
0.0
0.0
0.0
1.1710748856530566
0.0
1.171586364800465
0.0
1.1527821070408306
0.0
140.0
27.07
80.67
80.67
0.0
0.0
0.0
0.0
1.0671301190007876
0.0
1.1889911387079364
0.0
32.131726904375
4.437327453125
0.0
0.0
0.0
0.0
0.9196032072580724
0.0
0.7420837488035525
0.0
0.4305886112833379
0.0
0.0
0.0
0.0
0.0
0.0
0.0
0.0
0.0
0.24957088781412473
0.0
-0.9444577224788615
0.0
541.3707477835499
518.0
0.0
0.0
-3.141592653589793
0.0
0.4216798647337363
0.0
186.4999999999999
374.2
0.0
0.0
0.39760283150757836
0.0
0.0
0.0
0.0
0.0
0.0
0.0
0.0
0.0
0.590061629197618
0.0
0.0
0.0
0.0
0.0
0.0
0.0
0.5618594198998017
0.0
0.0
0.0
0.0
0.0
321.6889390125
0.0
0.0
0.0
0.0
0.0
0.5189488813432472
0.0
0.6513649380904774
0.0
0.7286007706384967
0.0
0.8555816183984515
0.0
0.9186786363904584
0.0
0.9986996185582209
0.0
0.8786902149428482
0.0
110.0
41.55
41.55
7.43
0.0
0.0
0.0
0.0
0.5412755526608253
0.0
0.0
0.0
0.0
0.0
0.0
0.0
0.0
0.0
77.31349021
167.39628243750002
0.0
0.0
0.0
0.0
0.0
0.0
0.0
0.0
0.0
0.0
0.4967725773986231
0.0
0.5782346883722562
0.0
0.5465548505288376
0.0
0.36
0.36
0.48
0.48
0.48
0.48
0.28
0.19
0.19
0.19
0.56
0.56
3.75
0.69
0.69
0.36
0.9
0.9
0.32
0.27
0.18
0.9
0.56
0.0
0.0
0.0
0.0
0.0
0.0
0.0
0.0
0.0
0.0
0.0
0.0
0.0
0.0
0.0
0.0
0.0
0.0
0.0
0.0
0.0
0.0
0.0
0.0
0.0
0.33632086476136935
0.0
432.90423001875
0.0
0.11573649718939238
0.0
0.0
201.8444493125
0.0
0.0
0.09551791273106991
0.0
0.13291385285122104
0.0
0.0
0.0
640.1
0.0
0.0
0.0
0.0
0.0
0.0
0.0
0.0
0.0
0.0
0.0
0.0
0.0
0.0
0.0
-0.3648024279616955
0.0
0.13244761736343102
0.0
0.14514611026598256
0.0
225.89177636250002
0.0
0.15302031652709047
0.0
0.0
0.0
0.0
0.0
0.0
0.0
0.0
0.0
0.0
0.0
0.0
0.0
0.0
0.0
0.0
0.0
0.0
0.0
0.15302031652709047
0.0
0.0
0.0
0.0
0.0
0.0
1.35
4.65
0.0
128.94518541875001
0.0
0.0
0.0
0.0
0.0
0.0
0.0
0.0
0.0
0.13417218035882916
0.0
619.0
0.0
2.458161309900179
0.0
2.828053594195339
0.0
2.837395945647991
0.0
40.71
27.07
0.0
0.0
1.2527755783860357
0.0
3.019500897444372
0.0
1.6055085186460003
0.0
-138.44867360055025
-191.715900428061
-367.5920110414677
-305.4004464092327
307.04689005540945
-29.581917578509547
-1027.6037042926735
1197.9356265302567
-1027.6037042926735
173.359621782001
217.89627902414668
-208.32697414845825
-267.91659676575307
-138.78706674392606
-152.58560713840455
146.41463936474304
54.389146858534104
-73.67474031322286
-36.23230965422886
21.15008959395982
-465.8164031841188
-140.70006661837488
342.61659709499077
76.81560328915691
50.97003479379771
18.60331397018126
-65.5693931621555
-156.19084967491847
-220.95531576918245
-288.26421810746524
-348.22999260399524
236.76776217342558
467.79776956943033
127.6275515387058
17.552378187035742
715.7413176591108
-170.331922237583
441.0322378265746
176.59043307431102
-137.83352342101568
370.2281666858935
-139.19172288249274
-75.56727697378756
-204.09198010569105
-230.64178856261628
12.223178575107909
-52.28144600018504
-232.01726988537303
23.250777672385993
-223.39823884593716
368.6309175052911
-64.26044490879599
-74.80559231740813
-445.0410020701194
-95.13607189661258
-80.52382060085733
-112.04489879596827
-122.83486234082187
-116.83809601956904
-96.2543439926896
-135.1347642540169
-79.02310406581773
-62.52962896671022
-41.08264187813484
-48.84811295310942
-134.8804014383777
-134.8804014383777
-116.71937016261143
-63.95347769744592
2.2239875007530827
3.975603316420461
10.336430172732207
-10.24732185414723
-36.5487812571007
-17.23857677368528
-17.120098585865207
1.3133752946395134
-15.336308972889015
-15.848833376845846
30.93872117449007
-17.216222629910476
39.5235355315549
-25.801036986975305
-26.10905946198193
-23.268309099047883
-24.43659239881947
-28.172673625830043
-37.74814190035613
-46.23753484942279
-108.30738157963901
-18.637013490514505
11.080138148957303
92.10200835754495
-92.10200835754495
-57.4049454219803
-813.6719195754104
-34.697062935564645
-205.13833933683077
-205.13833933683077
-6.258900580371119
8.629313965233678
-38.87644239977362
23.38985281379371
-166.58254011120198
-52.56193206491787
-35.64412860461812
230.5515672416393
413.8006212127584
-74.44484831606314
62.06088720758953
-88.06088720758959
62.06088720758953
0.0
8.898608312391616
-108.49468279454254
305.36826736875173
-405.78906777216304
-197.23739236023545
-168.06917089440958
-271.28521703633146
4.124831833922713
-77.06663016736911
-214.31910648880876
-98.99501586128417
-121.66475569976524
-329.3541073528413
-329.3541073528413
-294.80853281394093
-484.3641430453406
-235.9811647955927
-332.7789601399718
-282.3989444799522
-970.7549677402026
-1059.3707477835496
168.73429110407005
85.56759751349034
-33.81605790136632
102.37170089568167
193.0379114086768
-33.734700122537674
240.28920761941345
76.75271968835182
-33.734700122537674
156.151010312631
132.69106917314684
105.51343247514797
292.5825984696512
-81.56674869433482
-1.7444733352783715
218.73172119724825
-73.26606046090535
-174.48139264135506
-255.2692069591045
-7.51739116661679
-399.70378144006395
115.35103838295629
90.4191889041424
-213.36180869267218
-54.73920695910442
64.55000869206083
49.384560270028146
-28.285569504410205
-305.6223098234482
-186.78239224747284
-139.2578078076951
-148.18643202235057
-158.89027272542205
-53.48831868286641
68.36552124718105
-251.54116976287787
52.53158554839649
-271.97610971805943
44.09198924214934
-101.10344634299673
10.33360401716061
0.0
-29.450212762908222
-479.47790656539973
-139.52209343460027
141.60528528640998
52.56611594870719
89.83030242574523
-67.77999999999997
129.46792316520282
-224.25263164647959
261.989507906586
3.141592653589793
0.0
3.0032740886912057
0.0
3.060276585402418
0.0
0.0
0.0
0.0
0.0
0.0
0.0
0.0
0.0
0.0
0.0
0.0
0.0
2.759659119081663
0.0
2.7303111603047707
0.0
0.0
0.0
0.0
0.0
0.0
0.0
0.0
0.0
0.0
0.0
2.8962065902888092
0.0
2.890072221705079
0.0
0.0
0.0
0.0
0.0
0.0
0.0
2.410296506658625
0.0
2.09656893262817
0.0
553.6149969497421
0.0
475.0
0.0
0.0
0.0
0.0
0.0
0.0
0.0
0.0
0.0
0.0
0.0
1.7653549035984293
0.0
2.8790216335127674
0.0
0.9
0.9
0.26
0.26
0.6
0.27
0.27
0.27
0.14
0.14
0.14
0.31
0.13
0.13
0.13
0.13
0.09
0.09
0.09
0.09
0.2
0.2
0.2
1.9
1.9
1.9
1.9
1.9
1.9
0.57
1.38
0.9
0.9
1.38
0.9
0.0
0.0
170.0
0.0
0.0
943.5
140.0
0.0
0.0
0.0
0.0
0.0
0.0
0.0
0.0
0.0
0.0
0.0
0.0
0.0
0.0
0.0
0.0
0.0
0.0
0.0
0.0
0.0
0.0
0.0
0.0
0.0
0.0
0.0
0.0
0.0
0.0
0.0
0.0
0.0
0.0
0.0
0.0
0.0
0.0
0.0
0.0
0.0
0.0
2.8382140544129726
0.0
2.9860930089330404
0.0
2.876687502572408
0.0
40.844208876875
0.0
2.806050070018795
0.0
2.855868671866631
0.0
2.6024344307937444
0.0
0.0
0.0
0.0
20.0
103.48649038875
0.0
0.0
0.0
0.0
0.0
2.7752205704774973
0.0
0.0
16.393500461874996
0.0
0.0
2.8132528108073984
0.0
2.873032003782761
0.0
2.817445600700686
0.0
2.666014041516049
0.0
2.314792087784946
0.0
62.6
4.6
30.4
3.250783084625
13.8684131475
7.017958168249999
3.7345981108125
0.48272905512500003
0.0
0.0
0.0
0.0
0.0
0.0
0.0
0.0
2.172789467561893
0.0
0.0
0.0
522.3
0.0
0.0
0.0
56.96
0.0
0.0
0.0
0.0
0.0
0.0
0.0
2.036141724597286
0.0
0.0
677.8
0.0
0.0
0.0
0.0
0.0
0.0
0.0
0.0
0.0
0.0
0.0
0.0
1.9455923880014732
0.0
10.149424146562499
3.6657731378749996
7.383176432999999
7.4478178489375
7.273259135562499
2.7338062476875
0.0
0.0
0.0
0.0
0.0
0.0
2.7989608510989523
0.0
2.907956890062482
0.0
2.9243465696365494
0.0
2.3246458604900573
0.0
69.80118586312501
31.469383666875
0.0
0.0
2.878654954198968
0.0
0.8
225.6423755625
0.0
0.0
2.7422331103970787
0.0
2.5520769359700672
0.0
0.6
0.6
0.6
2.25
0.0
0.1
0.4
0.48
0.24
0.49
0.05
0.05
0.0
0.0
0.0
0.0
0.0
0.0
0.0
0.0
0.0
0.0
0.0
0.0
0.0
0.0
2.243524922913476
0.0
2.2485067228514133
0.0
0.0
0.0
2.16
0.0
0.0
0.0
2.2497536362487542
0.0
2.2225262687063863
0.0
2.0842746723244208
0.0
2.154406051910504
0.0
0.0
0.0
2.0968502576247054
0.0
2.0576349577300315
0.0
0.0
7.43
0.0
0.0
1.891819251841648
0.0
2.081719132078373
0.0
1.7950057093239806
0.0
1.6732553915386754
0.0
0.0
7.43
0.0
0.0
1.566100231967443
0.0
1.4866785839289065
0.0
1.4884803163155071
0.0
0.0
42.69
0.0
82.0
0.0
0.0
0.0
0.0
1.456193239673894
0.0
1.4579378482092178
0.0
1.4618063964724506
0.0
1.4679105522104177
0.0
1.4512364254509542
0.0
0.0
0.0
159.15989321875
0.0
0.0
0.0
1.4067134798615823
0.0
0.0
0.0
22.0
4.5471775285
0.0
0.0
0.0
0.0
1.4076167728377902
0.0
75.0
75.0
0.0
0.0
0.0
0.0
1.4052147254411853
0.0
1.4350021424822748
0.0
1.443313587798852
0.0
97.98
97.98
46.7
0.0
0.0
0.0
1.3465546822051362
0.0
1.291708414617042
0.0
97.98
97.98
27.07
0.0
0.0
0.0
1.2770822388432368
0.0
0.0
97.98
0.0
0.0
1.2812398049154972
0.0
1.3109110389020957
0.0
1.2924428299377126
0.0
636.0
6.91
0.0
0.0
0.0
0.0
0.0
0.0
1.2818651572034607
0.0
446.39999999999986
77.0
0.0
0.0
1.2675681976960407
0.0
1.291317906622007
0.0
1.2551007205632718
0.0
74.05
74.05
87.71
87.71
84.81580403000001
0.0
0.0
0.0
0.0
0.0
1.3404655304703592
0.0
25.6
0.0
1.8661135550675034
0.0
1.8881741015919342
0.0
26.0
0.0
2.0000303938016373
0.0
1.8881741015919342
0.0
0.0
0.0
1.877807745514569
0.0
1.7129946770621665
0.0
77.0
60.8
4.5517258507500005
0.0
0.0
0.0
1.46250311346361
0.0
60.8
41.55
0.0
0.0
0.0
0.0
0.0
0.0
1.1702328051966733
0.0
1.1707336428600819
0.0
1.1519125763328386
0.0
140.0
27.07
80.67
80.67
0.0
0.0
0.0
0.0
1.0662186377778813
0.0
1.188397607411356
0.0
32.093366004375
4.883389418875001
0.0016354495000000004
0.0
0.0
0.0
0.918213031214349
0.0
0.7406778096066189
0.0
0.4291867602305719
0.0
0.0
0.0
0.0
0.0
0.0
0.0
0.0
0.0
0.24819425904402959
0.0
-0.9453753000827083
0.0
540.928328495334
518.0
0.0
0.0
-3.141592653589793
0.0
0.42015028883795313
0.0
186.4999999999999
374.2
0.0
0.0
0.3960791218978099
0.0
0.0
0.0
0.0
0.0
0.0
0.0
0.0
0.0
0.5884194777342691
0.0
0.0
0.0
0.0
0.0
0.0
0.0
0.5602801817588814
0.0
0.0
0.0
0.0
0.0
320.9786329625
0.0
0.0
0.0
0.0
0.0
0.5174653677790535
0.0
0.6498241443898327
0.0
0.7270394805674507
0.0
0.8540596638010634
0.0
0.9172819714033889
0.0
0.9975373851882834
0.0
0.8774723397013373
0.0
110.0
41.55
41.55
7.43
0.0
0.0
0.0
0.0
0.5397906689665852
0.0
0.0
0.0
0.0
0.0
0.0
0.0
0.0
0.0
77.15365364
169.89589453750003
0.0
0.0
0.0
0.0
0.0
0.0
0.0
0.0
0.0
0.0
0.4950613945736855
0.0
0.5765650114030709
0.0
0.5450032120142478
0.0
0.36
0.36
0.48
0.48
0.48
0.48
0.28
0.19
0.19
0.19
0.56
0.56
3.75
0.69
0.69
0.36
0.9
0.9
0.32
0.27
0.18
0.9
0.56
0.0
0.0
0.0
0.0
0.0
0.0
0.0
0.0
0.0
0.0
0.0
0.0
0.0
0.0
0.0
0.0
0.0
0.0
0.0
0.0
0.0
0.0
0.0
0.0
0.0
0.3350529479412083
0.0
432.46655439375
0.0
0.11482939272148096
0.0
0.0
200.72915978749998
0.0
0.0
0.09472779836897605
0.0
0.13189149523346888
0.0
0.0
0.0
640.1
0.0
0.0
0.0
0.0
0.0
0.0
0.0
0.0
0.0
0.0
0.0
0.0
0.0
0.0
0.0
-0.3657919733454822
0.0
0.13174464552643528
0.0
0.1444807366015164
0.0
225.13218993750002
0.0
0.15247451114771504
0.0
0.0
0.0
0.0
0.0
0.0
0.0
0.0
0.0
0.0
0.0
0.0
0.0
0.0
0.0
0.0
0.0
0.0
0.0
0.15247451114771504
0.0
0.0
0.0
0.0
0.0
0.0
1.35
4.65
0.0
128.93864521875
0.0
0.0
0.0
0.0
0.0
0.0
0.0
0.0
0.0
0.13357783159844727
0.0
619.0
0.0
2.458226722743637
0.0
2.828773160703636
0.0
2.8380934814278866
0.0
40.71
27.07
0.0
0.0
1.2523556305627501
0.0
3.019510665175236
0.0
1.6050784633050732
0.0
-138.45702192036975
-191.78317968413825
-367.7689069550652
-305.5235417485251
307.2137592542756
-29.492156654428072
-1028.6149969497421
1198.5567552098337
-1028.6149969497421
173.49202677829294
218.05054725196806
-208.20193416930306
-267.95460103886245
-138.78908186840317
-152.52402146872504
146.4724697858005
54.41788990013754
-73.66732361784932
-36.2243243850196
21.16860605272541
-465.93967776873615
-140.71862359490694
342.1507716852109
77.1445037146973
51.09332732931898
18.2810679914528
-65.47279517573486
-156.115009460892
-220.8943105191716
-288.6232118066109
-348.31295398457496
237.04014814567563
467.9871941611009
127.48074729580799
17.38036009873531
715.9499235662088
-169.94175826009177
440.75985185432455
176.72458310859338
-138.04113424091594
370.72074812943606
-138.49933375500893
-75.13608038517987
-204.15846788474698
-230.6590639274326
12.224641150871093
-52.27455563398928
-232.0779346885563
23.241467671548662
-223.3899383241578
368.67092373132436
-64.26435546678454
-74.80714944859415
-445.1318299719742
-95.13354427500047
-80.5242297495015
-112.0388009678502
-122.82644879945485
-116.83513559381566
-96.2556756868164
-135.12798861064107
-79.02297903015449
-62.53673073875473
-41.0687384401366
-48.77655080801969
-134.86873440862945
-134.86873440862945
-116.70008164726522
-63.934805237309774
2.3199581586003433
4.097194743475825
10.381217240777573
-10.198242666221745
-36.4942176940898
-17.121024154249426
-17.00335388819167
1.2776421162766383
-15.693763566632356
-15.907598652314505
30.835835435223316
-17.11619830331199
39.43981609112541
-25.72017895921408
-26.23584721202519
-23.37053515368757
-24.54395114238514
-28.295686115991202
-37.825012128963635
-46.314962243582045
-108.34204276296873
-18.660623350815513
11.057356574805453
92.34104482191287
-92.34104482191287
-57.31563841864454
-813.8027537032985
-35.025406403268335
-205.25031774500167
-205.25031774500167
-6.271379458052252
8.613762142308133
-38.64043110538569
23.39872800642854
-167.27772900118111
-52.63248864542743
-35.71842876552296
230.71570247696786
413.89608235830065
-74.52634567438031
62.142384565918064
-88.14238456591806
62.142384565918064
0.0
8.839146218316273
-108.59494894668842
305.3517594837708
-405.9435183240062
-197.47993802530948
-168.54725274605516
-271.5166943002231
4.039013414565261
-77.13551855921276
-214.46220085276718
-99.06111182940276
-121.72434449934008
-330.2134314781488
-330.2134314781488
-295.45108332689324
-484.40715301316595
-235.97806771667797
-332.7591557975127
-282.3595961450652
-970.3817554099105
-1058.928328495334
168.5843429416252
85.48257968708708
-33.807818735615
102.30869990973633
192.91911316036067
-33.65944495215638
240.3688037492716
76.77814413210353
-33.65944495215638
156.08346298191236
132.64184353589928
105.48543196912624
292.67323320156447
-81.83333318016275
-1.7567166246108172
218.921163181079
-73.53453171051365
-174.76509080672122
-255.54755767334177
-7.594567187197072
-399.96221722263056
115.58008703071732
90.68408338681809
-213.63739952141367
-55.0175576733418
64.58289764273468
49.26269094908196
-28.180178027087777
-304.7779936237687
-186.38823619013226
-139.03002223178441
-147.89239974045563
-158.58947569172176
-53.17882104837065
67.94094491140208
-251.65014846325016
52.65554362110993
-271.9581795355658
44.222538452312165
-100.70514990574975
10.490517777121454
0.0
-29.52606179573104
-479.09537555108926
-139.90462444891068
141.4053109493767
52.81056723311451
89.61846849881692
-67.77999999999997
129.4975791184927
-224.3580327588047
262.0870401329762
3.141592653589793
0.0
3.003265692765293
0.0
3.06024808274626
0.0
0.0
0.0
0.0
0.0
0.0
0.0
0.0
0.0
0.0
0.0
0.0
0.0
2.7595119066473295
0.0
2.7301498522619783
0.0
0.0
0.0
0.0
0.0
0.0
0.0
0.0
0.0
0.0
0.0
2.8961352666465476
0.0
2.8900195201996466
0.0
0.0
0.0
0.0
0.0
0.0
0.0
2.4099696001888953
0.0
2.0959346057124506
0.0
554.6229328383579
0.0
475.0
0.0
0.0
0.0
0.0
0.0
0.0
0.0
0.0
0.0
0.0
0.0
1.7643960213265641
0.0
2.878965337375192
0.0
0.9
0.9
0.26
0.26
0.6
0.27
0.27
0.27
0.14
0.14
0.14
0.31
0.13
0.13
0.13
0.13
0.09
0.09
0.09
0.09
0.2
0.2
0.2
1.9
1.9
1.9
1.9
1.9
1.9
0.57
1.38
0.9
0.9
1.38
0.9
0.0
0.0
170.0
0.0
0.0
943.5
140.0
0.0
0.0
0.0
0.0
0.0
0.0
0.0
0.0
0.0
0.0
0.0
0.0
0.0
0.0
0.0
0.0
0.0
0.0
0.0
0.0
0.0
0.0
0.0
0.0
0.0
0.0
0.0
0.0
0.0
0.0
0.0
0.0
0.0
0.0
0.0
0.0
0.0
0.0
0.0
0.0
0.0
0.0
2.8381822133523977
0.0
2.9860787807898257
0.0
2.8766757587514586
0.0
40.450257351875
0.0
2.806053279400613
0.0
2.8558520141362944
0.0
2.6023837917893555
0.0
0.0
0.0
0.0
20.0
104.37018408875001
0.0
0.0
0.0
0.0
0.0
2.7749346173597207
0.0
0.0
16.559592574375
0.0
0.0
2.8131289350355146
0.0
2.873052232294935
0.0
2.8175477335211214
0.0
2.6661896166577455
0.0
2.315064460169734
0.0
62.6
4.6
30.4
3.3232612493750002
13.9824605175
7.0179518634999996
3.7345904165625003
0.492216501875
0.0
0.0
0.0
0.0
0.0
0.0
0.0
0.0
2.1728848037404127
0.0
0.0
0.0
522.3
0.0
0.0
0.0
56.96
0.0
0.0
0.0
0.0
0.0
0.0
0.0
2.0363480533339553
0.0
0.0
677.8
0.0
0.0
0.0
0.0
0.0
0.0
0.0
0.0
0.0
0.0
0.0
0.0
1.94569481218217
0.0
10.2004554315625
3.806837988625
7.419137780749999
7.5073624771875
7.322987768312499
2.8278377804374997
0.0
0.0
0.0
0.0
0.0
0.0
2.7994759782749083
0.0
2.908346540709209
0.0
2.924574052554499
0.0
2.324514363419164
0.0
70.42006968062502
31.680117746875002
0.0
0.0
2.8788137338461635
0.0
0.8
223.5311902125
0.0
0.0
2.743073778184578
0.0
2.5519970048953446
0.0
0.6
0.6
0.6
2.25
0.0
0.1
0.4
0.48
0.24
0.49
0.05
0.05
0.0
0.0
0.0
0.0
0.0
0.0
0.0
0.0
0.0
0.0
0.0
0.0
0.0
0.0
2.2433575820861247
0.0
2.248336735642609
0.0
0.0
0.0
2.16
0.0
0.0
0.0
2.2495837988066976
0.0
2.222359703163921
0.0
2.0840931272581624
0.0
2.1542350937542283
0.0
0.0
0.0
2.096680687462035
0.0
2.057465075361245
0.0
0.0
7.43
0.0
0.0
1.8916604146459424
0.0
2.081549110086513
0.0
1.794842306108822
0.0
1.6730978559559526
0.0
0.0
7.43
0.0
0.0
1.5659426870302768
0.0
1.4865118868723481
0.0
1.4883489972545103
0.0
0.0
42.69
0.0
82.0
0.0
0.0
0.0
0.0
1.4560713364121796
0.0
1.4578880996416093
0.0
1.4618510398671454
0.0
1.467981525883184
0.0
1.4513876310333353
0.0
0.0
0.0
158.32411184375
0.0
0.0
0.0
1.4069312436168806
0.0
0.0
0.0
22.0
4.386110522749999
0.0
0.0
0.0
0.0
1.4078092688860906
0.0
75.0
75.0
0.0
0.0
0.0
0.0
1.405398350360259
0.0
1.435086399354864
0.0
1.44341635600684
0.0
97.98
97.98
46.7
0.0
0.0
0.0
1.3464816693318653
0.0
1.291523921087757
0.0
97.98
97.98
27.07
0.0
0.0
0.0
1.276893063486943
0.0
0.0
97.98
0.0
0.0
1.2810420696398204
0.0
1.3107457351933993
0.0
1.2922297071433064
0.0
636.0
6.91
0.0
0.0
0.0
0.0
0.0
0.0
1.2815528420436895
0.0
446.39999999999986
77.0
0.0
0.0
1.267343282327614
0.0
1.2911019884901203
0.0
1.254676838353432
0.0
74.05
74.05
87.71
87.71
84.39739694500001
0.0
0.0
0.0
0.0
0.0
1.3401022367752446
0.0
25.6
0.0
1.8658718095704527
0.0
1.8879614360450283
0.0
26.0
0.0
1.9999651758892325
0.0
1.8879614360450283
0.0
0.0
0.0
1.8774869811092385
0.0
1.712611098154194
0.0
77.0
60.8
4.3904977375000005
0.0
0.0
0.0
1.4620154564441252
0.0
60.8
41.55
0.0
0.0
0.0
0.0
0.0
0.0
1.1693857147245215
0.0
1.1698759213440084
0.0
1.1510380665925393
0.0
140.0
27.07
80.67
80.67
0.0
0.0
0.0
0.0
1.0653022367953788
0.0
1.1877997937468345
0.0
32.055005104375
5.329451384625001
0.0081772475
0.0
0.0
0.0
0.9168161473982979
0.0
0.7392656436420619
0.0
0.4277794275303535
0.0
0.0
0.0
0.0
0.0
0.0
0.0
0.0
0.0
0.246812510461353
0.0
-0.9462960915156389
0.0
540.4843596270391
518.0
0.0
0.0
-3.141592653589793
0.0
0.4186154722516826
0.0
186.4999999999999
374.2
0.0
0.0
0.39455008722003626
0.0
0.0
0.0
0.0
0.0
0.0
0.0
0.0
0.0
0.5867719823833273
0.0
0.0
0.0
0.0
0.0
0.0
0.0
0.5586955755811411
0.0
0.0
0.0
0.0
0.0
320.26832691249996
0.0
0.0
0.0
0.0
0.0
0.5159764494342403
0.0
0.6482778442972257
0.0
0.7254725963927635
0.0
0.8525319984072803
0.0
0.9158794485440334
0.0
0.9963697503670215
0.0
0.8762493635673962
0.0
110.0
41.55
41.55
7.43
0.0
0.0
0.0
0.0
0.5383005203794058
0.0
0.0
0.0
0.0
0.0
0.0
0.0
0.0
0.0
76.99381707
172.3955066375
0.0
0.0
0.0
0.0
0.0
0.0
0.0
0.0
0.0
0.0
0.49334481064541613
0.0
0.574889931752609
0.0
0.5434461694179862
0.0
0.36
0.36
0.48
0.48
0.48
0.48
0.28
0.19
0.19
0.19
0.56
0.56
3.75
0.69
0.69
0.36
0.9
0.9
0.32
0.27
0.18
0.9
0.56
0.0
0.0
0.0
0.0
0.0
0.0
0.0
0.0
0.0
0.0
0.0
0.0
0.0
0.0
0.0
0.0
0.0
0.0
0.0
0.0
0.0
0.0
0.0
0.0
0.0
0.33377963001771516
0.0
432.02887876875
0.0
0.11391688715023784
0.0
0.0
199.6138702625
0.0
0.0
0.09393228290355005
0.0
0.1308637365123846
0.0
0.0
0.0
640.1
0.0
0.0
0.0
0.0
0.0
0.0
0.0
0.0
0.0
0.0
0.0
0.0
0.0
0.0
0.0
-0.36678691983260103
0.0
0.13103627258610784
0.0
0.14380996183371852
0.0
224.3726035125
0.0
0.15192330466500747
0.0
0.0
0.0
0.0
0.0
0.0
0.0
0.0
0.0
0.0
0.0
0.0
0.0
0.0
0.0
0.0
0.0
0.0
0.0
0.15192330466500747
0.0
0.0
0.0
0.0
0.0
0.0
1.35
4.65
0.0
128.93210501875
0.0
0.0
0.0
0.0
0.0
0.0
0.0
0.0
0.0
0.1329780817347328
0.0
619.0
0.0
2.4582911774090697
0.0
2.829491449578816
0.0
2.8387897404892453
0.0
40.71
27.07
0.0
0.0
1.2519317483529102
0.0
3.0195203424492663
0.0
1.6046440350548519
0.0
-138.46542625061295
-191.8504029297918
-367.9455436525327
-305.64650969910963
307.3803970330522
-29.402627150436274
-1029.6229328383579
1199.176974037291
-1029.6229328383579
173.62417255845503
218.20452365259644
-208.07716336828526
-267.9926613223955
-138.79116837116408
-152.46266721913514
146.53001834169504
54.44631598164381
-73.66018878763884
-36.21665607590751
21.186811484660666
-466.06290062044536
-140.73749159826951
341.68480314380304
77.47326100860982
51.21649338406803
17.958516839921685
-65.37632367008644
-156.0392957276377
-220.8334317499329
-288.98304149411365
-348.39550854472327
237.31214960108832
468.17664105636504
127.33399112130508
17.208390078829666
716.1583206448586
-169.55404119893313
440.48785039891163
176.85856817038473
-138.2486969924213
371.2136322601266
-137.80706153162134
-74.70490076732676
-204.22530104916973
-230.6766611158813
12.22610945230997
-52.26767099346921
-232.13894487710633
23.232151945035525
-223.38169061261442
368.71086912811097
-64.26849944207743
-74.80893791300105
-445.22451144488014
-95.13125007069254
-80.52487082982316
-112.03293595858008
-122.81826718976527
-116.83243845579602
-96.25727066867688
-135.12147625499898
-79.02298592871114
-62.54393713197783
-41.054862315179435
-48.70488073626882
-134.85729975414398
-134.85729975414398
-116.68092448543291
-63.91616009021493
2.4159085496955868
4.218761645964719
10.4259966252489
-10.1491711618703
-36.439661814652936
-17.003492314468076
-16.886629827356956
1.2419027853022726
-16.051238291554796
-15.966347852485569
30.73296996270858
-17.016194243465407
39.35611349168846
-25.639337772445288
-26.362657778345806
-23.47278128609537
-24.65133097180751
-28.418720834061332
-37.90189534000626
-46.39240389893416
-108.3767229630289
-18.68422717682131
11.034590831766309
92.58014025046486
-92.58014025046486
-57.226282306271514
-813.9353805729912
-35.35385794419335
-205.36240926483651
-205.36240926483651
-6.283847390505571
8.59822123956451
-38.40421545307754
23.407592278881566
-167.9750230641082
-52.70325777377673
-35.79293198570622
230.87945521948336
413.99178960087056
-74.60826102687633
62.22429991842489
-88.22429991842489
62.22429991842489
0.0
8.779419152346463
-108.69554001827032
305.33513226011837
-406.09823384774387
-197.72279846630943
-169.02625945599198
-271.74856601818897
3.953279189398927
-77.20432275686528
-214.60510912152313
-99.12712183926124
-121.78384910472369
-331.0744782835916
-331.0744782835916
-296.09562417578826
-484.44885055341706
-235.97440615278492
-332.73860351245787
-282.31968332519995
-970.0069934995395
-1058.4843596270393
168.43427627142978
85.3974432159298
-33.799698077614494
102.2456889133723
192.80029603582852
-33.5842186684099
240.44824203236954
76.80351815674476
-33.5842186684099
156.01579582649617
132.59249807395418
105.45731163840708
292.7635990561646
-82.10043311252389
-1.767356328959977
219.11030163367354
-73.80351869002288
-175.04895668767494
-255.8260759280373
-7.6717419612391495
-400.2203202460429
115.80886680116498
90.94949359939483
-213.91315806574266
-55.296075928037226
64.61578534305568
49.14082287848862
-28.0747878001182
-303.9336774240892
-185.99408013279174
-138.8022366558738
-147.5983674585607
-158.28867865802152
-52.869323413874895
67.51636857562312
-251.75912716362257
52.77950169382325
-271.9402493530721
44.353087662475104
-100.30685346850277
10.647431537082412
0.0
-29.601910828553855
-478.71300455502734
-140.28699544497272
141.20534540638562
53.055009723479884
89.40664336593079
-67.77999999999997
129.52723507178257
-224.4637486470557
262.18488713529246
3.141592653589793
0.0
3.0032941057629747
0.0
3.060200237717007
0.0
0.0
0.0
0.0
0.0
0.0
0.0
0.0
0.0
0.0
0.0
0.0
0.0
2.7592527239168465
0.0
2.7298608960804316
0.0
0.0
0.0
0.0
0.0
0.0
0.0
0.0
0.0
0.0
0.0
2.896031116441594
0.0
2.88996865547929
0.0
0.0
0.0
0.0
0.0
0.0
0.0
2.4093312649452043
0.0
2.094362377436158
0.0
557.6848772079252
0.0
475.0
0.0
0.0
0.0
0.0
0.0
0.0
0.0
0.0
0.0
0.0
0.0
1.7618378469632354
0.0
2.8789286874795064
0.0
0.9
0.9
0.26
0.26
0.6
0.27
0.27
0.27
0.14
0.14
0.14
0.31
0.13
0.13
0.13
0.13
0.09
0.09
0.09
0.09
0.2
0.2
0.2
1.9
1.9
1.9
1.9
1.9
1.9
0.57
1.38
0.9
0.9
1.38
0.9
0.0
0.0
170.0
0.0
0.0
943.5
140.0
0.0
0.0
0.0
0.0
0.0
0.0
0.0
0.0
0.0
0.0
0.0
0.0
0.0
0.0
0.0
0.0
0.0
0.0
0.0
0.0
0.0
0.0
0.0
0.0
0.0
0.0
0.0
0.0
0.0
0.0
0.0
0.0
0.0
0.0
0.0
0.0
0.0
0.0
0.0
0.0
0.0
0.0
2.8382077590564743
0.0
2.9862323595279854
0.0
2.876880038420964
0.0
39.96088650625
0.0
2.8067053579198147
0.0
2.8560607046416386
0.0
2.602913463742725
0.0
0.0
0.0
0.0
20.0
105.29357003125
0.0
0.0
0.0
0.0
0.0
2.7753425019056603
0.0
0.0
16.031485441875
0.0
0.0
2.8138242062132726
0.0
2.873909069581565
0.0
2.818496517075694
0.0
2.6672209799520417
0.0
2.316204862302925
0.0
62.6
4.6
30.4
3.410249214
14.110555646875
7.0179490491875
3.7345869821875
0.5026226549375
0.0
0.0
0.0
0.0
0.0
0.0
0.0
0.0
2.1738722361094593
0.0
0.0
0.0
522.3
0.0
0.0
0.0
56.96
0.0
0.0
0.0
0.0
0.0
0.0
0.0
2.037295725590077
0.0
0.0
677.8
0.0
0.0
0.0
0.0
0.0
0.0
0.0
0.0
0.0
0.0
0.0
0.0
1.9464264823268262
0.0
10.265579735
3.9464234035625
7.413469018374999
7.540084951687501
7.3550114948125
2.8928364212499997
0.0
0.0
0.0
0.0
0.0
0.0
2.800952647808799
0.0
2.909645279371654
0.0
2.9256500121700517
0.0
2.3247597460879055
0.0
71.09286436687502
31.934205739375
0.0
0.0
2.879798348513048
0.0
0.8
220.87684925624998
0.0
0.0
2.7449161515277627
0.0
2.5526065118775474
0.0
0.6
0.6
0.6
2.25
0.0
0.1
0.4
0.48
0.24
0.49
0.05
0.05
0.0
0.0
0.0
0.0
0.0
0.0
0.0
0.0
0.0
0.0
0.0
0.0
0.0
0.0
2.2439340273719184
0.0
2.248907130576045
0.0
0.0
0.0
2.16
0.0
0.0
0.0
2.2501552535653815
0.0
2.222929288337209
0.0
2.0845843469037284
0.0
2.154859950145971
0.0
0.0
0.0
2.0973411756132947
0.0
2.0581525711707656
0.0
0.0
7.43
0.0
0.0
1.8924352703808491
0.0
2.082224999402519
0.0
1.7956744159277074
0.0
1.6739909285184957
0.0
0.0
7.43
0.0
0.0
1.5668709992968761
0.0
1.4874479472003141
0.0
1.489328131737679
0.0
0.0
42.69
0.0
82.0
0.0
0.0
0.0
0.0
1.4570665764282626
0.0
1.4590006045256025
0.0
1.4631160386169206
0.0
1.4692891138388635
0.0
1.4528210036210822
0.0
0.0
0.0
157.09016895624998
0.0
0.0
0.0
1.4084654917721444
0.0
0.0
0.0
22.0
4.1281557931875
0.0
0.0
0.0
0.0
1.4093101918531445
0.0
75.0
75.0
0.0
0.0
0.0
0.0
1.4068831505029298
0.0
1.4364135576255972
0.0
1.444773908271145
0.0
97.98
97.98
46.7
0.0
0.0
0.0
1.3475886266317572
0.0
1.2924600040455294
0.0
97.98
97.98
27.07
0.0
0.0
0.0
1.2778210483201065
0.0
0.0
97.98
0.0
0.0
1.281956638166517
0.0
1.3117094492954973
0.0
1.2931192019719386
0.0
636.0
6.91
0.0
0.0
0.0
0.0
0.0
0.0
1.282286892704569
0.0
446.4
77.0
0.0
0.0
1.2682016289388036
0.0
1.2919826458255494
0.0
1.2553141895154472
0.0
74.05
74.05
87.71
87.71
83.94592776
0.0
0.0
0.0
0.0
0.0
1.3408158261799752
0.0
25.6
0.0
1.86668346733528
0.0
1.8887882578401118
0.0
26.0
0.0
2.0008688857250387
0.0
1.8887882578401118
0.0
0.0
0.0
1.8782507537200441
0.0
1.7133171368392466
0.0
77.0
60.8
4.1322849883125
0.0
0.0
0.0
1.4626685085871598
0.0
60.8
41.55
0.0
0.0
0.0
0.0
0.0
0.0
1.1696110072327448
0.0
1.1700925149834775
0.0
1.1512418759069387
0.0
140.0
27.07
80.67
80.67
0.0
0.0
0.0
0.0
1.0654760270467367
0.0
1.1882734398320078
0.0
32.037122238125
5.698243515000001
0.003273098500000002
0.0
0.0
0.0
0.9163826391053407
0.0
0.7387206309476522
0.0
0.4270961185902973
0.0
0.0
0.0
0.0
0.0
0.0
0.0
0.0
0.0
0.2460901128751387
0.0
-0.9468141034650852
0.0
540.2345949455553
518.0
0.0
0.0
-3.141592653589793
0.0
0.41772481909387205
0.0
186.5
374.2
0.0
0.0
0.3936780340266832
0.0
0.0
0.0
0.0
0.0
0.0
0.0
0.0
0.0
0.5857594272037514
0.0
0.0
0.0
0.0
0.0
0.0
0.0
0.5577623109194114
0.0
0.0
0.0
0.0
0.0
320.3781603375
0.0
0.0
0.0
0.0
0.0
0.515163827761409
0.0
0.6476037868790883
0.0
0.7249531163163607
0.0
0.8520318696671758
0.0
0.9154951652836321
0.0
0.9962552824194439
0.0
0.8762255051346548
0.0
110.0
41.55
41.55
7.43
0.0
0.0
0.0
0.0
0.5381086217385951
0.0
0.0
0.0
0.0
0.0
0.0
0.0
0.0
0.0
76.47968159624999
175.25672641875
0.0
0.0
0.0
0.0
0.0
0.0
0.0
0.0
0.0
0.0
0.493008589155401
0.0
0.5742814123611826
0.0
0.5426940787622523
0.0
0.36
0.36
0.48
0.48
0.48
0.48
0.28
0.19
0.19
0.19
0.56
0.56
3.75
0.69
0.69
0.36
0.9
0.9
0.32
0.27
0.18
0.9
0.56
0.0
0.0
0.0
0.0
0.0
0.0
0.0
0.0
0.0
0.0
0.0
0.0
0.0
0.0
0.0
0.0
0.0
0.0
0.0
0.0
0.0
0.0
0.0
0.0
0.0
0.33426019579874344
0.0
431.67456751875
0.0
0.1149905137783831
0.0
0.0
197.38123330624998
0.0
0.0
0.09533192300874882
0.0
0.1318756061224131
0.0
0.0
0.0
640.0999999999999
0.0
0.0
0.0
0.0
0.0
0.0
0.0
0.0
0.0
0.0
0.0
0.0
0.0
0.0
0.0
-0.3656817972961037
0.0
0.1325685442954656
0.0
0.14539886206724528
0.0
223.15984588125002
0.0
0.15368630168939612
0.0
0.0
0.0
0.0
0.0
0.0
0.0
0.0
0.0
0.0
0.0
0.0
0.0
0.0
0.0
0.0
0.0
0.0
0.0
0.15368630168939612
0.0
0.0
0.0
0.0
0.0
0.0
1.35
4.65
0.0
128.954262725
0.0
0.0
0.0
0.0
0.0
0.0
0.0
0.0
0.0
0.1346632044981506
0.0
619.0
0.0
2.4589903573497107
0.0
2.8311962397974124
0.0
2.8404697740937284
0.0
40.71
27.07
0.0
0.0
1.2525690995149263
0.0
3.019592222744487
0.0
1.6053231018825898
0.0
-138.43698481149164
-191.9632449799144
-368.31864454302854
-305.8697607660424
307.7226303230657
-29.146446936009283
-1032.6848772079252
1200.4855098505573
-1032.6848772079252
173.94762144622473
218.57447421842062
-207.75983887972689
-267.9973160198065
-138.74529916283336
-152.23793067665508
146.79024903093273
54.699122156225485
-73.4562199737835
-35.987015640175855
21.406409567644687
-466.3430071783596
-140.55926758491466
341.44363996075015
78.056195353092
51.35458407541205
18.068142876869388
-65.26802417894658
-155.95416197534792
-220.76485386383683
-289.2939556488466
-348.63642089105974
237.8776001546364
468.50117926357643
127.12588483896229
16.972145066236294
716.8910249867877
-167.80063264263214
439.92239984536354
177.14963836456593
-138.52466360469043
371.82245377787444
-136.93624054079254
-74.22052486107077
-204.2595225419334
-230.72476876445046
12.2364998959182
-52.269300289539956
-232.1670588270452
23.21353057522151
-223.4546705328487
368.9198438687299
-64.21635678316034
-74.75482899754616
-444.7692577840562
-95.072354600415
-80.46941362601046
-111.9704400112355
-122.75355613392708
-116.76877891917184
-96.19811300644653
-135.0538150522981
-78.99699794637024
-62.53783629625525
-41.02797225350241
-48.610193235282736
-134.78906932653962
-134.78906932653962
-116.62599574697066
-63.88426794582688
2.5718458740395818
4.415665831141837
10.498427247531367
-10.072238665193936
-36.356976923250386
-16.816984307855478
-16.70140366268106
1.1947667340868975
-16.569018528214656
-16.073121523897385
30.56977961914731
-16.856005148886197
39.22438690957654
-25.51061243931531
-26.549003550424686
-23.623316283217378
-24.80942421144823
-28.601281384199865
-38.01973971387963
-46.51171887675957
-108.43670907124351
-18.722577321334484
10.998909165634359
92.95123661779166
-92.95123661779166
-57.08266288636332
-813.6891016527859
-35.86857373142834
-205.5113683561474
-205.5113683561474
-6.309637260002546
8.569237315403143
-38.06828045220254
23.429573287984226
-168.57939493201206
-52.78334089949044
-35.87986118673825
231.08550452414397
414.0690087820476
-74.6509766050525
62.26701549660652
-88.26701549660658
62.26701549660652
0.0
8.743224780449623
-108.77044716705086
305.32894314562805
-406.24043563530347
-198.01182524659828
-169.50972172976208
-271.9890593532896
3.883127022025974
-77.2567175317422
-214.7112993418591
-99.17617160770578
-121.82648981925797
-331.8848994561563
-331.8848994561563
-296.86795805788637
-484.75309175787993
-236.07917603585332
-332.8584581690863
-282.3806640524159
-969.8408263151719
-1058.2345949455553
168.26931982868177
85.31093708463277
-33.77357453202853
102.17095381432
192.65937127533562
-33.48937355135308
240.56592821163258
76.84110925131631
-33.48937355135308
156.1791970702361
132.77803072991992
105.66848287034975
292.80818738864093
-82.40706691022103
-1.6744789090350878
219.26587909740113
-74.11214631213556
-175.23196472850213
-256.00359480772937
-7.510250373866484
-399.9043571660703
116.02065012787375
91.25436965912911
-214.08766256702006
-55.47359480772934
64.40001838473768
49.249107345589096
-28.202976428969805
-302.37789214571603
-185.30297811412981
-138.4278295554293
-147.03278325905734
-157.69999258814352
-52.00685389769842
66.80746456247573
-251.9200657257452
52.968166849141426
-271.88929146975875
44.54971448249364
-99.59950032826055
10.875905015902731
0.0
-29.723589361321046
-478.1498550956896
-140.85014490431035
140.98053637929388
53.32945516281052
89.16859899946053
-67.77999999999997
129.5603312083149
-224.51982319448933
262.2327082468745
